entity,start_date,end_date,context,AARSRAPPORT_pdf,AARSRAPPORT_xml,AddressOfAuditorPostcodeAndTown,AddressOfAuditorStreetAndNumber,AddressOfReportingEntityPostcodeAndTown,AddressOfReportingEntityStreetAndNumber,AddressOfSubmittingEnterprisePostcodeAndTown,AddressOfSubmittingEnterpriseStreetAndNumber,AddresseeOfAuditorsReportOnReviewOfFinancialStatements,ClassOfReportingEntity,ConfirmationThatAnnualReportIsPresentedInAccordanceWithRequirementsProvidedForByLegislationAnyStandardsAndRequirementsProvidedByArticlesOfAssociationOrByAgreement,ConfirmationThatFinancialStatementGivesTrueAndFairViewOfAssetsLiabilitiesEquityFinancialPositionAndResults,DateOfApprovalOfAnnualReport,DateOfGeneralMeeting,DepreciationAmortisationExpenseAndImpairmentLossesOfPropertyPlantAndEquipmentAndIntangibleAssetsRecognisedInProfitOrLoss,DescriptionOfAuditor,DescriptionOfGeneralMattersRelatedToRecognitionMeasurementAndChangesInAccountingPolicies,DescriptionOfMethodsOfDividends,DescriptionOfMethodsOfRecognitionAndMeasurementBasisOfAssetsAndLiabilities,DescriptionOfMethodsOfRecognitionAndMeasurementBasisOfDeferredIncomeAssets,DescriptionOfMethodsOfRecognitionAndMeasurementBasisOfEmployeeBenefitExpense,DescriptionOfMethodsOfRecognitionAndMeasurementBasisOfExternalExpenses,DescriptionOfMethodsOfRecognitionAndMeasurementBasisOfFinanceIncomeAndExpenses,DescriptionOfMethodsOfRecognitionAndMeasurementBasisOfIncomeStatementItems,DescriptionOfMethodsOfRecognitionAndMeasurementBasisOfIntangibleAssets,DescriptionOfMethodsOfRecognitionAndMeasurementBasisOfLiabilitiesOtherThanProvisions,DescriptionOfMethodsOfRecognitionAndMeasurementBasisOfMaterialConsumption,DescriptionOfMethodsOfRecognitionAndMeasurementBasisOfReceivables,DescriptionOfMethodsOfRecognitionAndMeasurementBasisOfRevenue,DescriptionOfMethodsOfRecognitionAndMeasurementBasisOfTaxExpenses,DescriptionOfMethodsOfRecognitionAndMeasurementBasisOfTaxPayablesAndDeferredTax,DescriptionOfMethodsOfTranslationOfForeignCurrencies,DescriptionOfPrimaryActivitiesOfEntity,DisclosureOfContingentLiabilities,DisclosureOfEmployeeBenefitsExpense,DisclosureOfEquity,DisclosureOfMortgagesAndCollaterals,DisclosureOfOwnership,EmployeeBenefitsExpense,GrossProfitLoss,IdentificationNumberCvrOfReportingEntity,IdentificationOfApprovedAnnualReport,IdentificationOfAuditedFinancialStatements,InformationOnReportingClassOfEntity,InformationOnTypeOfSubmittedReport,NameAndSurnameOfAuditor,NameAndSurnameOfChairmanOfGeneralMeeting,NameAndSurnameOfMemberOfExecutiveBoard,NameOfReportingEntity,NameOfSubmittingEnterprise,OpinionOnAuditedFinancialStatements,OtherFinanceIncome,PlaceOfSignatureOfStatement,ProfitLoss,ProfitLossFromOrdinaryOperatingActivities,RecommendationForApprovalOfAnnualReportByGeneralMeeting,ReportingPeriodEndDate,ReportingPeriodStartDate,RestOfOtherFinanceExpenses,SignatureOfAuditorsDate,SignatureOfAuditorsPlace,StatementOfAuditorsResponsibilityForAuditAndAuditPerformed,StatementOfExecutiveAndSupervisoryBoardsResponsibilityForFinancialStatements,StatementOnOptingOutOfAuditingFinancialStatementsInNextReportingPeriodDueToExemption,TaxExpense,TelephoneNumberOfReportingEntity,_id,_index,_score,cvrNummer,indlaesningsId,indlaesningsTidspunkt,offentliggoerelsesTidspunkt,offentliggoerelsestype,omgoerelse,regNummer,regnskabsperiode_slutDato,regnskabsperiode_startDato,sagsNummer,sidstOpdateret,Assets,CashAndCashEquivalents,ContractWorkInProgress,ContributedCapital,CurrentAssets,DeferredIncomeAssets,Equity,FixturesFittingsToolsAndEquipment,Goodwill,IntangibleAssets,LiabilitiesAndEquity,LiabilitiesOtherThanProvisions,NoncurrentAssets,OtherShorttermPayables,PropertyPlantAndEquipment,ProposedDividendRecognisedInEquity,Provisions,ProvisionsForDeferredTax,SharePremium,ShorttermInvestments,ShorttermLiabilitiesOtherThanProvisions,ShorttermPayablesToGroupEnterprises,ShorttermPayablesToShareholdersAndManagement,ShorttermReceivables,ShorttermReceivablesFromGroupEnterprises,ShorttermTaxPayables,ShorttermTradePayables,ShorttermTradeReceivables,NameOfAuditFirm
32268919,2011-07-01,2012-06-30,Per01072011_30062012,http://regnskaber.virk.dk/91986223/Y3ZyLmRrOi8vcGRmcy8zMjI2ODkxOTtBcFM0NTc2NjA7MjAxMjA3MDE7MjAxMzA2MzA7UjtS.pdf,http://regnskaber.virk.dk/91986223/Y3ZyLmRrOi8veGJybHMvWC05QjQ0QTQ4Ny0yMDEzMTIwMl8xMzU5MzJfMTY0.xml,3400 HillerÃ¸d,Milnersvej 7,3400  HillerÃ¸d,BrÃ¸deskovparken 2,3400 HillerÃ¸d,Milnersvej 7,Til kapitalejerne af TÃ¸mrerfirmaet Tag-Kvisten ApS,Regnskabsklasse B,Ãrsrapporten aflÃ¦gges i overensstemmelse med Ã¥rsregnskabsloven.,"Det er min opfattelse, at Ã¥rsregnskabet giver et retvisende billede af selskabets aktiver, passiver og finansielle stilling pr. 30. juni 2013 samt af resultatet af selskabets aktiviteter for perioden 1. juli 2012 - 30. juni 2013.<br xmlns=""http://www.w3.org/1999/xhtml""/>",2013-11-27,2013-11-29,74000.0,Registreret revisor,"Generelt om indregning og mÃ¥ling<br xmlns=""http://www.w3.org/1999/xhtml""/>Regnskabet er udarbejdet med udgangspunkt i det historiske kostprisprincip.<br xmlns=""http://www.w3.org/1999/xhtml""/>IndtÃ¦gter indregnes i resultatopgÃ¸relsen i takt med at de indtjenes. Herudover indregnes vÃ¦rdireguleringer af finansielle aktiver og forpligtelser, der mÃ¥les til dagsvÃ¦rdi eller amortiseret kostpris. Endvidere indregnes i resultatopgÃ¸relsen alle omkostninger, der er afholdt for at opnÃ¥ Ã¥rets indtjening, herunder afskrivninger, nedskrivninger og hensatte forpligtelser samt tilbagefÃ¸rsler som fÃ¸lge af Ã¦ndrede regnskabsmÃ¦ssige skÃ¸n af belÃ¸b, der tidligere har vÃ¦ret indregnet i resultatopgÃ¸relsen.<br xmlns=""http://www.w3.org/1999/xhtml""/>Aktiver indregnes i balancen, nÃ¥r det er sandsynligt at fremtidige Ã¸konomiske fordele vil tilflyde selskabet, og aktivets vÃ¦rdi kan mÃ¥les pÃ¥lideligt.<br xmlns=""http://www.w3.org/1999/xhtml""/>Forpligtelser indregnes i balancen, nÃ¥r det er sandsynligt, at fremtidige Ã¸konomiske fordele vil fragÃ¥ selskabet, og forpligtelsens vÃ¦rdi kan mÃ¥les pÃ¥lideligt.<br xmlns=""http://www.w3.org/1999/xhtml""/>Ved fÃ¸rste indregning mÃ¥les aktiver og forpligtelser til kostpris. EfterfÃ¸lgende mÃ¥les aktiver og forpligtelser som beskrevet for hver enkelt.<br xmlns=""http://www.w3.org/1999/xhtml""/>Visse finansielle aktiver og forpligtelser mÃ¥les til amortiseret kostpris, hvorved der indregnes en konstant effektiv rente over lÃ¸betiden. Amortiseret kostpris opgÃ¸res som oprindelig kostpris med fradrag af afdrag og tillÃ¦g/fradrag af den akkumulerede amortisering af forskellen mellem kostprisen og det nominelle belÃ¸b.<br xmlns=""http://www.w3.org/1999/xhtml""/>Ved indregning og mÃ¥ling tages hensyn til forudsigelige tab og risici, der fremkommer, inden Ã¥rsregnskabet aflÃ¦gges, og som be- eller afkrÃ¦fter forhold, der eksisterer pÃ¥ balancedagen.",UdbytteForslag til udbytte for regnskabsÃ¥ret indregnes som en sÃ¦rskilt post under egenkapitalen. Forslag til udbytte indregnes som en forpligtelse pÃ¥ tidspunktet for vedtagelse pÃ¥ generalforsamlingen.,BALANCEN,PeriodeafgrÃ¦nsningsposterPeriodeafgrÃ¦nsningsposter indregnet under aktiver omfatter afholdte omkostninger vedrÃ¸rende efterfÃ¸lgende regnskabsÃ¥r.,"Personaleomkostninger<br xmlns=""http://www.w3.org/1999/xhtml""/>Personaleomkostninger omfatter lÃ¸nninger og Ã¸vrige lÃ¸nrelaterede omkostninger, herunder sygedagpenge til virksomhedens ansatte med fradrag af lÃ¸nrefusioner fra det offentlige.","Andre eksterne omkostningerAndre eksterne omkostninger omfatter omkostninger til salg, reklame, administration, lokaler, tab pÃ¥ debitorer, operationelle leasingomkostninger mv.","Finansielle indtÃ¦gter og omkostningerFinansielle indtÃ¦gter og omkostninger indregnes i resultatopgÃ¸relsen med de belÃ¸b, der vedrÃ¸rer regnskabsÃ¥ret. Finansielle poster omfatter renteindtÃ¦gter og -omkostninger, finansielle omkostninger ved finansiel leasing, realiserede og urealiserede kursgevinster og -tab vedrÃ¸rende vÃ¦rdipapirer, gÃ¦ld og transaktioner i fremmed valuta, amortisering af realkreditlÃ¥n samt tillÃ¦g og godtgÃ¸relser under acontoskatteordningen mv. Udbytte fra andre kapitalandele indtÃ¦gtsfÃ¸res i det regnskabsÃ¥r, hvor udbyttet deklareres.","RESULTATOPGÃRELSEN<br xmlns=""http://www.w3.org/1999/xhtml""/>GenereltMed henvisning til Ã¥rsregnskabslovens Â§ 32 er visse indtÃ¦gter og omkostninger sammendraget i regnskabsposten bruttofortjeneste.Bruttofortjeneste Bruttofortjenesten bestÃ¥r af sammentrÃ¦kning af regnskabsposterne ânettoomsÃ¦tning, Ã¦ndring i lagre af fÃ¦rdigvarer, varer under fremstilling og handelsvarer, andre driftsindtÃ¦gter, omkostninger til rÃ¥varer og hjÃ¦lpematerialer samt andre eksterne omkostningerâ.","Goodwill<br xmlns=""http://www.w3.org/1999/xhtml""/>Erhvervet goodwill mÃ¥les til kostpris med fradrag af akkumulerede afskrivninger. Goodwill afskrives lineÃ¦rt over den vurderede Ã¸konomiske brugstid, der er vurderet til x Ã¥r.","GÃ¦ldsforpligtelser<br xmlns=""http://www.w3.org/1999/xhtml""/>Andre gÃ¦ldsforpligtelser, som omfatter gÃ¦ld til leverandÃ¸rer, tilknyttede og associerede virksomheder samt anden gÃ¦ld, mÃ¥les til amortiseret kostpris, hvilket sÃ¦dvanligvis svarer til nominel vÃ¦rdi.",Omkostninger til rÃ¥varer og hjÃ¦lpematerialerOmkostninger til rÃ¥varer og hjÃ¦lpematerialer omfatter varekÃ¸b med fradrag af rabatter samt Ã¥rets forskydning i varebeholdningerne.,"TilgodehavenderTilgodehavender mÃ¥les til amortiseret kostpris, hvilket sÃ¦dvanligvis svarer til nominel vÃ¦rdi. VÃ¦rdien reduceres med nedskrivning til imÃ¸degÃ¥else af forventede tab.<br xmlns=""http://www.w3.org/1999/xhtml""/>Nedskrivninger til tab opgÃ¸res pÃ¥ grundlag af en individuel vurdering af de enkelte tilgodehavender.","NettoomsÃ¦tning<br xmlns=""http://www.w3.org/1999/xhtml""/>NettoomsÃ¦tningen ved salg af handelsvarer og fÃ¦rdigvarer indregnes i resultatopgÃ¸relsen, sÃ¥fremt levering og risikoovergang til kÃ¸ber har fundet sted inden Ã¥rets udgang. NettoomsÃ¦tningen indregnes ekskl. moms og med fradrag af rabatter i forbindelse med salget.","Skat af Ã¥rets resultatÃrets skat, som bestÃ¥r af Ã¥rets aktuelle skat og forskydning i udskudt skat, indregnes i resultatopgÃ¸relsen med den del, der kan henfÃ¸res til Ã¥rets resultat, og direkte pÃ¥ egenkapitalen med den del, der kan henfÃ¸res til posteringer direkte pÃ¥ egenkapitalen.","Selskabsskat og udskudt skatAktuelle skatteforpligtelser og tilgodehavende aktuel skat indregnes i balancen som beregnet skat af Ã¥rets skattepligtige indkomst reguleret for skat af tidligere Ã¥rs skattepligtige indkomster samt for betalte acontoskatter.Udskudt skat mÃ¥les efter den balanceorienterede gÃ¦ldsmetode af midlertidige forskelle mellem regnskabsmÃ¦ssig og skattemÃ¦ssig vÃ¦rdi af aktiver og forpligtelser. I de tilfÃ¦lde, f.eks. vedrÃ¸rende aktier, hvor opgÃ¸relse af skattevÃ¦rdien kan foretages efter alternative beskatningsregler, mÃ¥les udskudt skat pÃ¥ grundlag af den planlagte anvendelse af aktivet henholdsvis afvikling af forpligtelsen.Udskudte skatteaktiver, herunder skattevÃ¦rdien af fremfÃ¸rselsberettiget skattemÃ¦ssigt underskud, mÃ¥les til den vÃ¦rdi, hvortil aktivet forventes at kunne realiseres, enten ved udligning i skat af fremtidig indtjening eller ved modregning i udskudte skatteforpligtelser inden for samme juridiske skatteenhed. Eventuelle udskudte nettoskatteaktiver mÃ¥les til nettorealisationsvÃ¦rdi.<br xmlns=""http://www.w3.org/1999/xhtml""/>Udskudt skat mÃ¥les pÃ¥ grundlag af de skatteregler og skattesatser, der med balancedagens lovgivning vil vÃ¦re gÃ¦ldende, nÃ¥r den udskudte skat forventes udlÃ¸st som aktuel skat. Ãndring i udskudt skat som fÃ¸lge af Ã¦ndringer i skattesatser indregnes i resultatopgÃ¸relsen.",Som mÃ¥levaluta benyttes danske kroner. Alle andre valutaer anses som fremmed valuta.,HovedaktivitetSelskabet driver tÃ¸mrer- og bygningssnedkervirksomhed.,"3 Eventualposter mv. <br xmlns=""http://www.w3.org/1999/xhtml""/> Virksomheden har indgÃ¥et 4 leasingaftaler. Leasingforpligtelsen udgÃ¸r pr. 30.06.2013 kr. 236.916. <br xmlns=""http://www.w3.org/1999/xhtml""/><br xmlns=""http://www.w3.org/1999/xhtml""/>           <br xmlns=""http://www.w3.org/1999/xhtml""/>","1 Personaleomkostninger <br xmlns=""http://www.w3.org/1999/xhtml""/> LÃ¸nninger  1.248.521 2.130.083<br xmlns=""http://www.w3.org/1999/xhtml""/> Pensioner  142.769 243.181<br xmlns=""http://www.w3.org/1999/xhtml""/> Andre omkostninger til social sikring  30.437 53.566<br xmlns=""http://www.w3.org/1999/xhtml""/>    <br xmlns=""http://www.w3.org/1999/xhtml""/> Personaleomkostninger i alt  1.421.727 2.426.830<br xmlns=""http://www.w3.org/1999/xhtml""/>    <br xmlns=""http://www.w3.org/1999/xhtml""/>    <br xmlns=""http://www.w3.org/1999/xhtml""/>","2 Egenkapital <br xmlns=""http://www.w3.org/1999/xhtml""/>  <br xmlns=""http://www.w3.org/1999/xhtml""/>  <br xmlns=""http://www.w3.org/1999/xhtml""/> Virksomhedskapital  125.000 0 0 125.000<br xmlns=""http://www.w3.org/1999/xhtml""/> Overkurs ved emission  273.229 0 0 273.229<br xmlns=""http://www.w3.org/1999/xhtml""/> Forslag til udbytte for<br xmlns=""http://www.w3.org/1999/xhtml""/> regnskabsÃ¥ret  275.978 -275.978 257.468 257.468<br xmlns=""http://www.w3.org/1999/xhtml""/>        <br xmlns=""http://www.w3.org/1999/xhtml""/> 674.207 -275.978 257.468 655.697<br xmlns=""http://www.w3.org/1999/xhtml""/>        <br xmlns=""http://www.w3.org/1999/xhtml""/>  <br xmlns=""http://www.w3.org/1999/xhtml""/>","4 PantsÃ¦tninger og sikkerhedsstillelser <br xmlns=""http://www.w3.org/1999/xhtml""/> Der er ingen pantsÃ¦tninger og sikkerhedsstillelser.<br xmlns=""http://www.w3.org/1999/xhtml""/><br xmlns=""http://www.w3.org/1999/xhtml""/><br xmlns=""http://www.w3.org/1999/xhtml""/>           <br xmlns=""http://www.w3.org/1999/xhtml""/>",Ejerforhold,2426830.0,-2663656.0,32268919.0,Direktionen har dags dato behandlet og godkendt Ã¥rsrapporten for perioden 1. juli 2012 - 30. juni 2013 for TÃ¸mrerfirmaet Tag-Kvisten ApS.,"Vi har revideret Ã¥rsregnskabet for TÃ¸mrerfirmaet Tag-Kvisten ApS for perioden 1. juli 2012 - 30. juni 2013, der omfatter anvendt regnskabspraksis, resultatopgÃ¸relse, balance og noter. Ãrsregnskabet udarbejdes efter Ã¥rsregnskabsloven.","GENERELTÃrsregnskabet for TÃ¸mrerfirmaet Tag-Kvisten ApS for 2012/13 er udarbejdet i overensstemmelse med Ã¥rsregnskabslovens bestemmelser for selskaber i regnskabsklasse B med tilvalg af enkelte regler for klasse C-selskaber.<br xmlns=""http://www.w3.org/1999/xhtml""/>Ãrsregnskabet er aflagt efter samme regnskabspraksis som sidste Ã¥r og aflÃ¦gges i danske kroner.",Ãrsrapport,Peter Henriksen,Peter Kvist,Peter Kvist,TÃ¸mrerfirmaet Tag-Kvisten ApS,Kappelskov Revision Registreret Revisionsaktieselskab,"Konklusion<br xmlns=""http://www.w3.org/1999/xhtml""/>Det er vores opfattelse, at Ã¥rsregnskabet giver et retvisende billede af selskabets aktiver, passiver og finansielle stilling pr. 30. juni 2013 samt af resultatet af selskabets aktiviteter for perioden 1. juli 2012 - 30. juni 2013 i overensstemmelse med Ã¥rsregnskabsloven.",-3516.0,HillerÃ¸d,-122760.0,-162826.0,Ãrsrapporten indstilles til generalforsamlingens godkendelse.,2013-06-30,2012-07-01,1988.0,2013-11-27,HillerÃ¸d,"Revisors ansvar<br xmlns=""http://www.w3.org/1999/xhtml""/>Vores ansvar er at udtrykke en konklusion om Ã¥rsregnskabet pÃ¥ grundlag af vores revision. Vi har udfÃ¸rt revisionen i overensstemmelse med internationale standarder om revision og yderligere krav ifÃ¸lge dansk revisorlovgivning. Dette krÃ¦ver, at vi overholder etiske krav samt planlÃ¦gger og udfÃ¸rer revisionen for at opnÃ¥ hÃ¸j grad af sikkerhed for, om Ã¥rsregnskabet er uden vÃ¦sentlig fejlinformation.En revision omfatter udfÃ¸relse af revisionshandlinger for at opnÃ¥ revisionsbevis for belÃ¸b og oplysninger i Ã¥rsregnskabet. De valgte revisionshandlinger afhÃ¦nger af revisors vurdering, herunder vurdering af risici for vÃ¦sentlig fejlinformation i Ã¥rsregnskabet, uanset om denne skyldes besvigelser eller fejl. Ved risikovurderingen overvejer revisor intern kontrol, der er relevant for selskabets udarbejdelse af et Ã¥rsregnskab, der giver et retvisende billede. FormÃ¥let hermed er at udforme revisionshandlinger, der er passende efter omstÃ¦ndighederne, men ikke at udtrykke en konklusion om effektiviteten af selskabets interne kontrol. En revision omfatter endvidere vurdering af, om ledelsens valg af regnskabspraksis er passende, om ledelsens regnskabsmÃ¦ssige skÃ¸n er rimelige samt den samlede prÃ¦sentation af Ã¥rsregnskabet.<br xmlns=""http://www.w3.org/1999/xhtml""/>Det er vores opfattelse, at det opnÃ¥ede revisionsbevis er tilstrÃ¦kkeligt og egnet som grundlag for vor konklusion.Revisionen har ikke givet anledning til forbehold.","Ledelsens ansvar for Ã¥rsregnskabet<br xmlns=""http://www.w3.org/1999/xhtml""/>Selskabets ledelse har ansvaret for udarbejdelsen af et Ã¥rsregnskab, der giver et retvisende billede i overensstemmelse med Ã¥rsregnskabsloven. Ledelsen har endvidere ansvaret for den interne kontrol, som ledelsen anser nÃ¸dvendig for at udarbejde et Ã¥rsregnskab uden vÃ¦sentlig fejlinformation, uanset om denne skyldes besvigelser eller fejl.","Revision af Ã¥rsregnskabSelskabet opfylder bestemmelserne i Ã¥rsregnskabslovens Â§ 135 og har derved mulighed for at aflÃ¦gge et ikke revideret Ã¥rsregnskab. Selskabets ledelse indstiller til generalforsamlingens godkendelse, at selskabets Ã¥rsregnskab fremover ikke revideres.Dirigentens noteringerGeneralforsamlingen har dags dato behandlet og godkendt ledelsens forslag om at undlade revision.<br xmlns=""http://www.w3.org/1999/xhtml""/>HillerÃ¸d, den       /        2013Dirigent",41594.0,48252068.0,urn:ofk:oid:20283708,indberetninger-20180424,2.5097403999999996,32268919.0,,2018-04-01T22:07:46.440Z,2013-12-02T23:00:00.000Z,regnskab,0.0,,2013-06-30,2012-07-01,13-301.673,2013-12-02T23:00:00.000Z,,,,,,,,,,,,,,,,,,,,,,,,,,,,,
32268919,2011-07-01,2012-06-30,Per01072011_30062012_0_ForeslÃ¥et_udbytte_indregnet_under_egenkapitalen,http://regnskaber.virk.dk/91986223/Y3ZyLmRrOi8vcGRmcy8zMjI2ODkxOTtBcFM0NTc2NjA7MjAxMjA3MDE7MjAxMzA2MzA7UjtS.pdf,http://regnskaber.virk.dk/91986223/Y3ZyLmRrOi8veGJybHMvWC05QjQ0QTQ4Ny0yMDEzMTIwMl8xMzU5MzJfMTY0.xml,3400 HillerÃ¸d,Milnersvej 7,3400  HillerÃ¸d,BrÃ¸deskovparken 2,3400 HillerÃ¸d,Milnersvej 7,Til kapitalejerne af TÃ¸mrerfirmaet Tag-Kvisten ApS,Regnskabsklasse B,Ãrsrapporten aflÃ¦gges i overensstemmelse med Ã¥rsregnskabsloven.,"Det er min opfattelse, at Ã¥rsregnskabet giver et retvisende billede af selskabets aktiver, passiver og finansielle stilling pr. 30. juni 2013 samt af resultatet af selskabets aktiviteter for perioden 1. juli 2012 - 30. juni 2013.<br xmlns=""http://www.w3.org/1999/xhtml""/>",2013-11-27,2013-11-29,,Registreret revisor,"Generelt om indregning og mÃ¥ling<br xmlns=""http://www.w3.org/1999/xhtml""/>Regnskabet er udarbejdet med udgangspunkt i det historiske kostprisprincip.<br xmlns=""http://www.w3.org/1999/xhtml""/>IndtÃ¦gter indregnes i resultatopgÃ¸relsen i takt med at de indtjenes. Herudover indregnes vÃ¦rdireguleringer af finansielle aktiver og forpligtelser, der mÃ¥les til dagsvÃ¦rdi eller amortiseret kostpris. Endvidere indregnes i resultatopgÃ¸relsen alle omkostninger, der er afholdt for at opnÃ¥ Ã¥rets indtjening, herunder afskrivninger, nedskrivninger og hensatte forpligtelser samt tilbagefÃ¸rsler som fÃ¸lge af Ã¦ndrede regnskabsmÃ¦ssige skÃ¸n af belÃ¸b, der tidligere har vÃ¦ret indregnet i resultatopgÃ¸relsen.<br xmlns=""http://www.w3.org/1999/xhtml""/>Aktiver indregnes i balancen, nÃ¥r det er sandsynligt at fremtidige Ã¸konomiske fordele vil tilflyde selskabet, og aktivets vÃ¦rdi kan mÃ¥les pÃ¥lideligt.<br xmlns=""http://www.w3.org/1999/xhtml""/>Forpligtelser indregnes i balancen, nÃ¥r det er sandsynligt, at fremtidige Ã¸konomiske fordele vil fragÃ¥ selskabet, og forpligtelsens vÃ¦rdi kan mÃ¥les pÃ¥lideligt.<br xmlns=""http://www.w3.org/1999/xhtml""/>Ved fÃ¸rste indregning mÃ¥les aktiver og forpligtelser til kostpris. EfterfÃ¸lgende mÃ¥les aktiver og forpligtelser som beskrevet for hver enkelt.<br xmlns=""http://www.w3.org/1999/xhtml""/>Visse finansielle aktiver og forpligtelser mÃ¥les til amortiseret kostpris, hvorved der indregnes en konstant effektiv rente over lÃ¸betiden. Amortiseret kostpris opgÃ¸res som oprindelig kostpris med fradrag af afdrag og tillÃ¦g/fradrag af den akkumulerede amortisering af forskellen mellem kostprisen og det nominelle belÃ¸b.<br xmlns=""http://www.w3.org/1999/xhtml""/>Ved indregning og mÃ¥ling tages hensyn til forudsigelige tab og risici, der fremkommer, inden Ã¥rsregnskabet aflÃ¦gges, og som be- eller afkrÃ¦fter forhold, der eksisterer pÃ¥ balancedagen.",UdbytteForslag til udbytte for regnskabsÃ¥ret indregnes som en sÃ¦rskilt post under egenkapitalen. Forslag til udbytte indregnes som en forpligtelse pÃ¥ tidspunktet for vedtagelse pÃ¥ generalforsamlingen.,BALANCEN,PeriodeafgrÃ¦nsningsposterPeriodeafgrÃ¦nsningsposter indregnet under aktiver omfatter afholdte omkostninger vedrÃ¸rende efterfÃ¸lgende regnskabsÃ¥r.,"Personaleomkostninger<br xmlns=""http://www.w3.org/1999/xhtml""/>Personaleomkostninger omfatter lÃ¸nninger og Ã¸vrige lÃ¸nrelaterede omkostninger, herunder sygedagpenge til virksomhedens ansatte med fradrag af lÃ¸nrefusioner fra det offentlige.","Andre eksterne omkostningerAndre eksterne omkostninger omfatter omkostninger til salg, reklame, administration, lokaler, tab pÃ¥ debitorer, operationelle leasingomkostninger mv.","Finansielle indtÃ¦gter og omkostningerFinansielle indtÃ¦gter og omkostninger indregnes i resultatopgÃ¸relsen med de belÃ¸b, der vedrÃ¸rer regnskabsÃ¥ret. Finansielle poster omfatter renteindtÃ¦gter og -omkostninger, finansielle omkostninger ved finansiel leasing, realiserede og urealiserede kursgevinster og -tab vedrÃ¸rende vÃ¦rdipapirer, gÃ¦ld og transaktioner i fremmed valuta, amortisering af realkreditlÃ¥n samt tillÃ¦g og godtgÃ¸relser under acontoskatteordningen mv. Udbytte fra andre kapitalandele indtÃ¦gtsfÃ¸res i det regnskabsÃ¥r, hvor udbyttet deklareres.","RESULTATOPGÃRELSEN<br xmlns=""http://www.w3.org/1999/xhtml""/>GenereltMed henvisning til Ã¥rsregnskabslovens Â§ 32 er visse indtÃ¦gter og omkostninger sammendraget i regnskabsposten bruttofortjeneste.Bruttofortjeneste Bruttofortjenesten bestÃ¥r af sammentrÃ¦kning af regnskabsposterne ânettoomsÃ¦tning, Ã¦ndring i lagre af fÃ¦rdigvarer, varer under fremstilling og handelsvarer, andre driftsindtÃ¦gter, omkostninger til rÃ¥varer og hjÃ¦lpematerialer samt andre eksterne omkostningerâ.","Goodwill<br xmlns=""http://www.w3.org/1999/xhtml""/>Erhvervet goodwill mÃ¥les til kostpris med fradrag af akkumulerede afskrivninger. Goodwill afskrives lineÃ¦rt over den vurderede Ã¸konomiske brugstid, der er vurderet til x Ã¥r.","GÃ¦ldsforpligtelser<br xmlns=""http://www.w3.org/1999/xhtml""/>Andre gÃ¦ldsforpligtelser, som omfatter gÃ¦ld til leverandÃ¸rer, tilknyttede og associerede virksomheder samt anden gÃ¦ld, mÃ¥les til amortiseret kostpris, hvilket sÃ¦dvanligvis svarer til nominel vÃ¦rdi.",Omkostninger til rÃ¥varer og hjÃ¦lpematerialerOmkostninger til rÃ¥varer og hjÃ¦lpematerialer omfatter varekÃ¸b med fradrag af rabatter samt Ã¥rets forskydning i varebeholdningerne.,"TilgodehavenderTilgodehavender mÃ¥les til amortiseret kostpris, hvilket sÃ¦dvanligvis svarer til nominel vÃ¦rdi. VÃ¦rdien reduceres med nedskrivning til imÃ¸degÃ¥else af forventede tab.<br xmlns=""http://www.w3.org/1999/xhtml""/>Nedskrivninger til tab opgÃ¸res pÃ¥ grundlag af en individuel vurdering af de enkelte tilgodehavender.","NettoomsÃ¦tning<br xmlns=""http://www.w3.org/1999/xhtml""/>NettoomsÃ¦tningen ved salg af handelsvarer og fÃ¦rdigvarer indregnes i resultatopgÃ¸relsen, sÃ¥fremt levering og risikoovergang til kÃ¸ber har fundet sted inden Ã¥rets udgang. NettoomsÃ¦tningen indregnes ekskl. moms og med fradrag af rabatter i forbindelse med salget.","Skat af Ã¥rets resultatÃrets skat, som bestÃ¥r af Ã¥rets aktuelle skat og forskydning i udskudt skat, indregnes i resultatopgÃ¸relsen med den del, der kan henfÃ¸res til Ã¥rets resultat, og direkte pÃ¥ egenkapitalen med den del, der kan henfÃ¸res til posteringer direkte pÃ¥ egenkapitalen.","Selskabsskat og udskudt skatAktuelle skatteforpligtelser og tilgodehavende aktuel skat indregnes i balancen som beregnet skat af Ã¥rets skattepligtige indkomst reguleret for skat af tidligere Ã¥rs skattepligtige indkomster samt for betalte acontoskatter.Udskudt skat mÃ¥les efter den balanceorienterede gÃ¦ldsmetode af midlertidige forskelle mellem regnskabsmÃ¦ssig og skattemÃ¦ssig vÃ¦rdi af aktiver og forpligtelser. I de tilfÃ¦lde, f.eks. vedrÃ¸rende aktier, hvor opgÃ¸relse af skattevÃ¦rdien kan foretages efter alternative beskatningsregler, mÃ¥les udskudt skat pÃ¥ grundlag af den planlagte anvendelse af aktivet henholdsvis afvikling af forpligtelsen.Udskudte skatteaktiver, herunder skattevÃ¦rdien af fremfÃ¸rselsberettiget skattemÃ¦ssigt underskud, mÃ¥les til den vÃ¦rdi, hvortil aktivet forventes at kunne realiseres, enten ved udligning i skat af fremtidig indtjening eller ved modregning i udskudte skatteforpligtelser inden for samme juridiske skatteenhed. Eventuelle udskudte nettoskatteaktiver mÃ¥les til nettorealisationsvÃ¦rdi.<br xmlns=""http://www.w3.org/1999/xhtml""/>Udskudt skat mÃ¥les pÃ¥ grundlag af de skatteregler og skattesatser, der med balancedagens lovgivning vil vÃ¦re gÃ¦ldende, nÃ¥r den udskudte skat forventes udlÃ¸st som aktuel skat. Ãndring i udskudt skat som fÃ¸lge af Ã¦ndringer i skattesatser indregnes i resultatopgÃ¸relsen.",Som mÃ¥levaluta benyttes danske kroner. Alle andre valutaer anses som fremmed valuta.,HovedaktivitetSelskabet driver tÃ¸mrer- og bygningssnedkervirksomhed.,"3 Eventualposter mv. <br xmlns=""http://www.w3.org/1999/xhtml""/> Virksomheden har indgÃ¥et 4 leasingaftaler. Leasingforpligtelsen udgÃ¸r pr. 30.06.2013 kr. 236.916. <br xmlns=""http://www.w3.org/1999/xhtml""/><br xmlns=""http://www.w3.org/1999/xhtml""/>           <br xmlns=""http://www.w3.org/1999/xhtml""/>","1 Personaleomkostninger <br xmlns=""http://www.w3.org/1999/xhtml""/> LÃ¸nninger  1.248.521 2.130.083<br xmlns=""http://www.w3.org/1999/xhtml""/> Pensioner  142.769 243.181<br xmlns=""http://www.w3.org/1999/xhtml""/> Andre omkostninger til social sikring  30.437 53.566<br xmlns=""http://www.w3.org/1999/xhtml""/>    <br xmlns=""http://www.w3.org/1999/xhtml""/> Personaleomkostninger i alt  1.421.727 2.426.830<br xmlns=""http://www.w3.org/1999/xhtml""/>    <br xmlns=""http://www.w3.org/1999/xhtml""/>    <br xmlns=""http://www.w3.org/1999/xhtml""/>","2 Egenkapital <br xmlns=""http://www.w3.org/1999/xhtml""/>  <br xmlns=""http://www.w3.org/1999/xhtml""/>  <br xmlns=""http://www.w3.org/1999/xhtml""/> Virksomhedskapital  125.000 0 0 125.000<br xmlns=""http://www.w3.org/1999/xhtml""/> Overkurs ved emission  273.229 0 0 273.229<br xmlns=""http://www.w3.org/1999/xhtml""/> Forslag til udbytte for<br xmlns=""http://www.w3.org/1999/xhtml""/> regnskabsÃ¥ret  275.978 -275.978 257.468 257.468<br xmlns=""http://www.w3.org/1999/xhtml""/>        <br xmlns=""http://www.w3.org/1999/xhtml""/> 674.207 -275.978 257.468 655.697<br xmlns=""http://www.w3.org/1999/xhtml""/>        <br xmlns=""http://www.w3.org/1999/xhtml""/>  <br xmlns=""http://www.w3.org/1999/xhtml""/>","4 PantsÃ¦tninger og sikkerhedsstillelser <br xmlns=""http://www.w3.org/1999/xhtml""/> Der er ingen pantsÃ¦tninger og sikkerhedsstillelser.<br xmlns=""http://www.w3.org/1999/xhtml""/><br xmlns=""http://www.w3.org/1999/xhtml""/><br xmlns=""http://www.w3.org/1999/xhtml""/>           <br xmlns=""http://www.w3.org/1999/xhtml""/>",Ejerforhold,,,32268919.0,Direktionen har dags dato behandlet og godkendt Ã¥rsrapporten for perioden 1. juli 2012 - 30. juni 2013 for TÃ¸mrerfirmaet Tag-Kvisten ApS.,"Vi har revideret Ã¥rsregnskabet for TÃ¸mrerfirmaet Tag-Kvisten ApS for perioden 1. juli 2012 - 30. juni 2013, der omfatter anvendt regnskabspraksis, resultatopgÃ¸relse, balance og noter. Ãrsregnskabet udarbejdes efter Ã¥rsregnskabsloven.","GENERELTÃrsregnskabet for TÃ¸mrerfirmaet Tag-Kvisten ApS for 2012/13 er udarbejdet i overensstemmelse med Ã¥rsregnskabslovens bestemmelser for selskaber i regnskabsklasse B med tilvalg af enkelte regler for klasse C-selskaber.<br xmlns=""http://www.w3.org/1999/xhtml""/>Ãrsregnskabet er aflagt efter samme regnskabspraksis som sidste Ã¥r og aflÃ¦gges i danske kroner.",Ãrsrapport,Peter Henriksen,Peter Kvist,Peter Kvist,TÃ¸mrerfirmaet Tag-Kvisten ApS,Kappelskov Revision Registreret Revisionsaktieselskab,"Konklusion<br xmlns=""http://www.w3.org/1999/xhtml""/>Det er vores opfattelse, at Ã¥rsregnskabet giver et retvisende billede af selskabets aktiver, passiver og finansielle stilling pr. 30. juni 2013 samt af resultatet af selskabets aktiviteter for perioden 1. juli 2012 - 30. juni 2013 i overensstemmelse med Ã¥rsregnskabsloven.",,HillerÃ¸d,275978.0,,Ãrsrapporten indstilles til generalforsamlingens godkendelse.,2013-06-30,2012-07-01,,2013-11-27,HillerÃ¸d,"Revisors ansvar<br xmlns=""http://www.w3.org/1999/xhtml""/>Vores ansvar er at udtrykke en konklusion om Ã¥rsregnskabet pÃ¥ grundlag af vores revision. Vi har udfÃ¸rt revisionen i overensstemmelse med internationale standarder om revision og yderligere krav ifÃ¸lge dansk revisorlovgivning. Dette krÃ¦ver, at vi overholder etiske krav samt planlÃ¦gger og udfÃ¸rer revisionen for at opnÃ¥ hÃ¸j grad af sikkerhed for, om Ã¥rsregnskabet er uden vÃ¦sentlig fejlinformation.En revision omfatter udfÃ¸relse af revisionshandlinger for at opnÃ¥ revisionsbevis for belÃ¸b og oplysninger i Ã¥rsregnskabet. De valgte revisionshandlinger afhÃ¦nger af revisors vurdering, herunder vurdering af risici for vÃ¦sentlig fejlinformation i Ã¥rsregnskabet, uanset om denne skyldes besvigelser eller fejl. Ved risikovurderingen overvejer revisor intern kontrol, der er relevant for selskabets udarbejdelse af et Ã¥rsregnskab, der giver et retvisende billede. FormÃ¥let hermed er at udforme revisionshandlinger, der er passende efter omstÃ¦ndighederne, men ikke at udtrykke en konklusion om effektiviteten af selskabets interne kontrol. En revision omfatter endvidere vurdering af, om ledelsens valg af regnskabspraksis er passende, om ledelsens regnskabsmÃ¦ssige skÃ¸n er rimelige samt den samlede prÃ¦sentation af Ã¥rsregnskabet.<br xmlns=""http://www.w3.org/1999/xhtml""/>Det er vores opfattelse, at det opnÃ¥ede revisionsbevis er tilstrÃ¦kkeligt og egnet som grundlag for vor konklusion.Revisionen har ikke givet anledning til forbehold.","Ledelsens ansvar for Ã¥rsregnskabet<br xmlns=""http://www.w3.org/1999/xhtml""/>Selskabets ledelse har ansvaret for udarbejdelsen af et Ã¥rsregnskab, der giver et retvisende billede i overensstemmelse med Ã¥rsregnskabsloven. Ledelsen har endvidere ansvaret for den interne kontrol, som ledelsen anser nÃ¸dvendig for at udarbejde et Ã¥rsregnskab uden vÃ¦sentlig fejlinformation, uanset om denne skyldes besvigelser eller fejl.","Revision af Ã¥rsregnskabSelskabet opfylder bestemmelserne i Ã¥rsregnskabslovens Â§ 135 og har derved mulighed for at aflÃ¦gge et ikke revideret Ã¥rsregnskab. Selskabets ledelse indstiller til generalforsamlingens godkendelse, at selskabets Ã¥rsregnskab fremover ikke revideres.Dirigentens noteringerGeneralforsamlingen har dags dato behandlet og godkendt ledelsens forslag om at undlade revision.<br xmlns=""http://www.w3.org/1999/xhtml""/>HillerÃ¸d, den       /        2013Dirigent",,48252068.0,urn:ofk:oid:20283708,indberetninger-20180424,2.5097403999999996,32268919.0,,2018-04-01T22:07:46.440Z,2013-12-02T23:00:00.000Z,regnskab,0.0,,2013-06-30,2012-07-01,13-301.673,2013-12-02T23:00:00.000Z,,,,,,,,,,,,,,,,,,,,,,,,,,,,,
32268919,2011-07-01,2012-06-30,Per01072011_30062012_1_OverfÃ¸rt_resultat,http://regnskaber.virk.dk/91986223/Y3ZyLmRrOi8vcGRmcy8zMjI2ODkxOTtBcFM0NTc2NjA7MjAxMjA3MDE7MjAxMzA2MzA7UjtS.pdf,http://regnskaber.virk.dk/91986223/Y3ZyLmRrOi8veGJybHMvWC05QjQ0QTQ4Ny0yMDEzMTIwMl8xMzU5MzJfMTY0.xml,3400 HillerÃ¸d,Milnersvej 7,3400  HillerÃ¸d,BrÃ¸deskovparken 2,3400 HillerÃ¸d,Milnersvej 7,Til kapitalejerne af TÃ¸mrerfirmaet Tag-Kvisten ApS,Regnskabsklasse B,Ãrsrapporten aflÃ¦gges i overensstemmelse med Ã¥rsregnskabsloven.,"Det er min opfattelse, at Ã¥rsregnskabet giver et retvisende billede af selskabets aktiver, passiver og finansielle stilling pr. 30. juni 2013 samt af resultatet af selskabets aktiviteter for perioden 1. juli 2012 - 30. juni 2013.<br xmlns=""http://www.w3.org/1999/xhtml""/>",2013-11-27,2013-11-29,,Registreret revisor,"Generelt om indregning og mÃ¥ling<br xmlns=""http://www.w3.org/1999/xhtml""/>Regnskabet er udarbejdet med udgangspunkt i det historiske kostprisprincip.<br xmlns=""http://www.w3.org/1999/xhtml""/>IndtÃ¦gter indregnes i resultatopgÃ¸relsen i takt med at de indtjenes. Herudover indregnes vÃ¦rdireguleringer af finansielle aktiver og forpligtelser, der mÃ¥les til dagsvÃ¦rdi eller amortiseret kostpris. Endvidere indregnes i resultatopgÃ¸relsen alle omkostninger, der er afholdt for at opnÃ¥ Ã¥rets indtjening, herunder afskrivninger, nedskrivninger og hensatte forpligtelser samt tilbagefÃ¸rsler som fÃ¸lge af Ã¦ndrede regnskabsmÃ¦ssige skÃ¸n af belÃ¸b, der tidligere har vÃ¦ret indregnet i resultatopgÃ¸relsen.<br xmlns=""http://www.w3.org/1999/xhtml""/>Aktiver indregnes i balancen, nÃ¥r det er sandsynligt at fremtidige Ã¸konomiske fordele vil tilflyde selskabet, og aktivets vÃ¦rdi kan mÃ¥les pÃ¥lideligt.<br xmlns=""http://www.w3.org/1999/xhtml""/>Forpligtelser indregnes i balancen, nÃ¥r det er sandsynligt, at fremtidige Ã¸konomiske fordele vil fragÃ¥ selskabet, og forpligtelsens vÃ¦rdi kan mÃ¥les pÃ¥lideligt.<br xmlns=""http://www.w3.org/1999/xhtml""/>Ved fÃ¸rste indregning mÃ¥les aktiver og forpligtelser til kostpris. EfterfÃ¸lgende mÃ¥les aktiver og forpligtelser som beskrevet for hver enkelt.<br xmlns=""http://www.w3.org/1999/xhtml""/>Visse finansielle aktiver og forpligtelser mÃ¥les til amortiseret kostpris, hvorved der indregnes en konstant effektiv rente over lÃ¸betiden. Amortiseret kostpris opgÃ¸res som oprindelig kostpris med fradrag af afdrag og tillÃ¦g/fradrag af den akkumulerede amortisering af forskellen mellem kostprisen og det nominelle belÃ¸b.<br xmlns=""http://www.w3.org/1999/xhtml""/>Ved indregning og mÃ¥ling tages hensyn til forudsigelige tab og risici, der fremkommer, inden Ã¥rsregnskabet aflÃ¦gges, og som be- eller afkrÃ¦fter forhold, der eksisterer pÃ¥ balancedagen.",UdbytteForslag til udbytte for regnskabsÃ¥ret indregnes som en sÃ¦rskilt post under egenkapitalen. Forslag til udbytte indregnes som en forpligtelse pÃ¥ tidspunktet for vedtagelse pÃ¥ generalforsamlingen.,BALANCEN,PeriodeafgrÃ¦nsningsposterPeriodeafgrÃ¦nsningsposter indregnet under aktiver omfatter afholdte omkostninger vedrÃ¸rende efterfÃ¸lgende regnskabsÃ¥r.,"Personaleomkostninger<br xmlns=""http://www.w3.org/1999/xhtml""/>Personaleomkostninger omfatter lÃ¸nninger og Ã¸vrige lÃ¸nrelaterede omkostninger, herunder sygedagpenge til virksomhedens ansatte med fradrag af lÃ¸nrefusioner fra det offentlige.","Andre eksterne omkostningerAndre eksterne omkostninger omfatter omkostninger til salg, reklame, administration, lokaler, tab pÃ¥ debitorer, operationelle leasingomkostninger mv.","Finansielle indtÃ¦gter og omkostningerFinansielle indtÃ¦gter og omkostninger indregnes i resultatopgÃ¸relsen med de belÃ¸b, der vedrÃ¸rer regnskabsÃ¥ret. Finansielle poster omfatter renteindtÃ¦gter og -omkostninger, finansielle omkostninger ved finansiel leasing, realiserede og urealiserede kursgevinster og -tab vedrÃ¸rende vÃ¦rdipapirer, gÃ¦ld og transaktioner i fremmed valuta, amortisering af realkreditlÃ¥n samt tillÃ¦g og godtgÃ¸relser under acontoskatteordningen mv. Udbytte fra andre kapitalandele indtÃ¦gtsfÃ¸res i det regnskabsÃ¥r, hvor udbyttet deklareres.","RESULTATOPGÃRELSEN<br xmlns=""http://www.w3.org/1999/xhtml""/>GenereltMed henvisning til Ã¥rsregnskabslovens Â§ 32 er visse indtÃ¦gter og omkostninger sammendraget i regnskabsposten bruttofortjeneste.Bruttofortjeneste Bruttofortjenesten bestÃ¥r af sammentrÃ¦kning af regnskabsposterne ânettoomsÃ¦tning, Ã¦ndring i lagre af fÃ¦rdigvarer, varer under fremstilling og handelsvarer, andre driftsindtÃ¦gter, omkostninger til rÃ¥varer og hjÃ¦lpematerialer samt andre eksterne omkostningerâ.","Goodwill<br xmlns=""http://www.w3.org/1999/xhtml""/>Erhvervet goodwill mÃ¥les til kostpris med fradrag af akkumulerede afskrivninger. Goodwill afskrives lineÃ¦rt over den vurderede Ã¸konomiske brugstid, der er vurderet til x Ã¥r.","GÃ¦ldsforpligtelser<br xmlns=""http://www.w3.org/1999/xhtml""/>Andre gÃ¦ldsforpligtelser, som omfatter gÃ¦ld til leverandÃ¸rer, tilknyttede og associerede virksomheder samt anden gÃ¦ld, mÃ¥les til amortiseret kostpris, hvilket sÃ¦dvanligvis svarer til nominel vÃ¦rdi.",Omkostninger til rÃ¥varer og hjÃ¦lpematerialerOmkostninger til rÃ¥varer og hjÃ¦lpematerialer omfatter varekÃ¸b med fradrag af rabatter samt Ã¥rets forskydning i varebeholdningerne.,"TilgodehavenderTilgodehavender mÃ¥les til amortiseret kostpris, hvilket sÃ¦dvanligvis svarer til nominel vÃ¦rdi. VÃ¦rdien reduceres med nedskrivning til imÃ¸degÃ¥else af forventede tab.<br xmlns=""http://www.w3.org/1999/xhtml""/>Nedskrivninger til tab opgÃ¸res pÃ¥ grundlag af en individuel vurdering af de enkelte tilgodehavender.","NettoomsÃ¦tning<br xmlns=""http://www.w3.org/1999/xhtml""/>NettoomsÃ¦tningen ved salg af handelsvarer og fÃ¦rdigvarer indregnes i resultatopgÃ¸relsen, sÃ¥fremt levering og risikoovergang til kÃ¸ber har fundet sted inden Ã¥rets udgang. NettoomsÃ¦tningen indregnes ekskl. moms og med fradrag af rabatter i forbindelse med salget.","Skat af Ã¥rets resultatÃrets skat, som bestÃ¥r af Ã¥rets aktuelle skat og forskydning i udskudt skat, indregnes i resultatopgÃ¸relsen med den del, der kan henfÃ¸res til Ã¥rets resultat, og direkte pÃ¥ egenkapitalen med den del, der kan henfÃ¸res til posteringer direkte pÃ¥ egenkapitalen.","Selskabsskat og udskudt skatAktuelle skatteforpligtelser og tilgodehavende aktuel skat indregnes i balancen som beregnet skat af Ã¥rets skattepligtige indkomst reguleret for skat af tidligere Ã¥rs skattepligtige indkomster samt for betalte acontoskatter.Udskudt skat mÃ¥les efter den balanceorienterede gÃ¦ldsmetode af midlertidige forskelle mellem regnskabsmÃ¦ssig og skattemÃ¦ssig vÃ¦rdi af aktiver og forpligtelser. I de tilfÃ¦lde, f.eks. vedrÃ¸rende aktier, hvor opgÃ¸relse af skattevÃ¦rdien kan foretages efter alternative beskatningsregler, mÃ¥les udskudt skat pÃ¥ grundlag af den planlagte anvendelse af aktivet henholdsvis afvikling af forpligtelsen.Udskudte skatteaktiver, herunder skattevÃ¦rdien af fremfÃ¸rselsberettiget skattemÃ¦ssigt underskud, mÃ¥les til den vÃ¦rdi, hvortil aktivet forventes at kunne realiseres, enten ved udligning i skat af fremtidig indtjening eller ved modregning i udskudte skatteforpligtelser inden for samme juridiske skatteenhed. Eventuelle udskudte nettoskatteaktiver mÃ¥les til nettorealisationsvÃ¦rdi.<br xmlns=""http://www.w3.org/1999/xhtml""/>Udskudt skat mÃ¥les pÃ¥ grundlag af de skatteregler og skattesatser, der med balancedagens lovgivning vil vÃ¦re gÃ¦ldende, nÃ¥r den udskudte skat forventes udlÃ¸st som aktuel skat. Ãndring i udskudt skat som fÃ¸lge af Ã¦ndringer i skattesatser indregnes i resultatopgÃ¸relsen.",Som mÃ¥levaluta benyttes danske kroner. Alle andre valutaer anses som fremmed valuta.,HovedaktivitetSelskabet driver tÃ¸mrer- og bygningssnedkervirksomhed.,"3 Eventualposter mv. <br xmlns=""http://www.w3.org/1999/xhtml""/> Virksomheden har indgÃ¥et 4 leasingaftaler. Leasingforpligtelsen udgÃ¸r pr. 30.06.2013 kr. 236.916. <br xmlns=""http://www.w3.org/1999/xhtml""/><br xmlns=""http://www.w3.org/1999/xhtml""/>           <br xmlns=""http://www.w3.org/1999/xhtml""/>","1 Personaleomkostninger <br xmlns=""http://www.w3.org/1999/xhtml""/> LÃ¸nninger  1.248.521 2.130.083<br xmlns=""http://www.w3.org/1999/xhtml""/> Pensioner  142.769 243.181<br xmlns=""http://www.w3.org/1999/xhtml""/> Andre omkostninger til social sikring  30.437 53.566<br xmlns=""http://www.w3.org/1999/xhtml""/>    <br xmlns=""http://www.w3.org/1999/xhtml""/> Personaleomkostninger i alt  1.421.727 2.426.830<br xmlns=""http://www.w3.org/1999/xhtml""/>    <br xmlns=""http://www.w3.org/1999/xhtml""/>    <br xmlns=""http://www.w3.org/1999/xhtml""/>","2 Egenkapital <br xmlns=""http://www.w3.org/1999/xhtml""/>  <br xmlns=""http://www.w3.org/1999/xhtml""/>  <br xmlns=""http://www.w3.org/1999/xhtml""/> Virksomhedskapital  125.000 0 0 125.000<br xmlns=""http://www.w3.org/1999/xhtml""/> Overkurs ved emission  273.229 0 0 273.229<br xmlns=""http://www.w3.org/1999/xhtml""/> Forslag til udbytte for<br xmlns=""http://www.w3.org/1999/xhtml""/> regnskabsÃ¥ret  275.978 -275.978 257.468 257.468<br xmlns=""http://www.w3.org/1999/xhtml""/>        <br xmlns=""http://www.w3.org/1999/xhtml""/> 674.207 -275.978 257.468 655.697<br xmlns=""http://www.w3.org/1999/xhtml""/>        <br xmlns=""http://www.w3.org/1999/xhtml""/>  <br xmlns=""http://www.w3.org/1999/xhtml""/>","4 PantsÃ¦tninger og sikkerhedsstillelser <br xmlns=""http://www.w3.org/1999/xhtml""/> Der er ingen pantsÃ¦tninger og sikkerhedsstillelser.<br xmlns=""http://www.w3.org/1999/xhtml""/><br xmlns=""http://www.w3.org/1999/xhtml""/><br xmlns=""http://www.w3.org/1999/xhtml""/>           <br xmlns=""http://www.w3.org/1999/xhtml""/>",Ejerforhold,,,32268919.0,Direktionen har dags dato behandlet og godkendt Ã¥rsrapporten for perioden 1. juli 2012 - 30. juni 2013 for TÃ¸mrerfirmaet Tag-Kvisten ApS.,"Vi har revideret Ã¥rsregnskabet for TÃ¸mrerfirmaet Tag-Kvisten ApS for perioden 1. juli 2012 - 30. juni 2013, der omfatter anvendt regnskabspraksis, resultatopgÃ¸relse, balance og noter. Ãrsregnskabet udarbejdes efter Ã¥rsregnskabsloven.","GENERELTÃrsregnskabet for TÃ¸mrerfirmaet Tag-Kvisten ApS for 2012/13 er udarbejdet i overensstemmelse med Ã¥rsregnskabslovens bestemmelser for selskaber i regnskabsklasse B med tilvalg af enkelte regler for klasse C-selskaber.<br xmlns=""http://www.w3.org/1999/xhtml""/>Ãrsregnskabet er aflagt efter samme regnskabspraksis som sidste Ã¥r og aflÃ¦gges i danske kroner.",Ãrsrapport,Peter Henriksen,Peter Kvist,Peter Kvist,TÃ¸mrerfirmaet Tag-Kvisten ApS,Kappelskov Revision Registreret Revisionsaktieselskab,"Konklusion<br xmlns=""http://www.w3.org/1999/xhtml""/>Det er vores opfattelse, at Ã¥rsregnskabet giver et retvisende billede af selskabets aktiver, passiver og finansielle stilling pr. 30. juni 2013 samt af resultatet af selskabets aktiviteter for perioden 1. juli 2012 - 30. juni 2013 i overensstemmelse med Ã¥rsregnskabsloven.",,HillerÃ¸d,153218.0,,Ãrsrapporten indstilles til generalforsamlingens godkendelse.,2013-06-30,2012-07-01,,2013-11-27,HillerÃ¸d,"Revisors ansvar<br xmlns=""http://www.w3.org/1999/xhtml""/>Vores ansvar er at udtrykke en konklusion om Ã¥rsregnskabet pÃ¥ grundlag af vores revision. Vi har udfÃ¸rt revisionen i overensstemmelse med internationale standarder om revision og yderligere krav ifÃ¸lge dansk revisorlovgivning. Dette krÃ¦ver, at vi overholder etiske krav samt planlÃ¦gger og udfÃ¸rer revisionen for at opnÃ¥ hÃ¸j grad af sikkerhed for, om Ã¥rsregnskabet er uden vÃ¦sentlig fejlinformation.En revision omfatter udfÃ¸relse af revisionshandlinger for at opnÃ¥ revisionsbevis for belÃ¸b og oplysninger i Ã¥rsregnskabet. De valgte revisionshandlinger afhÃ¦nger af revisors vurdering, herunder vurdering af risici for vÃ¦sentlig fejlinformation i Ã¥rsregnskabet, uanset om denne skyldes besvigelser eller fejl. Ved risikovurderingen overvejer revisor intern kontrol, der er relevant for selskabets udarbejdelse af et Ã¥rsregnskab, der giver et retvisende billede. FormÃ¥let hermed er at udforme revisionshandlinger, der er passende efter omstÃ¦ndighederne, men ikke at udtrykke en konklusion om effektiviteten af selskabets interne kontrol. En revision omfatter endvidere vurdering af, om ledelsens valg af regnskabspraksis er passende, om ledelsens regnskabsmÃ¦ssige skÃ¸n er rimelige samt den samlede prÃ¦sentation af Ã¥rsregnskabet.<br xmlns=""http://www.w3.org/1999/xhtml""/>Det er vores opfattelse, at det opnÃ¥ede revisionsbevis er tilstrÃ¦kkeligt og egnet som grundlag for vor konklusion.Revisionen har ikke givet anledning til forbehold.","Ledelsens ansvar for Ã¥rsregnskabet<br xmlns=""http://www.w3.org/1999/xhtml""/>Selskabets ledelse har ansvaret for udarbejdelsen af et Ã¥rsregnskab, der giver et retvisende billede i overensstemmelse med Ã¥rsregnskabsloven. Ledelsen har endvidere ansvaret for den interne kontrol, som ledelsen anser nÃ¸dvendig for at udarbejde et Ã¥rsregnskab uden vÃ¦sentlig fejlinformation, uanset om denne skyldes besvigelser eller fejl.","Revision af Ã¥rsregnskabSelskabet opfylder bestemmelserne i Ã¥rsregnskabslovens Â§ 135 og har derved mulighed for at aflÃ¦gge et ikke revideret Ã¥rsregnskab. Selskabets ledelse indstiller til generalforsamlingens godkendelse, at selskabets Ã¥rsregnskab fremover ikke revideres.Dirigentens noteringerGeneralforsamlingen har dags dato behandlet og godkendt ledelsens forslag om at undlade revision.<br xmlns=""http://www.w3.org/1999/xhtml""/>HillerÃ¸d, den       /        2013Dirigent",,48252068.0,urn:ofk:oid:20283708,indberetninger-20180424,2.5097403999999996,32268919.0,,2018-04-01T22:07:46.440Z,2013-12-02T23:00:00.000Z,regnskab,0.0,,2013-06-30,2012-07-01,13-301.673,2013-12-02T23:00:00.000Z,,,,,,,,,,,,,,,,,,,,,,,,,,,,,
32268919,2012-06-30,2012-06-30,Per01072011_30062012-Instant,http://regnskaber.virk.dk/91986223/Y3ZyLmRrOi8vcGRmcy8zMjI2ODkxOTtBcFM0NTc2NjA7MjAxMjA3MDE7MjAxMzA2MzA7UjtS.pdf,http://regnskaber.virk.dk/91986223/Y3ZyLmRrOi8veGJybHMvWC05QjQ0QTQ4Ny0yMDEzMTIwMl8xMzU5MzJfMTY0.xml,3400 HillerÃ¸d,Milnersvej 7,3400  HillerÃ¸d,BrÃ¸deskovparken 2,3400 HillerÃ¸d,Milnersvej 7,Til kapitalejerne af TÃ¸mrerfirmaet Tag-Kvisten ApS,Regnskabsklasse B,Ãrsrapporten aflÃ¦gges i overensstemmelse med Ã¥rsregnskabsloven.,"Det er min opfattelse, at Ã¥rsregnskabet giver et retvisende billede af selskabets aktiver, passiver og finansielle stilling pr. 30. juni 2013 samt af resultatet af selskabets aktiviteter for perioden 1. juli 2012 - 30. juni 2013.<br xmlns=""http://www.w3.org/1999/xhtml""/>",2013-11-27,2013-11-29,,Registreret revisor,"Generelt om indregning og mÃ¥ling<br xmlns=""http://www.w3.org/1999/xhtml""/>Regnskabet er udarbejdet med udgangspunkt i det historiske kostprisprincip.<br xmlns=""http://www.w3.org/1999/xhtml""/>IndtÃ¦gter indregnes i resultatopgÃ¸relsen i takt med at de indtjenes. Herudover indregnes vÃ¦rdireguleringer af finansielle aktiver og forpligtelser, der mÃ¥les til dagsvÃ¦rdi eller amortiseret kostpris. Endvidere indregnes i resultatopgÃ¸relsen alle omkostninger, der er afholdt for at opnÃ¥ Ã¥rets indtjening, herunder afskrivninger, nedskrivninger og hensatte forpligtelser samt tilbagefÃ¸rsler som fÃ¸lge af Ã¦ndrede regnskabsmÃ¦ssige skÃ¸n af belÃ¸b, der tidligere har vÃ¦ret indregnet i resultatopgÃ¸relsen.<br xmlns=""http://www.w3.org/1999/xhtml""/>Aktiver indregnes i balancen, nÃ¥r det er sandsynligt at fremtidige Ã¸konomiske fordele vil tilflyde selskabet, og aktivets vÃ¦rdi kan mÃ¥les pÃ¥lideligt.<br xmlns=""http://www.w3.org/1999/xhtml""/>Forpligtelser indregnes i balancen, nÃ¥r det er sandsynligt, at fremtidige Ã¸konomiske fordele vil fragÃ¥ selskabet, og forpligtelsens vÃ¦rdi kan mÃ¥les pÃ¥lideligt.<br xmlns=""http://www.w3.org/1999/xhtml""/>Ved fÃ¸rste indregning mÃ¥les aktiver og forpligtelser til kostpris. EfterfÃ¸lgende mÃ¥les aktiver og forpligtelser som beskrevet for hver enkelt.<br xmlns=""http://www.w3.org/1999/xhtml""/>Visse finansielle aktiver og forpligtelser mÃ¥les til amortiseret kostpris, hvorved der indregnes en konstant effektiv rente over lÃ¸betiden. Amortiseret kostpris opgÃ¸res som oprindelig kostpris med fradrag af afdrag og tillÃ¦g/fradrag af den akkumulerede amortisering af forskellen mellem kostprisen og det nominelle belÃ¸b.<br xmlns=""http://www.w3.org/1999/xhtml""/>Ved indregning og mÃ¥ling tages hensyn til forudsigelige tab og risici, der fremkommer, inden Ã¥rsregnskabet aflÃ¦gges, og som be- eller afkrÃ¦fter forhold, der eksisterer pÃ¥ balancedagen.",UdbytteForslag til udbytte for regnskabsÃ¥ret indregnes som en sÃ¦rskilt post under egenkapitalen. Forslag til udbytte indregnes som en forpligtelse pÃ¥ tidspunktet for vedtagelse pÃ¥ generalforsamlingen.,BALANCEN,PeriodeafgrÃ¦nsningsposterPeriodeafgrÃ¦nsningsposter indregnet under aktiver omfatter afholdte omkostninger vedrÃ¸rende efterfÃ¸lgende regnskabsÃ¥r.,"Personaleomkostninger<br xmlns=""http://www.w3.org/1999/xhtml""/>Personaleomkostninger omfatter lÃ¸nninger og Ã¸vrige lÃ¸nrelaterede omkostninger, herunder sygedagpenge til virksomhedens ansatte med fradrag af lÃ¸nrefusioner fra det offentlige.","Andre eksterne omkostningerAndre eksterne omkostninger omfatter omkostninger til salg, reklame, administration, lokaler, tab pÃ¥ debitorer, operationelle leasingomkostninger mv.","Finansielle indtÃ¦gter og omkostningerFinansielle indtÃ¦gter og omkostninger indregnes i resultatopgÃ¸relsen med de belÃ¸b, der vedrÃ¸rer regnskabsÃ¥ret. Finansielle poster omfatter renteindtÃ¦gter og -omkostninger, finansielle omkostninger ved finansiel leasing, realiserede og urealiserede kursgevinster og -tab vedrÃ¸rende vÃ¦rdipapirer, gÃ¦ld og transaktioner i fremmed valuta, amortisering af realkreditlÃ¥n samt tillÃ¦g og godtgÃ¸relser under acontoskatteordningen mv. Udbytte fra andre kapitalandele indtÃ¦gtsfÃ¸res i det regnskabsÃ¥r, hvor udbyttet deklareres.","RESULTATOPGÃRELSEN<br xmlns=""http://www.w3.org/1999/xhtml""/>GenereltMed henvisning til Ã¥rsregnskabslovens Â§ 32 er visse indtÃ¦gter og omkostninger sammendraget i regnskabsposten bruttofortjeneste.Bruttofortjeneste Bruttofortjenesten bestÃ¥r af sammentrÃ¦kning af regnskabsposterne ânettoomsÃ¦tning, Ã¦ndring i lagre af fÃ¦rdigvarer, varer under fremstilling og handelsvarer, andre driftsindtÃ¦gter, omkostninger til rÃ¥varer og hjÃ¦lpematerialer samt andre eksterne omkostningerâ.","Goodwill<br xmlns=""http://www.w3.org/1999/xhtml""/>Erhvervet goodwill mÃ¥les til kostpris med fradrag af akkumulerede afskrivninger. Goodwill afskrives lineÃ¦rt over den vurderede Ã¸konomiske brugstid, der er vurderet til x Ã¥r.","GÃ¦ldsforpligtelser<br xmlns=""http://www.w3.org/1999/xhtml""/>Andre gÃ¦ldsforpligtelser, som omfatter gÃ¦ld til leverandÃ¸rer, tilknyttede og associerede virksomheder samt anden gÃ¦ld, mÃ¥les til amortiseret kostpris, hvilket sÃ¦dvanligvis svarer til nominel vÃ¦rdi.",Omkostninger til rÃ¥varer og hjÃ¦lpematerialerOmkostninger til rÃ¥varer og hjÃ¦lpematerialer omfatter varekÃ¸b med fradrag af rabatter samt Ã¥rets forskydning i varebeholdningerne.,"TilgodehavenderTilgodehavender mÃ¥les til amortiseret kostpris, hvilket sÃ¦dvanligvis svarer til nominel vÃ¦rdi. VÃ¦rdien reduceres med nedskrivning til imÃ¸degÃ¥else af forventede tab.<br xmlns=""http://www.w3.org/1999/xhtml""/>Nedskrivninger til tab opgÃ¸res pÃ¥ grundlag af en individuel vurdering af de enkelte tilgodehavender.","NettoomsÃ¦tning<br xmlns=""http://www.w3.org/1999/xhtml""/>NettoomsÃ¦tningen ved salg af handelsvarer og fÃ¦rdigvarer indregnes i resultatopgÃ¸relsen, sÃ¥fremt levering og risikoovergang til kÃ¸ber har fundet sted inden Ã¥rets udgang. NettoomsÃ¦tningen indregnes ekskl. moms og med fradrag af rabatter i forbindelse med salget.","Skat af Ã¥rets resultatÃrets skat, som bestÃ¥r af Ã¥rets aktuelle skat og forskydning i udskudt skat, indregnes i resultatopgÃ¸relsen med den del, der kan henfÃ¸res til Ã¥rets resultat, og direkte pÃ¥ egenkapitalen med den del, der kan henfÃ¸res til posteringer direkte pÃ¥ egenkapitalen.","Selskabsskat og udskudt skatAktuelle skatteforpligtelser og tilgodehavende aktuel skat indregnes i balancen som beregnet skat af Ã¥rets skattepligtige indkomst reguleret for skat af tidligere Ã¥rs skattepligtige indkomster samt for betalte acontoskatter.Udskudt skat mÃ¥les efter den balanceorienterede gÃ¦ldsmetode af midlertidige forskelle mellem regnskabsmÃ¦ssig og skattemÃ¦ssig vÃ¦rdi af aktiver og forpligtelser. I de tilfÃ¦lde, f.eks. vedrÃ¸rende aktier, hvor opgÃ¸relse af skattevÃ¦rdien kan foretages efter alternative beskatningsregler, mÃ¥les udskudt skat pÃ¥ grundlag af den planlagte anvendelse af aktivet henholdsvis afvikling af forpligtelsen.Udskudte skatteaktiver, herunder skattevÃ¦rdien af fremfÃ¸rselsberettiget skattemÃ¦ssigt underskud, mÃ¥les til den vÃ¦rdi, hvortil aktivet forventes at kunne realiseres, enten ved udligning i skat af fremtidig indtjening eller ved modregning i udskudte skatteforpligtelser inden for samme juridiske skatteenhed. Eventuelle udskudte nettoskatteaktiver mÃ¥les til nettorealisationsvÃ¦rdi.<br xmlns=""http://www.w3.org/1999/xhtml""/>Udskudt skat mÃ¥les pÃ¥ grundlag af de skatteregler og skattesatser, der med balancedagens lovgivning vil vÃ¦re gÃ¦ldende, nÃ¥r den udskudte skat forventes udlÃ¸st som aktuel skat. Ãndring i udskudt skat som fÃ¸lge af Ã¦ndringer i skattesatser indregnes i resultatopgÃ¸relsen.",Som mÃ¥levaluta benyttes danske kroner. Alle andre valutaer anses som fremmed valuta.,HovedaktivitetSelskabet driver tÃ¸mrer- og bygningssnedkervirksomhed.,"3 Eventualposter mv. <br xmlns=""http://www.w3.org/1999/xhtml""/> Virksomheden har indgÃ¥et 4 leasingaftaler. Leasingforpligtelsen udgÃ¸r pr. 30.06.2013 kr. 236.916. <br xmlns=""http://www.w3.org/1999/xhtml""/><br xmlns=""http://www.w3.org/1999/xhtml""/>           <br xmlns=""http://www.w3.org/1999/xhtml""/>","1 Personaleomkostninger <br xmlns=""http://www.w3.org/1999/xhtml""/> LÃ¸nninger  1.248.521 2.130.083<br xmlns=""http://www.w3.org/1999/xhtml""/> Pensioner  142.769 243.181<br xmlns=""http://www.w3.org/1999/xhtml""/> Andre omkostninger til social sikring  30.437 53.566<br xmlns=""http://www.w3.org/1999/xhtml""/>    <br xmlns=""http://www.w3.org/1999/xhtml""/> Personaleomkostninger i alt  1.421.727 2.426.830<br xmlns=""http://www.w3.org/1999/xhtml""/>    <br xmlns=""http://www.w3.org/1999/xhtml""/>    <br xmlns=""http://www.w3.org/1999/xhtml""/>","2 Egenkapital <br xmlns=""http://www.w3.org/1999/xhtml""/>  <br xmlns=""http://www.w3.org/1999/xhtml""/>  <br xmlns=""http://www.w3.org/1999/xhtml""/> Virksomhedskapital  125.000 0 0 125.000<br xmlns=""http://www.w3.org/1999/xhtml""/> Overkurs ved emission  273.229 0 0 273.229<br xmlns=""http://www.w3.org/1999/xhtml""/> Forslag til udbytte for<br xmlns=""http://www.w3.org/1999/xhtml""/> regnskabsÃ¥ret  275.978 -275.978 257.468 257.468<br xmlns=""http://www.w3.org/1999/xhtml""/>        <br xmlns=""http://www.w3.org/1999/xhtml""/> 674.207 -275.978 257.468 655.697<br xmlns=""http://www.w3.org/1999/xhtml""/>        <br xmlns=""http://www.w3.org/1999/xhtml""/>  <br xmlns=""http://www.w3.org/1999/xhtml""/>","4 PantsÃ¦tninger og sikkerhedsstillelser <br xmlns=""http://www.w3.org/1999/xhtml""/> Der er ingen pantsÃ¦tninger og sikkerhedsstillelser.<br xmlns=""http://www.w3.org/1999/xhtml""/><br xmlns=""http://www.w3.org/1999/xhtml""/><br xmlns=""http://www.w3.org/1999/xhtml""/>           <br xmlns=""http://www.w3.org/1999/xhtml""/>",Ejerforhold,,,32268919.0,Direktionen har dags dato behandlet og godkendt Ã¥rsrapporten for perioden 1. juli 2012 - 30. juni 2013 for TÃ¸mrerfirmaet Tag-Kvisten ApS.,"Vi har revideret Ã¥rsregnskabet for TÃ¸mrerfirmaet Tag-Kvisten ApS for perioden 1. juli 2012 - 30. juni 2013, der omfatter anvendt regnskabspraksis, resultatopgÃ¸relse, balance og noter. Ãrsregnskabet udarbejdes efter Ã¥rsregnskabsloven.","GENERELTÃrsregnskabet for TÃ¸mrerfirmaet Tag-Kvisten ApS for 2012/13 er udarbejdet i overensstemmelse med Ã¥rsregnskabslovens bestemmelser for selskaber i regnskabsklasse B med tilvalg af enkelte regler for klasse C-selskaber.<br xmlns=""http://www.w3.org/1999/xhtml""/>Ãrsregnskabet er aflagt efter samme regnskabspraksis som sidste Ã¥r og aflÃ¦gges i danske kroner.",Ãrsrapport,Peter Henriksen,Peter Kvist,Peter Kvist,TÃ¸mrerfirmaet Tag-Kvisten ApS,Kappelskov Revision Registreret Revisionsaktieselskab,"Konklusion<br xmlns=""http://www.w3.org/1999/xhtml""/>Det er vores opfattelse, at Ã¥rsregnskabet giver et retvisende billede af selskabets aktiver, passiver og finansielle stilling pr. 30. juni 2013 samt af resultatet af selskabets aktiviteter for perioden 1. juli 2012 - 30. juni 2013 i overensstemmelse med Ã¥rsregnskabsloven.",,HillerÃ¸d,,,Ãrsrapporten indstilles til generalforsamlingens godkendelse.,2013-06-30,2012-07-01,,2013-11-27,HillerÃ¸d,"Revisors ansvar<br xmlns=""http://www.w3.org/1999/xhtml""/>Vores ansvar er at udtrykke en konklusion om Ã¥rsregnskabet pÃ¥ grundlag af vores revision. Vi har udfÃ¸rt revisionen i overensstemmelse med internationale standarder om revision og yderligere krav ifÃ¸lge dansk revisorlovgivning. Dette krÃ¦ver, at vi overholder etiske krav samt planlÃ¦gger og udfÃ¸rer revisionen for at opnÃ¥ hÃ¸j grad af sikkerhed for, om Ã¥rsregnskabet er uden vÃ¦sentlig fejlinformation.En revision omfatter udfÃ¸relse af revisionshandlinger for at opnÃ¥ revisionsbevis for belÃ¸b og oplysninger i Ã¥rsregnskabet. De valgte revisionshandlinger afhÃ¦nger af revisors vurdering, herunder vurdering af risici for vÃ¦sentlig fejlinformation i Ã¥rsregnskabet, uanset om denne skyldes besvigelser eller fejl. Ved risikovurderingen overvejer revisor intern kontrol, der er relevant for selskabets udarbejdelse af et Ã¥rsregnskab, der giver et retvisende billede. FormÃ¥let hermed er at udforme revisionshandlinger, der er passende efter omstÃ¦ndighederne, men ikke at udtrykke en konklusion om effektiviteten af selskabets interne kontrol. En revision omfatter endvidere vurdering af, om ledelsens valg af regnskabspraksis er passende, om ledelsens regnskabsmÃ¦ssige skÃ¸n er rimelige samt den samlede prÃ¦sentation af Ã¥rsregnskabet.<br xmlns=""http://www.w3.org/1999/xhtml""/>Det er vores opfattelse, at det opnÃ¥ede revisionsbevis er tilstrÃ¦kkeligt og egnet som grundlag for vor konklusion.Revisionen har ikke givet anledning til forbehold.","Ledelsens ansvar for Ã¥rsregnskabet<br xmlns=""http://www.w3.org/1999/xhtml""/>Selskabets ledelse har ansvaret for udarbejdelsen af et Ã¥rsregnskab, der giver et retvisende billede i overensstemmelse med Ã¥rsregnskabsloven. Ledelsen har endvidere ansvaret for den interne kontrol, som ledelsen anser nÃ¸dvendig for at udarbejde et Ã¥rsregnskab uden vÃ¦sentlig fejlinformation, uanset om denne skyldes besvigelser eller fejl.","Revision af Ã¥rsregnskabSelskabet opfylder bestemmelserne i Ã¥rsregnskabslovens Â§ 135 og har derved mulighed for at aflÃ¦gge et ikke revideret Ã¥rsregnskab. Selskabets ledelse indstiller til generalforsamlingens godkendelse, at selskabets Ã¥rsregnskab fremover ikke revideres.Dirigentens noteringerGeneralforsamlingen har dags dato behandlet og godkendt ledelsens forslag om at undlade revision.<br xmlns=""http://www.w3.org/1999/xhtml""/>HillerÃ¸d, den       /        2013Dirigent",,48252068.0,urn:ofk:oid:20283708,indberetninger-20180424,2.5097403999999996,32268919.0,,2018-04-01T22:07:46.440Z,2013-12-02T23:00:00.000Z,regnskab,0.0,,2013-06-30,2012-07-01,13-301.673,2013-12-02T23:00:00.000Z,1032006.0,394477.0,20570.0,-125000.0,921006.0,55930.0,-674207.0,0.0,111000.0,111000.0,-1032006.0,-314770.0,111000.0,-212965.0,0.0,-275978.0,-43029.0,-43029.0,-273229.0,19300.0,-314770.0,0.0,-29324.0,507229.0,257329.0,-10550.0,-61931.0,173400.0,
32268919,2012-07-01,2013-06-30,Per01072012_30062013,http://regnskaber.virk.dk/91986223/Y3ZyLmRrOi8vcGRmcy8zMjI2ODkxOTtBcFM0NTc2NjA7MjAxMjA3MDE7MjAxMzA2MzA7UjtS.pdf,http://regnskaber.virk.dk/91986223/Y3ZyLmRrOi8veGJybHMvWC05QjQ0QTQ4Ny0yMDEzMTIwMl8xMzU5MzJfMTY0.xml,3400 HillerÃ¸d,Milnersvej 7,3400  HillerÃ¸d,BrÃ¸deskovparken 2,3400 HillerÃ¸d,Milnersvej 7,Til kapitalejerne af TÃ¸mrerfirmaet Tag-Kvisten ApS,Regnskabsklasse B,Ãrsrapporten aflÃ¦gges i overensstemmelse med Ã¥rsregnskabsloven.,"Det er min opfattelse, at Ã¥rsregnskabet giver et retvisende billede af selskabets aktiver, passiver og finansielle stilling pr. 30. juni 2013 samt af resultatet af selskabets aktiviteter for perioden 1. juli 2012 - 30. juni 2013.<br xmlns=""http://www.w3.org/1999/xhtml""/>",2013-11-27,2013-11-29,74000.0,Registreret revisor,"Generelt om indregning og mÃ¥ling<br xmlns=""http://www.w3.org/1999/xhtml""/>Regnskabet er udarbejdet med udgangspunkt i det historiske kostprisprincip.<br xmlns=""http://www.w3.org/1999/xhtml""/>IndtÃ¦gter indregnes i resultatopgÃ¸relsen i takt med at de indtjenes. Herudover indregnes vÃ¦rdireguleringer af finansielle aktiver og forpligtelser, der mÃ¥les til dagsvÃ¦rdi eller amortiseret kostpris. Endvidere indregnes i resultatopgÃ¸relsen alle omkostninger, der er afholdt for at opnÃ¥ Ã¥rets indtjening, herunder afskrivninger, nedskrivninger og hensatte forpligtelser samt tilbagefÃ¸rsler som fÃ¸lge af Ã¦ndrede regnskabsmÃ¦ssige skÃ¸n af belÃ¸b, der tidligere har vÃ¦ret indregnet i resultatopgÃ¸relsen.<br xmlns=""http://www.w3.org/1999/xhtml""/>Aktiver indregnes i balancen, nÃ¥r det er sandsynligt at fremtidige Ã¸konomiske fordele vil tilflyde selskabet, og aktivets vÃ¦rdi kan mÃ¥les pÃ¥lideligt.<br xmlns=""http://www.w3.org/1999/xhtml""/>Forpligtelser indregnes i balancen, nÃ¥r det er sandsynligt, at fremtidige Ã¸konomiske fordele vil fragÃ¥ selskabet, og forpligtelsens vÃ¦rdi kan mÃ¥les pÃ¥lideligt.<br xmlns=""http://www.w3.org/1999/xhtml""/>Ved fÃ¸rste indregning mÃ¥les aktiver og forpligtelser til kostpris. EfterfÃ¸lgende mÃ¥les aktiver og forpligtelser som beskrevet for hver enkelt.<br xmlns=""http://www.w3.org/1999/xhtml""/>Visse finansielle aktiver og forpligtelser mÃ¥les til amortiseret kostpris, hvorved der indregnes en konstant effektiv rente over lÃ¸betiden. Amortiseret kostpris opgÃ¸res som oprindelig kostpris med fradrag af afdrag og tillÃ¦g/fradrag af den akkumulerede amortisering af forskellen mellem kostprisen og det nominelle belÃ¸b.<br xmlns=""http://www.w3.org/1999/xhtml""/>Ved indregning og mÃ¥ling tages hensyn til forudsigelige tab og risici, der fremkommer, inden Ã¥rsregnskabet aflÃ¦gges, og som be- eller afkrÃ¦fter forhold, der eksisterer pÃ¥ balancedagen.",UdbytteForslag til udbytte for regnskabsÃ¥ret indregnes som en sÃ¦rskilt post under egenkapitalen. Forslag til udbytte indregnes som en forpligtelse pÃ¥ tidspunktet for vedtagelse pÃ¥ generalforsamlingen.,BALANCEN,PeriodeafgrÃ¦nsningsposterPeriodeafgrÃ¦nsningsposter indregnet under aktiver omfatter afholdte omkostninger vedrÃ¸rende efterfÃ¸lgende regnskabsÃ¥r.,"Personaleomkostninger<br xmlns=""http://www.w3.org/1999/xhtml""/>Personaleomkostninger omfatter lÃ¸nninger og Ã¸vrige lÃ¸nrelaterede omkostninger, herunder sygedagpenge til virksomhedens ansatte med fradrag af lÃ¸nrefusioner fra det offentlige.","Andre eksterne omkostningerAndre eksterne omkostninger omfatter omkostninger til salg, reklame, administration, lokaler, tab pÃ¥ debitorer, operationelle leasingomkostninger mv.","Finansielle indtÃ¦gter og omkostningerFinansielle indtÃ¦gter og omkostninger indregnes i resultatopgÃ¸relsen med de belÃ¸b, der vedrÃ¸rer regnskabsÃ¥ret. Finansielle poster omfatter renteindtÃ¦gter og -omkostninger, finansielle omkostninger ved finansiel leasing, realiserede og urealiserede kursgevinster og -tab vedrÃ¸rende vÃ¦rdipapirer, gÃ¦ld og transaktioner i fremmed valuta, amortisering af realkreditlÃ¥n samt tillÃ¦g og godtgÃ¸relser under acontoskatteordningen mv. Udbytte fra andre kapitalandele indtÃ¦gtsfÃ¸res i det regnskabsÃ¥r, hvor udbyttet deklareres.","RESULTATOPGÃRELSEN<br xmlns=""http://www.w3.org/1999/xhtml""/>GenereltMed henvisning til Ã¥rsregnskabslovens Â§ 32 er visse indtÃ¦gter og omkostninger sammendraget i regnskabsposten bruttofortjeneste.Bruttofortjeneste Bruttofortjenesten bestÃ¥r af sammentrÃ¦kning af regnskabsposterne ânettoomsÃ¦tning, Ã¦ndring i lagre af fÃ¦rdigvarer, varer under fremstilling og handelsvarer, andre driftsindtÃ¦gter, omkostninger til rÃ¥varer og hjÃ¦lpematerialer samt andre eksterne omkostningerâ.","Goodwill<br xmlns=""http://www.w3.org/1999/xhtml""/>Erhvervet goodwill mÃ¥les til kostpris med fradrag af akkumulerede afskrivninger. Goodwill afskrives lineÃ¦rt over den vurderede Ã¸konomiske brugstid, der er vurderet til x Ã¥r.","GÃ¦ldsforpligtelser<br xmlns=""http://www.w3.org/1999/xhtml""/>Andre gÃ¦ldsforpligtelser, som omfatter gÃ¦ld til leverandÃ¸rer, tilknyttede og associerede virksomheder samt anden gÃ¦ld, mÃ¥les til amortiseret kostpris, hvilket sÃ¦dvanligvis svarer til nominel vÃ¦rdi.",Omkostninger til rÃ¥varer og hjÃ¦lpematerialerOmkostninger til rÃ¥varer og hjÃ¦lpematerialer omfatter varekÃ¸b med fradrag af rabatter samt Ã¥rets forskydning i varebeholdningerne.,"TilgodehavenderTilgodehavender mÃ¥les til amortiseret kostpris, hvilket sÃ¦dvanligvis svarer til nominel vÃ¦rdi. VÃ¦rdien reduceres med nedskrivning til imÃ¸degÃ¥else af forventede tab.<br xmlns=""http://www.w3.org/1999/xhtml""/>Nedskrivninger til tab opgÃ¸res pÃ¥ grundlag af en individuel vurdering af de enkelte tilgodehavender.","NettoomsÃ¦tning<br xmlns=""http://www.w3.org/1999/xhtml""/>NettoomsÃ¦tningen ved salg af handelsvarer og fÃ¦rdigvarer indregnes i resultatopgÃ¸relsen, sÃ¥fremt levering og risikoovergang til kÃ¸ber har fundet sted inden Ã¥rets udgang. NettoomsÃ¦tningen indregnes ekskl. moms og med fradrag af rabatter i forbindelse med salget.","Skat af Ã¥rets resultatÃrets skat, som bestÃ¥r af Ã¥rets aktuelle skat og forskydning i udskudt skat, indregnes i resultatopgÃ¸relsen med den del, der kan henfÃ¸res til Ã¥rets resultat, og direkte pÃ¥ egenkapitalen med den del, der kan henfÃ¸res til posteringer direkte pÃ¥ egenkapitalen.","Selskabsskat og udskudt skatAktuelle skatteforpligtelser og tilgodehavende aktuel skat indregnes i balancen som beregnet skat af Ã¥rets skattepligtige indkomst reguleret for skat af tidligere Ã¥rs skattepligtige indkomster samt for betalte acontoskatter.Udskudt skat mÃ¥les efter den balanceorienterede gÃ¦ldsmetode af midlertidige forskelle mellem regnskabsmÃ¦ssig og skattemÃ¦ssig vÃ¦rdi af aktiver og forpligtelser. I de tilfÃ¦lde, f.eks. vedrÃ¸rende aktier, hvor opgÃ¸relse af skattevÃ¦rdien kan foretages efter alternative beskatningsregler, mÃ¥les udskudt skat pÃ¥ grundlag af den planlagte anvendelse af aktivet henholdsvis afvikling af forpligtelsen.Udskudte skatteaktiver, herunder skattevÃ¦rdien af fremfÃ¸rselsberettiget skattemÃ¦ssigt underskud, mÃ¥les til den vÃ¦rdi, hvortil aktivet forventes at kunne realiseres, enten ved udligning i skat af fremtidig indtjening eller ved modregning i udskudte skatteforpligtelser inden for samme juridiske skatteenhed. Eventuelle udskudte nettoskatteaktiver mÃ¥les til nettorealisationsvÃ¦rdi.<br xmlns=""http://www.w3.org/1999/xhtml""/>Udskudt skat mÃ¥les pÃ¥ grundlag af de skatteregler og skattesatser, der med balancedagens lovgivning vil vÃ¦re gÃ¦ldende, nÃ¥r den udskudte skat forventes udlÃ¸st som aktuel skat. Ãndring i udskudt skat som fÃ¸lge af Ã¦ndringer i skattesatser indregnes i resultatopgÃ¸relsen.",Som mÃ¥levaluta benyttes danske kroner. Alle andre valutaer anses som fremmed valuta.,HovedaktivitetSelskabet driver tÃ¸mrer- og bygningssnedkervirksomhed.,"3 Eventualposter mv. <br xmlns=""http://www.w3.org/1999/xhtml""/> Virksomheden har indgÃ¥et 4 leasingaftaler. Leasingforpligtelsen udgÃ¸r pr. 30.06.2013 kr. 236.916. <br xmlns=""http://www.w3.org/1999/xhtml""/><br xmlns=""http://www.w3.org/1999/xhtml""/>           <br xmlns=""http://www.w3.org/1999/xhtml""/>","1 Personaleomkostninger <br xmlns=""http://www.w3.org/1999/xhtml""/> LÃ¸nninger  1.248.521 2.130.083<br xmlns=""http://www.w3.org/1999/xhtml""/> Pensioner  142.769 243.181<br xmlns=""http://www.w3.org/1999/xhtml""/> Andre omkostninger til social sikring  30.437 53.566<br xmlns=""http://www.w3.org/1999/xhtml""/>    <br xmlns=""http://www.w3.org/1999/xhtml""/> Personaleomkostninger i alt  1.421.727 2.426.830<br xmlns=""http://www.w3.org/1999/xhtml""/>    <br xmlns=""http://www.w3.org/1999/xhtml""/>    <br xmlns=""http://www.w3.org/1999/xhtml""/>","2 Egenkapital <br xmlns=""http://www.w3.org/1999/xhtml""/>  <br xmlns=""http://www.w3.org/1999/xhtml""/>  <br xmlns=""http://www.w3.org/1999/xhtml""/> Virksomhedskapital  125.000 0 0 125.000<br xmlns=""http://www.w3.org/1999/xhtml""/> Overkurs ved emission  273.229 0 0 273.229<br xmlns=""http://www.w3.org/1999/xhtml""/> Forslag til udbytte for<br xmlns=""http://www.w3.org/1999/xhtml""/> regnskabsÃ¥ret  275.978 -275.978 257.468 257.468<br xmlns=""http://www.w3.org/1999/xhtml""/>        <br xmlns=""http://www.w3.org/1999/xhtml""/> 674.207 -275.978 257.468 655.697<br xmlns=""http://www.w3.org/1999/xhtml""/>        <br xmlns=""http://www.w3.org/1999/xhtml""/>  <br xmlns=""http://www.w3.org/1999/xhtml""/>","4 PantsÃ¦tninger og sikkerhedsstillelser <br xmlns=""http://www.w3.org/1999/xhtml""/> Der er ingen pantsÃ¦tninger og sikkerhedsstillelser.<br xmlns=""http://www.w3.org/1999/xhtml""/><br xmlns=""http://www.w3.org/1999/xhtml""/><br xmlns=""http://www.w3.org/1999/xhtml""/>           <br xmlns=""http://www.w3.org/1999/xhtml""/>",Ejerforhold,1421727.0,-1835894.0,32268919.0,Direktionen har dags dato behandlet og godkendt Ã¥rsrapporten for perioden 1. juli 2012 - 30. juni 2013 for TÃ¸mrerfirmaet Tag-Kvisten ApS.,"Vi har revideret Ã¥rsregnskabet for TÃ¸mrerfirmaet Tag-Kvisten ApS for perioden 1. juli 2012 - 30. juni 2013, der omfatter anvendt regnskabspraksis, resultatopgÃ¸relse, balance og noter. Ãrsregnskabet udarbejdes efter Ã¥rsregnskabsloven.","GENERELTÃrsregnskabet for TÃ¸mrerfirmaet Tag-Kvisten ApS for 2012/13 er udarbejdet i overensstemmelse med Ã¥rsregnskabslovens bestemmelser for selskaber i regnskabsklasse B med tilvalg af enkelte regler for klasse C-selskaber.<br xmlns=""http://www.w3.org/1999/xhtml""/>Ãrsregnskabet er aflagt efter samme regnskabspraksis som sidste Ã¥r og aflÃ¦gges i danske kroner.",Ãrsrapport,Peter Henriksen,Peter Kvist,Peter Kvist,TÃ¸mrerfirmaet Tag-Kvisten ApS,Kappelskov Revision Registreret Revisionsaktieselskab,"Konklusion<br xmlns=""http://www.w3.org/1999/xhtml""/>Det er vores opfattelse, at Ã¥rsregnskabet giver et retvisende billede af selskabets aktiver, passiver og finansielle stilling pr. 30. juni 2013 samt af resultatet af selskabets aktiviteter for perioden 1. juli 2012 - 30. juni 2013 i overensstemmelse med Ã¥rsregnskabsloven.",-3907.0,HillerÃ¸d,-257468.0,-340167.0,Ãrsrapporten indstilles til generalforsamlingens godkendelse.,2013-06-30,2012-07-01,510.0,2013-11-27,HillerÃ¸d,"Revisors ansvar<br xmlns=""http://www.w3.org/1999/xhtml""/>Vores ansvar er at udtrykke en konklusion om Ã¥rsregnskabet pÃ¥ grundlag af vores revision. Vi har udfÃ¸rt revisionen i overensstemmelse med internationale standarder om revision og yderligere krav ifÃ¸lge dansk revisorlovgivning. Dette krÃ¦ver, at vi overholder etiske krav samt planlÃ¦gger og udfÃ¸rer revisionen for at opnÃ¥ hÃ¸j grad af sikkerhed for, om Ã¥rsregnskabet er uden vÃ¦sentlig fejlinformation.En revision omfatter udfÃ¸relse af revisionshandlinger for at opnÃ¥ revisionsbevis for belÃ¸b og oplysninger i Ã¥rsregnskabet. De valgte revisionshandlinger afhÃ¦nger af revisors vurdering, herunder vurdering af risici for vÃ¦sentlig fejlinformation i Ã¥rsregnskabet, uanset om denne skyldes besvigelser eller fejl. Ved risikovurderingen overvejer revisor intern kontrol, der er relevant for selskabets udarbejdelse af et Ã¥rsregnskab, der giver et retvisende billede. FormÃ¥let hermed er at udforme revisionshandlinger, der er passende efter omstÃ¦ndighederne, men ikke at udtrykke en konklusion om effektiviteten af selskabets interne kontrol. En revision omfatter endvidere vurdering af, om ledelsens valg af regnskabspraksis er passende, om ledelsens regnskabsmÃ¦ssige skÃ¸n er rimelige samt den samlede prÃ¦sentation af Ã¥rsregnskabet.<br xmlns=""http://www.w3.org/1999/xhtml""/>Det er vores opfattelse, at det opnÃ¥ede revisionsbevis er tilstrÃ¦kkeligt og egnet som grundlag for vor konklusion.Revisionen har ikke givet anledning til forbehold.","Ledelsens ansvar for Ã¥rsregnskabet<br xmlns=""http://www.w3.org/1999/xhtml""/>Selskabets ledelse har ansvaret for udarbejdelsen af et Ã¥rsregnskab, der giver et retvisende billede i overensstemmelse med Ã¥rsregnskabsloven. Ledelsen har endvidere ansvaret for den interne kontrol, som ledelsen anser nÃ¸dvendig for at udarbejde et Ã¥rsregnskab uden vÃ¦sentlig fejlinformation, uanset om denne skyldes besvigelser eller fejl.","Revision af Ã¥rsregnskabSelskabet opfylder bestemmelserne i Ã¥rsregnskabslovens Â§ 135 og har derved mulighed for at aflÃ¦gge et ikke revideret Ã¥rsregnskab. Selskabets ledelse indstiller til generalforsamlingens godkendelse, at selskabets Ã¥rsregnskab fremover ikke revideres.Dirigentens noteringerGeneralforsamlingen har dags dato behandlet og godkendt ledelsens forslag om at undlade revision.<br xmlns=""http://www.w3.org/1999/xhtml""/>HillerÃ¸d, den       /        2013Dirigent",86096.0,48252068.0,urn:ofk:oid:20283708,indberetninger-20180424,2.5097403999999996,32268919.0,,2018-04-01T22:07:46.440Z,2013-12-02T23:00:00.000Z,regnskab,0.0,,2013-06-30,2012-07-01,13-301.673,2013-12-02T23:00:00.000Z,,,,,,,,,,,,,,,,,,,,,,,,,,,,,Kappelskov Revision Registreret Revisionsaktieselskab
32268919,2012-07-01,2013-06-30,Per01072012_30062013_0_Identifikation_af_revisor,http://regnskaber.virk.dk/91986223/Y3ZyLmRrOi8vcGRmcy8zMjI2ODkxOTtBcFM0NTc2NjA7MjAxMjA3MDE7MjAxMzA2MzA7UjtS.pdf,http://regnskaber.virk.dk/91986223/Y3ZyLmRrOi8veGJybHMvWC05QjQ0QTQ4Ny0yMDEzMTIwMl8xMzU5MzJfMTY0.xml,3400 HillerÃ¸d,Milnersvej 7,3400  HillerÃ¸d,BrÃ¸deskovparken 2,3400 HillerÃ¸d,Milnersvej 7,Til kapitalejerne af TÃ¸mrerfirmaet Tag-Kvisten ApS,Regnskabsklasse B,Ãrsrapporten aflÃ¦gges i overensstemmelse med Ã¥rsregnskabsloven.,"Det er min opfattelse, at Ã¥rsregnskabet giver et retvisende billede af selskabets aktiver, passiver og finansielle stilling pr. 30. juni 2013 samt af resultatet af selskabets aktiviteter for perioden 1. juli 2012 - 30. juni 2013.<br xmlns=""http://www.w3.org/1999/xhtml""/>",2013-11-27,2013-11-29,,Registreret revisor,"Generelt om indregning og mÃ¥ling<br xmlns=""http://www.w3.org/1999/xhtml""/>Regnskabet er udarbejdet med udgangspunkt i det historiske kostprisprincip.<br xmlns=""http://www.w3.org/1999/xhtml""/>IndtÃ¦gter indregnes i resultatopgÃ¸relsen i takt med at de indtjenes. Herudover indregnes vÃ¦rdireguleringer af finansielle aktiver og forpligtelser, der mÃ¥les til dagsvÃ¦rdi eller amortiseret kostpris. Endvidere indregnes i resultatopgÃ¸relsen alle omkostninger, der er afholdt for at opnÃ¥ Ã¥rets indtjening, herunder afskrivninger, nedskrivninger og hensatte forpligtelser samt tilbagefÃ¸rsler som fÃ¸lge af Ã¦ndrede regnskabsmÃ¦ssige skÃ¸n af belÃ¸b, der tidligere har vÃ¦ret indregnet i resultatopgÃ¸relsen.<br xmlns=""http://www.w3.org/1999/xhtml""/>Aktiver indregnes i balancen, nÃ¥r det er sandsynligt at fremtidige Ã¸konomiske fordele vil tilflyde selskabet, og aktivets vÃ¦rdi kan mÃ¥les pÃ¥lideligt.<br xmlns=""http://www.w3.org/1999/xhtml""/>Forpligtelser indregnes i balancen, nÃ¥r det er sandsynligt, at fremtidige Ã¸konomiske fordele vil fragÃ¥ selskabet, og forpligtelsens vÃ¦rdi kan mÃ¥les pÃ¥lideligt.<br xmlns=""http://www.w3.org/1999/xhtml""/>Ved fÃ¸rste indregning mÃ¥les aktiver og forpligtelser til kostpris. EfterfÃ¸lgende mÃ¥les aktiver og forpligtelser som beskrevet for hver enkelt.<br xmlns=""http://www.w3.org/1999/xhtml""/>Visse finansielle aktiver og forpligtelser mÃ¥les til amortiseret kostpris, hvorved der indregnes en konstant effektiv rente over lÃ¸betiden. Amortiseret kostpris opgÃ¸res som oprindelig kostpris med fradrag af afdrag og tillÃ¦g/fradrag af den akkumulerede amortisering af forskellen mellem kostprisen og det nominelle belÃ¸b.<br xmlns=""http://www.w3.org/1999/xhtml""/>Ved indregning og mÃ¥ling tages hensyn til forudsigelige tab og risici, der fremkommer, inden Ã¥rsregnskabet aflÃ¦gges, og som be- eller afkrÃ¦fter forhold, der eksisterer pÃ¥ balancedagen.",UdbytteForslag til udbytte for regnskabsÃ¥ret indregnes som en sÃ¦rskilt post under egenkapitalen. Forslag til udbytte indregnes som en forpligtelse pÃ¥ tidspunktet for vedtagelse pÃ¥ generalforsamlingen.,BALANCEN,PeriodeafgrÃ¦nsningsposterPeriodeafgrÃ¦nsningsposter indregnet under aktiver omfatter afholdte omkostninger vedrÃ¸rende efterfÃ¸lgende regnskabsÃ¥r.,"Personaleomkostninger<br xmlns=""http://www.w3.org/1999/xhtml""/>Personaleomkostninger omfatter lÃ¸nninger og Ã¸vrige lÃ¸nrelaterede omkostninger, herunder sygedagpenge til virksomhedens ansatte med fradrag af lÃ¸nrefusioner fra det offentlige.","Andre eksterne omkostningerAndre eksterne omkostninger omfatter omkostninger til salg, reklame, administration, lokaler, tab pÃ¥ debitorer, operationelle leasingomkostninger mv.","Finansielle indtÃ¦gter og omkostningerFinansielle indtÃ¦gter og omkostninger indregnes i resultatopgÃ¸relsen med de belÃ¸b, der vedrÃ¸rer regnskabsÃ¥ret. Finansielle poster omfatter renteindtÃ¦gter og -omkostninger, finansielle omkostninger ved finansiel leasing, realiserede og urealiserede kursgevinster og -tab vedrÃ¸rende vÃ¦rdipapirer, gÃ¦ld og transaktioner i fremmed valuta, amortisering af realkreditlÃ¥n samt tillÃ¦g og godtgÃ¸relser under acontoskatteordningen mv. Udbytte fra andre kapitalandele indtÃ¦gtsfÃ¸res i det regnskabsÃ¥r, hvor udbyttet deklareres.","RESULTATOPGÃRELSEN<br xmlns=""http://www.w3.org/1999/xhtml""/>GenereltMed henvisning til Ã¥rsregnskabslovens Â§ 32 er visse indtÃ¦gter og omkostninger sammendraget i regnskabsposten bruttofortjeneste.Bruttofortjeneste Bruttofortjenesten bestÃ¥r af sammentrÃ¦kning af regnskabsposterne ânettoomsÃ¦tning, Ã¦ndring i lagre af fÃ¦rdigvarer, varer under fremstilling og handelsvarer, andre driftsindtÃ¦gter, omkostninger til rÃ¥varer og hjÃ¦lpematerialer samt andre eksterne omkostningerâ.","Goodwill<br xmlns=""http://www.w3.org/1999/xhtml""/>Erhvervet goodwill mÃ¥les til kostpris med fradrag af akkumulerede afskrivninger. Goodwill afskrives lineÃ¦rt over den vurderede Ã¸konomiske brugstid, der er vurderet til x Ã¥r.","GÃ¦ldsforpligtelser<br xmlns=""http://www.w3.org/1999/xhtml""/>Andre gÃ¦ldsforpligtelser, som omfatter gÃ¦ld til leverandÃ¸rer, tilknyttede og associerede virksomheder samt anden gÃ¦ld, mÃ¥les til amortiseret kostpris, hvilket sÃ¦dvanligvis svarer til nominel vÃ¦rdi.",Omkostninger til rÃ¥varer og hjÃ¦lpematerialerOmkostninger til rÃ¥varer og hjÃ¦lpematerialer omfatter varekÃ¸b med fradrag af rabatter samt Ã¥rets forskydning i varebeholdningerne.,"TilgodehavenderTilgodehavender mÃ¥les til amortiseret kostpris, hvilket sÃ¦dvanligvis svarer til nominel vÃ¦rdi. VÃ¦rdien reduceres med nedskrivning til imÃ¸degÃ¥else af forventede tab.<br xmlns=""http://www.w3.org/1999/xhtml""/>Nedskrivninger til tab opgÃ¸res pÃ¥ grundlag af en individuel vurdering af de enkelte tilgodehavender.","NettoomsÃ¦tning<br xmlns=""http://www.w3.org/1999/xhtml""/>NettoomsÃ¦tningen ved salg af handelsvarer og fÃ¦rdigvarer indregnes i resultatopgÃ¸relsen, sÃ¥fremt levering og risikoovergang til kÃ¸ber har fundet sted inden Ã¥rets udgang. NettoomsÃ¦tningen indregnes ekskl. moms og med fradrag af rabatter i forbindelse med salget.","Skat af Ã¥rets resultatÃrets skat, som bestÃ¥r af Ã¥rets aktuelle skat og forskydning i udskudt skat, indregnes i resultatopgÃ¸relsen med den del, der kan henfÃ¸res til Ã¥rets resultat, og direkte pÃ¥ egenkapitalen med den del, der kan henfÃ¸res til posteringer direkte pÃ¥ egenkapitalen.","Selskabsskat og udskudt skatAktuelle skatteforpligtelser og tilgodehavende aktuel skat indregnes i balancen som beregnet skat af Ã¥rets skattepligtige indkomst reguleret for skat af tidligere Ã¥rs skattepligtige indkomster samt for betalte acontoskatter.Udskudt skat mÃ¥les efter den balanceorienterede gÃ¦ldsmetode af midlertidige forskelle mellem regnskabsmÃ¦ssig og skattemÃ¦ssig vÃ¦rdi af aktiver og forpligtelser. I de tilfÃ¦lde, f.eks. vedrÃ¸rende aktier, hvor opgÃ¸relse af skattevÃ¦rdien kan foretages efter alternative beskatningsregler, mÃ¥les udskudt skat pÃ¥ grundlag af den planlagte anvendelse af aktivet henholdsvis afvikling af forpligtelsen.Udskudte skatteaktiver, herunder skattevÃ¦rdien af fremfÃ¸rselsberettiget skattemÃ¦ssigt underskud, mÃ¥les til den vÃ¦rdi, hvortil aktivet forventes at kunne realiseres, enten ved udligning i skat af fremtidig indtjening eller ved modregning i udskudte skatteforpligtelser inden for samme juridiske skatteenhed. Eventuelle udskudte nettoskatteaktiver mÃ¥les til nettorealisationsvÃ¦rdi.<br xmlns=""http://www.w3.org/1999/xhtml""/>Udskudt skat mÃ¥les pÃ¥ grundlag af de skatteregler og skattesatser, der med balancedagens lovgivning vil vÃ¦re gÃ¦ldende, nÃ¥r den udskudte skat forventes udlÃ¸st som aktuel skat. Ãndring i udskudt skat som fÃ¸lge af Ã¦ndringer i skattesatser indregnes i resultatopgÃ¸relsen.",Som mÃ¥levaluta benyttes danske kroner. Alle andre valutaer anses som fremmed valuta.,HovedaktivitetSelskabet driver tÃ¸mrer- og bygningssnedkervirksomhed.,"3 Eventualposter mv. <br xmlns=""http://www.w3.org/1999/xhtml""/> Virksomheden har indgÃ¥et 4 leasingaftaler. Leasingforpligtelsen udgÃ¸r pr. 30.06.2013 kr. 236.916. <br xmlns=""http://www.w3.org/1999/xhtml""/><br xmlns=""http://www.w3.org/1999/xhtml""/>           <br xmlns=""http://www.w3.org/1999/xhtml""/>","1 Personaleomkostninger <br xmlns=""http://www.w3.org/1999/xhtml""/> LÃ¸nninger  1.248.521 2.130.083<br xmlns=""http://www.w3.org/1999/xhtml""/> Pensioner  142.769 243.181<br xmlns=""http://www.w3.org/1999/xhtml""/> Andre omkostninger til social sikring  30.437 53.566<br xmlns=""http://www.w3.org/1999/xhtml""/>    <br xmlns=""http://www.w3.org/1999/xhtml""/> Personaleomkostninger i alt  1.421.727 2.426.830<br xmlns=""http://www.w3.org/1999/xhtml""/>    <br xmlns=""http://www.w3.org/1999/xhtml""/>    <br xmlns=""http://www.w3.org/1999/xhtml""/>","2 Egenkapital <br xmlns=""http://www.w3.org/1999/xhtml""/>  <br xmlns=""http://www.w3.org/1999/xhtml""/>  <br xmlns=""http://www.w3.org/1999/xhtml""/> Virksomhedskapital  125.000 0 0 125.000<br xmlns=""http://www.w3.org/1999/xhtml""/> Overkurs ved emission  273.229 0 0 273.229<br xmlns=""http://www.w3.org/1999/xhtml""/> Forslag til udbytte for<br xmlns=""http://www.w3.org/1999/xhtml""/> regnskabsÃ¥ret  275.978 -275.978 257.468 257.468<br xmlns=""http://www.w3.org/1999/xhtml""/>        <br xmlns=""http://www.w3.org/1999/xhtml""/> 674.207 -275.978 257.468 655.697<br xmlns=""http://www.w3.org/1999/xhtml""/>        <br xmlns=""http://www.w3.org/1999/xhtml""/>  <br xmlns=""http://www.w3.org/1999/xhtml""/>","4 PantsÃ¦tninger og sikkerhedsstillelser <br xmlns=""http://www.w3.org/1999/xhtml""/> Der er ingen pantsÃ¦tninger og sikkerhedsstillelser.<br xmlns=""http://www.w3.org/1999/xhtml""/><br xmlns=""http://www.w3.org/1999/xhtml""/><br xmlns=""http://www.w3.org/1999/xhtml""/>           <br xmlns=""http://www.w3.org/1999/xhtml""/>",Ejerforhold,,,32268919.0,Direktionen har dags dato behandlet og godkendt Ã¥rsrapporten for perioden 1. juli 2012 - 30. juni 2013 for TÃ¸mrerfirmaet Tag-Kvisten ApS.,"Vi har revideret Ã¥rsregnskabet for TÃ¸mrerfirmaet Tag-Kvisten ApS for perioden 1. juli 2012 - 30. juni 2013, der omfatter anvendt regnskabspraksis, resultatopgÃ¸relse, balance og noter. Ãrsregnskabet udarbejdes efter Ã¥rsregnskabsloven.","GENERELTÃrsregnskabet for TÃ¸mrerfirmaet Tag-Kvisten ApS for 2012/13 er udarbejdet i overensstemmelse med Ã¥rsregnskabslovens bestemmelser for selskaber i regnskabsklasse B med tilvalg af enkelte regler for klasse C-selskaber.<br xmlns=""http://www.w3.org/1999/xhtml""/>Ãrsregnskabet er aflagt efter samme regnskabspraksis som sidste Ã¥r og aflÃ¦gges i danske kroner.",Ãrsrapport,Peter Henriksen,Peter Kvist,Peter Kvist,TÃ¸mrerfirmaet Tag-Kvisten ApS,Kappelskov Revision Registreret Revisionsaktieselskab,"Konklusion<br xmlns=""http://www.w3.org/1999/xhtml""/>Det er vores opfattelse, at Ã¥rsregnskabet giver et retvisende billede af selskabets aktiver, passiver og finansielle stilling pr. 30. juni 2013 samt af resultatet af selskabets aktiviteter for perioden 1. juli 2012 - 30. juni 2013 i overensstemmelse med Ã¥rsregnskabsloven.",,HillerÃ¸d,,,Ãrsrapporten indstilles til generalforsamlingens godkendelse.,2013-06-30,2012-07-01,,2013-11-27,HillerÃ¸d,"Revisors ansvar<br xmlns=""http://www.w3.org/1999/xhtml""/>Vores ansvar er at udtrykke en konklusion om Ã¥rsregnskabet pÃ¥ grundlag af vores revision. Vi har udfÃ¸rt revisionen i overensstemmelse med internationale standarder om revision og yderligere krav ifÃ¸lge dansk revisorlovgivning. Dette krÃ¦ver, at vi overholder etiske krav samt planlÃ¦gger og udfÃ¸rer revisionen for at opnÃ¥ hÃ¸j grad af sikkerhed for, om Ã¥rsregnskabet er uden vÃ¦sentlig fejlinformation.En revision omfatter udfÃ¸relse af revisionshandlinger for at opnÃ¥ revisionsbevis for belÃ¸b og oplysninger i Ã¥rsregnskabet. De valgte revisionshandlinger afhÃ¦nger af revisors vurdering, herunder vurdering af risici for vÃ¦sentlig fejlinformation i Ã¥rsregnskabet, uanset om denne skyldes besvigelser eller fejl. Ved risikovurderingen overvejer revisor intern kontrol, der er relevant for selskabets udarbejdelse af et Ã¥rsregnskab, der giver et retvisende billede. FormÃ¥let hermed er at udforme revisionshandlinger, der er passende efter omstÃ¦ndighederne, men ikke at udtrykke en konklusion om effektiviteten af selskabets interne kontrol. En revision omfatter endvidere vurdering af, om ledelsens valg af regnskabspraksis er passende, om ledelsens regnskabsmÃ¦ssige skÃ¸n er rimelige samt den samlede prÃ¦sentation af Ã¥rsregnskabet.<br xmlns=""http://www.w3.org/1999/xhtml""/>Det er vores opfattelse, at det opnÃ¥ede revisionsbevis er tilstrÃ¦kkeligt og egnet som grundlag for vor konklusion.Revisionen har ikke givet anledning til forbehold.","Ledelsens ansvar for Ã¥rsregnskabet<br xmlns=""http://www.w3.org/1999/xhtml""/>Selskabets ledelse har ansvaret for udarbejdelsen af et Ã¥rsregnskab, der giver et retvisende billede i overensstemmelse med Ã¥rsregnskabsloven. Ledelsen har endvidere ansvaret for den interne kontrol, som ledelsen anser nÃ¸dvendig for at udarbejde et Ã¥rsregnskab uden vÃ¦sentlig fejlinformation, uanset om denne skyldes besvigelser eller fejl.","Revision af Ã¥rsregnskabSelskabet opfylder bestemmelserne i Ã¥rsregnskabslovens Â§ 135 og har derved mulighed for at aflÃ¦gge et ikke revideret Ã¥rsregnskab. Selskabets ledelse indstiller til generalforsamlingens godkendelse, at selskabets Ã¥rsregnskab fremover ikke revideres.Dirigentens noteringerGeneralforsamlingen har dags dato behandlet og godkendt ledelsens forslag om at undlade revision.<br xmlns=""http://www.w3.org/1999/xhtml""/>HillerÃ¸d, den       /        2013Dirigent",,48252068.0,urn:ofk:oid:20283708,indberetninger-20180424,2.5097403999999996,32268919.0,,2018-04-01T22:07:46.440Z,2013-12-02T23:00:00.000Z,regnskab,0.0,,2013-06-30,2012-07-01,13-301.673,2013-12-02T23:00:00.000Z,,,,,,,,,,,,,,,,,,,,,,,,,,,,,"Kappelskov Revision, Registreret Revisionsaktieselskab"
32268919,2012-07-01,2013-06-30,Per01072012_30062013_1_Identifikation_af_medlem_af_direktionen,http://regnskaber.virk.dk/91986223/Y3ZyLmRrOi8vcGRmcy8zMjI2ODkxOTtBcFM0NTc2NjA7MjAxMjA3MDE7MjAxMzA2MzA7UjtS.pdf,http://regnskaber.virk.dk/91986223/Y3ZyLmRrOi8veGJybHMvWC05QjQ0QTQ4Ny0yMDEzMTIwMl8xMzU5MzJfMTY0.xml,3400 HillerÃ¸d,Milnersvej 7,3400  HillerÃ¸d,BrÃ¸deskovparken 2,3400 HillerÃ¸d,Milnersvej 7,Til kapitalejerne af TÃ¸mrerfirmaet Tag-Kvisten ApS,Regnskabsklasse B,Ãrsrapporten aflÃ¦gges i overensstemmelse med Ã¥rsregnskabsloven.,"Det er min opfattelse, at Ã¥rsregnskabet giver et retvisende billede af selskabets aktiver, passiver og finansielle stilling pr. 30. juni 2013 samt af resultatet af selskabets aktiviteter for perioden 1. juli 2012 - 30. juni 2013.<br xmlns=""http://www.w3.org/1999/xhtml""/>",2013-11-27,2013-11-29,,Registreret revisor,"Generelt om indregning og mÃ¥ling<br xmlns=""http://www.w3.org/1999/xhtml""/>Regnskabet er udarbejdet med udgangspunkt i det historiske kostprisprincip.<br xmlns=""http://www.w3.org/1999/xhtml""/>IndtÃ¦gter indregnes i resultatopgÃ¸relsen i takt med at de indtjenes. Herudover indregnes vÃ¦rdireguleringer af finansielle aktiver og forpligtelser, der mÃ¥les til dagsvÃ¦rdi eller amortiseret kostpris. Endvidere indregnes i resultatopgÃ¸relsen alle omkostninger, der er afholdt for at opnÃ¥ Ã¥rets indtjening, herunder afskrivninger, nedskrivninger og hensatte forpligtelser samt tilbagefÃ¸rsler som fÃ¸lge af Ã¦ndrede regnskabsmÃ¦ssige skÃ¸n af belÃ¸b, der tidligere har vÃ¦ret indregnet i resultatopgÃ¸relsen.<br xmlns=""http://www.w3.org/1999/xhtml""/>Aktiver indregnes i balancen, nÃ¥r det er sandsynligt at fremtidige Ã¸konomiske fordele vil tilflyde selskabet, og aktivets vÃ¦rdi kan mÃ¥les pÃ¥lideligt.<br xmlns=""http://www.w3.org/1999/xhtml""/>Forpligtelser indregnes i balancen, nÃ¥r det er sandsynligt, at fremtidige Ã¸konomiske fordele vil fragÃ¥ selskabet, og forpligtelsens vÃ¦rdi kan mÃ¥les pÃ¥lideligt.<br xmlns=""http://www.w3.org/1999/xhtml""/>Ved fÃ¸rste indregning mÃ¥les aktiver og forpligtelser til kostpris. EfterfÃ¸lgende mÃ¥les aktiver og forpligtelser som beskrevet for hver enkelt.<br xmlns=""http://www.w3.org/1999/xhtml""/>Visse finansielle aktiver og forpligtelser mÃ¥les til amortiseret kostpris, hvorved der indregnes en konstant effektiv rente over lÃ¸betiden. Amortiseret kostpris opgÃ¸res som oprindelig kostpris med fradrag af afdrag og tillÃ¦g/fradrag af den akkumulerede amortisering af forskellen mellem kostprisen og det nominelle belÃ¸b.<br xmlns=""http://www.w3.org/1999/xhtml""/>Ved indregning og mÃ¥ling tages hensyn til forudsigelige tab og risici, der fremkommer, inden Ã¥rsregnskabet aflÃ¦gges, og som be- eller afkrÃ¦fter forhold, der eksisterer pÃ¥ balancedagen.",UdbytteForslag til udbytte for regnskabsÃ¥ret indregnes som en sÃ¦rskilt post under egenkapitalen. Forslag til udbytte indregnes som en forpligtelse pÃ¥ tidspunktet for vedtagelse pÃ¥ generalforsamlingen.,BALANCEN,PeriodeafgrÃ¦nsningsposterPeriodeafgrÃ¦nsningsposter indregnet under aktiver omfatter afholdte omkostninger vedrÃ¸rende efterfÃ¸lgende regnskabsÃ¥r.,"Personaleomkostninger<br xmlns=""http://www.w3.org/1999/xhtml""/>Personaleomkostninger omfatter lÃ¸nninger og Ã¸vrige lÃ¸nrelaterede omkostninger, herunder sygedagpenge til virksomhedens ansatte med fradrag af lÃ¸nrefusioner fra det offentlige.","Andre eksterne omkostningerAndre eksterne omkostninger omfatter omkostninger til salg, reklame, administration, lokaler, tab pÃ¥ debitorer, operationelle leasingomkostninger mv.","Finansielle indtÃ¦gter og omkostningerFinansielle indtÃ¦gter og omkostninger indregnes i resultatopgÃ¸relsen med de belÃ¸b, der vedrÃ¸rer regnskabsÃ¥ret. Finansielle poster omfatter renteindtÃ¦gter og -omkostninger, finansielle omkostninger ved finansiel leasing, realiserede og urealiserede kursgevinster og -tab vedrÃ¸rende vÃ¦rdipapirer, gÃ¦ld og transaktioner i fremmed valuta, amortisering af realkreditlÃ¥n samt tillÃ¦g og godtgÃ¸relser under acontoskatteordningen mv. Udbytte fra andre kapitalandele indtÃ¦gtsfÃ¸res i det regnskabsÃ¥r, hvor udbyttet deklareres.","RESULTATOPGÃRELSEN<br xmlns=""http://www.w3.org/1999/xhtml""/>GenereltMed henvisning til Ã¥rsregnskabslovens Â§ 32 er visse indtÃ¦gter og omkostninger sammendraget i regnskabsposten bruttofortjeneste.Bruttofortjeneste Bruttofortjenesten bestÃ¥r af sammentrÃ¦kning af regnskabsposterne ânettoomsÃ¦tning, Ã¦ndring i lagre af fÃ¦rdigvarer, varer under fremstilling og handelsvarer, andre driftsindtÃ¦gter, omkostninger til rÃ¥varer og hjÃ¦lpematerialer samt andre eksterne omkostningerâ.","Goodwill<br xmlns=""http://www.w3.org/1999/xhtml""/>Erhvervet goodwill mÃ¥les til kostpris med fradrag af akkumulerede afskrivninger. Goodwill afskrives lineÃ¦rt over den vurderede Ã¸konomiske brugstid, der er vurderet til x Ã¥r.","GÃ¦ldsforpligtelser<br xmlns=""http://www.w3.org/1999/xhtml""/>Andre gÃ¦ldsforpligtelser, som omfatter gÃ¦ld til leverandÃ¸rer, tilknyttede og associerede virksomheder samt anden gÃ¦ld, mÃ¥les til amortiseret kostpris, hvilket sÃ¦dvanligvis svarer til nominel vÃ¦rdi.",Omkostninger til rÃ¥varer og hjÃ¦lpematerialerOmkostninger til rÃ¥varer og hjÃ¦lpematerialer omfatter varekÃ¸b med fradrag af rabatter samt Ã¥rets forskydning i varebeholdningerne.,"TilgodehavenderTilgodehavender mÃ¥les til amortiseret kostpris, hvilket sÃ¦dvanligvis svarer til nominel vÃ¦rdi. VÃ¦rdien reduceres med nedskrivning til imÃ¸degÃ¥else af forventede tab.<br xmlns=""http://www.w3.org/1999/xhtml""/>Nedskrivninger til tab opgÃ¸res pÃ¥ grundlag af en individuel vurdering af de enkelte tilgodehavender.","NettoomsÃ¦tning<br xmlns=""http://www.w3.org/1999/xhtml""/>NettoomsÃ¦tningen ved salg af handelsvarer og fÃ¦rdigvarer indregnes i resultatopgÃ¸relsen, sÃ¥fremt levering og risikoovergang til kÃ¸ber har fundet sted inden Ã¥rets udgang. NettoomsÃ¦tningen indregnes ekskl. moms og med fradrag af rabatter i forbindelse med salget.","Skat af Ã¥rets resultatÃrets skat, som bestÃ¥r af Ã¥rets aktuelle skat og forskydning i udskudt skat, indregnes i resultatopgÃ¸relsen med den del, der kan henfÃ¸res til Ã¥rets resultat, og direkte pÃ¥ egenkapitalen med den del, der kan henfÃ¸res til posteringer direkte pÃ¥ egenkapitalen.","Selskabsskat og udskudt skatAktuelle skatteforpligtelser og tilgodehavende aktuel skat indregnes i balancen som beregnet skat af Ã¥rets skattepligtige indkomst reguleret for skat af tidligere Ã¥rs skattepligtige indkomster samt for betalte acontoskatter.Udskudt skat mÃ¥les efter den balanceorienterede gÃ¦ldsmetode af midlertidige forskelle mellem regnskabsmÃ¦ssig og skattemÃ¦ssig vÃ¦rdi af aktiver og forpligtelser. I de tilfÃ¦lde, f.eks. vedrÃ¸rende aktier, hvor opgÃ¸relse af skattevÃ¦rdien kan foretages efter alternative beskatningsregler, mÃ¥les udskudt skat pÃ¥ grundlag af den planlagte anvendelse af aktivet henholdsvis afvikling af forpligtelsen.Udskudte skatteaktiver, herunder skattevÃ¦rdien af fremfÃ¸rselsberettiget skattemÃ¦ssigt underskud, mÃ¥les til den vÃ¦rdi, hvortil aktivet forventes at kunne realiseres, enten ved udligning i skat af fremtidig indtjening eller ved modregning i udskudte skatteforpligtelser inden for samme juridiske skatteenhed. Eventuelle udskudte nettoskatteaktiver mÃ¥les til nettorealisationsvÃ¦rdi.<br xmlns=""http://www.w3.org/1999/xhtml""/>Udskudt skat mÃ¥les pÃ¥ grundlag af de skatteregler og skattesatser, der med balancedagens lovgivning vil vÃ¦re gÃ¦ldende, nÃ¥r den udskudte skat forventes udlÃ¸st som aktuel skat. Ãndring i udskudt skat som fÃ¸lge af Ã¦ndringer i skattesatser indregnes i resultatopgÃ¸relsen.",Som mÃ¥levaluta benyttes danske kroner. Alle andre valutaer anses som fremmed valuta.,HovedaktivitetSelskabet driver tÃ¸mrer- og bygningssnedkervirksomhed.,"3 Eventualposter mv. <br xmlns=""http://www.w3.org/1999/xhtml""/> Virksomheden har indgÃ¥et 4 leasingaftaler. Leasingforpligtelsen udgÃ¸r pr. 30.06.2013 kr. 236.916. <br xmlns=""http://www.w3.org/1999/xhtml""/><br xmlns=""http://www.w3.org/1999/xhtml""/>           <br xmlns=""http://www.w3.org/1999/xhtml""/>","1 Personaleomkostninger <br xmlns=""http://www.w3.org/1999/xhtml""/> LÃ¸nninger  1.248.521 2.130.083<br xmlns=""http://www.w3.org/1999/xhtml""/> Pensioner  142.769 243.181<br xmlns=""http://www.w3.org/1999/xhtml""/> Andre omkostninger til social sikring  30.437 53.566<br xmlns=""http://www.w3.org/1999/xhtml""/>    <br xmlns=""http://www.w3.org/1999/xhtml""/> Personaleomkostninger i alt  1.421.727 2.426.830<br xmlns=""http://www.w3.org/1999/xhtml""/>    <br xmlns=""http://www.w3.org/1999/xhtml""/>    <br xmlns=""http://www.w3.org/1999/xhtml""/>","2 Egenkapital <br xmlns=""http://www.w3.org/1999/xhtml""/>  <br xmlns=""http://www.w3.org/1999/xhtml""/>  <br xmlns=""http://www.w3.org/1999/xhtml""/> Virksomhedskapital  125.000 0 0 125.000<br xmlns=""http://www.w3.org/1999/xhtml""/> Overkurs ved emission  273.229 0 0 273.229<br xmlns=""http://www.w3.org/1999/xhtml""/> Forslag til udbytte for<br xmlns=""http://www.w3.org/1999/xhtml""/> regnskabsÃ¥ret  275.978 -275.978 257.468 257.468<br xmlns=""http://www.w3.org/1999/xhtml""/>        <br xmlns=""http://www.w3.org/1999/xhtml""/> 674.207 -275.978 257.468 655.697<br xmlns=""http://www.w3.org/1999/xhtml""/>        <br xmlns=""http://www.w3.org/1999/xhtml""/>  <br xmlns=""http://www.w3.org/1999/xhtml""/>","4 PantsÃ¦tninger og sikkerhedsstillelser <br xmlns=""http://www.w3.org/1999/xhtml""/> Der er ingen pantsÃ¦tninger og sikkerhedsstillelser.<br xmlns=""http://www.w3.org/1999/xhtml""/><br xmlns=""http://www.w3.org/1999/xhtml""/><br xmlns=""http://www.w3.org/1999/xhtml""/>           <br xmlns=""http://www.w3.org/1999/xhtml""/>",Ejerforhold,,,32268919.0,Direktionen har dags dato behandlet og godkendt Ã¥rsrapporten for perioden 1. juli 2012 - 30. juni 2013 for TÃ¸mrerfirmaet Tag-Kvisten ApS.,"Vi har revideret Ã¥rsregnskabet for TÃ¸mrerfirmaet Tag-Kvisten ApS for perioden 1. juli 2012 - 30. juni 2013, der omfatter anvendt regnskabspraksis, resultatopgÃ¸relse, balance og noter. Ãrsregnskabet udarbejdes efter Ã¥rsregnskabsloven.","GENERELTÃrsregnskabet for TÃ¸mrerfirmaet Tag-Kvisten ApS for 2012/13 er udarbejdet i overensstemmelse med Ã¥rsregnskabslovens bestemmelser for selskaber i regnskabsklasse B med tilvalg af enkelte regler for klasse C-selskaber.<br xmlns=""http://www.w3.org/1999/xhtml""/>Ãrsregnskabet er aflagt efter samme regnskabspraksis som sidste Ã¥r og aflÃ¦gges i danske kroner.",Ãrsrapport,Peter Henriksen,Peter Kvist,Peter Kvist,TÃ¸mrerfirmaet Tag-Kvisten ApS,Kappelskov Revision Registreret Revisionsaktieselskab,"Konklusion<br xmlns=""http://www.w3.org/1999/xhtml""/>Det er vores opfattelse, at Ã¥rsregnskabet giver et retvisende billede af selskabets aktiver, passiver og finansielle stilling pr. 30. juni 2013 samt af resultatet af selskabets aktiviteter for perioden 1. juli 2012 - 30. juni 2013 i overensstemmelse med Ã¥rsregnskabsloven.",,HillerÃ¸d,,,Ãrsrapporten indstilles til generalforsamlingens godkendelse.,2013-06-30,2012-07-01,,2013-11-27,HillerÃ¸d,"Revisors ansvar<br xmlns=""http://www.w3.org/1999/xhtml""/>Vores ansvar er at udtrykke en konklusion om Ã¥rsregnskabet pÃ¥ grundlag af vores revision. Vi har udfÃ¸rt revisionen i overensstemmelse med internationale standarder om revision og yderligere krav ifÃ¸lge dansk revisorlovgivning. Dette krÃ¦ver, at vi overholder etiske krav samt planlÃ¦gger og udfÃ¸rer revisionen for at opnÃ¥ hÃ¸j grad af sikkerhed for, om Ã¥rsregnskabet er uden vÃ¦sentlig fejlinformation.En revision omfatter udfÃ¸relse af revisionshandlinger for at opnÃ¥ revisionsbevis for belÃ¸b og oplysninger i Ã¥rsregnskabet. De valgte revisionshandlinger afhÃ¦nger af revisors vurdering, herunder vurdering af risici for vÃ¦sentlig fejlinformation i Ã¥rsregnskabet, uanset om denne skyldes besvigelser eller fejl. Ved risikovurderingen overvejer revisor intern kontrol, der er relevant for selskabets udarbejdelse af et Ã¥rsregnskab, der giver et retvisende billede. FormÃ¥let hermed er at udforme revisionshandlinger, der er passende efter omstÃ¦ndighederne, men ikke at udtrykke en konklusion om effektiviteten af selskabets interne kontrol. En revision omfatter endvidere vurdering af, om ledelsens valg af regnskabspraksis er passende, om ledelsens regnskabsmÃ¦ssige skÃ¸n er rimelige samt den samlede prÃ¦sentation af Ã¥rsregnskabet.<br xmlns=""http://www.w3.org/1999/xhtml""/>Det er vores opfattelse, at det opnÃ¥ede revisionsbevis er tilstrÃ¦kkeligt og egnet som grundlag for vor konklusion.Revisionen har ikke givet anledning til forbehold.","Ledelsens ansvar for Ã¥rsregnskabet<br xmlns=""http://www.w3.org/1999/xhtml""/>Selskabets ledelse har ansvaret for udarbejdelsen af et Ã¥rsregnskab, der giver et retvisende billede i overensstemmelse med Ã¥rsregnskabsloven. Ledelsen har endvidere ansvaret for den interne kontrol, som ledelsen anser nÃ¸dvendig for at udarbejde et Ã¥rsregnskab uden vÃ¦sentlig fejlinformation, uanset om denne skyldes besvigelser eller fejl.","Revision af Ã¥rsregnskabSelskabet opfylder bestemmelserne i Ã¥rsregnskabslovens Â§ 135 og har derved mulighed for at aflÃ¦gge et ikke revideret Ã¥rsregnskab. Selskabets ledelse indstiller til generalforsamlingens godkendelse, at selskabets Ã¥rsregnskab fremover ikke revideres.Dirigentens noteringerGeneralforsamlingen har dags dato behandlet og godkendt ledelsens forslag om at undlade revision.<br xmlns=""http://www.w3.org/1999/xhtml""/>HillerÃ¸d, den       /        2013Dirigent",,48252068.0,urn:ofk:oid:20283708,indberetninger-20180424,2.5097403999999996,32268919.0,,2018-04-01T22:07:46.440Z,2013-12-02T23:00:00.000Z,regnskab,0.0,,2013-06-30,2012-07-01,13-301.673,2013-12-02T23:00:00.000Z,,,,,,,,,,,,,,,,,,,,,,,,,,,,,
32268919,2012-07-01,2013-06-30,Per01072012_30062013_2_ForeslÃ¥et_udbytte_indregnet_under_egenkapitalen,http://regnskaber.virk.dk/91986223/Y3ZyLmRrOi8vcGRmcy8zMjI2ODkxOTtBcFM0NTc2NjA7MjAxMjA3MDE7MjAxMzA2MzA7UjtS.pdf,http://regnskaber.virk.dk/91986223/Y3ZyLmRrOi8veGJybHMvWC05QjQ0QTQ4Ny0yMDEzMTIwMl8xMzU5MzJfMTY0.xml,3400 HillerÃ¸d,Milnersvej 7,3400  HillerÃ¸d,BrÃ¸deskovparken 2,3400 HillerÃ¸d,Milnersvej 7,Til kapitalejerne af TÃ¸mrerfirmaet Tag-Kvisten ApS,Regnskabsklasse B,Ãrsrapporten aflÃ¦gges i overensstemmelse med Ã¥rsregnskabsloven.,"Det er min opfattelse, at Ã¥rsregnskabet giver et retvisende billede af selskabets aktiver, passiver og finansielle stilling pr. 30. juni 2013 samt af resultatet af selskabets aktiviteter for perioden 1. juli 2012 - 30. juni 2013.<br xmlns=""http://www.w3.org/1999/xhtml""/>",2013-11-27,2013-11-29,,Registreret revisor,"Generelt om indregning og mÃ¥ling<br xmlns=""http://www.w3.org/1999/xhtml""/>Regnskabet er udarbejdet med udgangspunkt i det historiske kostprisprincip.<br xmlns=""http://www.w3.org/1999/xhtml""/>IndtÃ¦gter indregnes i resultatopgÃ¸relsen i takt med at de indtjenes. Herudover indregnes vÃ¦rdireguleringer af finansielle aktiver og forpligtelser, der mÃ¥les til dagsvÃ¦rdi eller amortiseret kostpris. Endvidere indregnes i resultatopgÃ¸relsen alle omkostninger, der er afholdt for at opnÃ¥ Ã¥rets indtjening, herunder afskrivninger, nedskrivninger og hensatte forpligtelser samt tilbagefÃ¸rsler som fÃ¸lge af Ã¦ndrede regnskabsmÃ¦ssige skÃ¸n af belÃ¸b, der tidligere har vÃ¦ret indregnet i resultatopgÃ¸relsen.<br xmlns=""http://www.w3.org/1999/xhtml""/>Aktiver indregnes i balancen, nÃ¥r det er sandsynligt at fremtidige Ã¸konomiske fordele vil tilflyde selskabet, og aktivets vÃ¦rdi kan mÃ¥les pÃ¥lideligt.<br xmlns=""http://www.w3.org/1999/xhtml""/>Forpligtelser indregnes i balancen, nÃ¥r det er sandsynligt, at fremtidige Ã¸konomiske fordele vil fragÃ¥ selskabet, og forpligtelsens vÃ¦rdi kan mÃ¥les pÃ¥lideligt.<br xmlns=""http://www.w3.org/1999/xhtml""/>Ved fÃ¸rste indregning mÃ¥les aktiver og forpligtelser til kostpris. EfterfÃ¸lgende mÃ¥les aktiver og forpligtelser som beskrevet for hver enkelt.<br xmlns=""http://www.w3.org/1999/xhtml""/>Visse finansielle aktiver og forpligtelser mÃ¥les til amortiseret kostpris, hvorved der indregnes en konstant effektiv rente over lÃ¸betiden. Amortiseret kostpris opgÃ¸res som oprindelig kostpris med fradrag af afdrag og tillÃ¦g/fradrag af den akkumulerede amortisering af forskellen mellem kostprisen og det nominelle belÃ¸b.<br xmlns=""http://www.w3.org/1999/xhtml""/>Ved indregning og mÃ¥ling tages hensyn til forudsigelige tab og risici, der fremkommer, inden Ã¥rsregnskabet aflÃ¦gges, og som be- eller afkrÃ¦fter forhold, der eksisterer pÃ¥ balancedagen.",UdbytteForslag til udbytte for regnskabsÃ¥ret indregnes som en sÃ¦rskilt post under egenkapitalen. Forslag til udbytte indregnes som en forpligtelse pÃ¥ tidspunktet for vedtagelse pÃ¥ generalforsamlingen.,BALANCEN,PeriodeafgrÃ¦nsningsposterPeriodeafgrÃ¦nsningsposter indregnet under aktiver omfatter afholdte omkostninger vedrÃ¸rende efterfÃ¸lgende regnskabsÃ¥r.,"Personaleomkostninger<br xmlns=""http://www.w3.org/1999/xhtml""/>Personaleomkostninger omfatter lÃ¸nninger og Ã¸vrige lÃ¸nrelaterede omkostninger, herunder sygedagpenge til virksomhedens ansatte med fradrag af lÃ¸nrefusioner fra det offentlige.","Andre eksterne omkostningerAndre eksterne omkostninger omfatter omkostninger til salg, reklame, administration, lokaler, tab pÃ¥ debitorer, operationelle leasingomkostninger mv.","Finansielle indtÃ¦gter og omkostningerFinansielle indtÃ¦gter og omkostninger indregnes i resultatopgÃ¸relsen med de belÃ¸b, der vedrÃ¸rer regnskabsÃ¥ret. Finansielle poster omfatter renteindtÃ¦gter og -omkostninger, finansielle omkostninger ved finansiel leasing, realiserede og urealiserede kursgevinster og -tab vedrÃ¸rende vÃ¦rdipapirer, gÃ¦ld og transaktioner i fremmed valuta, amortisering af realkreditlÃ¥n samt tillÃ¦g og godtgÃ¸relser under acontoskatteordningen mv. Udbytte fra andre kapitalandele indtÃ¦gtsfÃ¸res i det regnskabsÃ¥r, hvor udbyttet deklareres.","RESULTATOPGÃRELSEN<br xmlns=""http://www.w3.org/1999/xhtml""/>GenereltMed henvisning til Ã¥rsregnskabslovens Â§ 32 er visse indtÃ¦gter og omkostninger sammendraget i regnskabsposten bruttofortjeneste.Bruttofortjeneste Bruttofortjenesten bestÃ¥r af sammentrÃ¦kning af regnskabsposterne ânettoomsÃ¦tning, Ã¦ndring i lagre af fÃ¦rdigvarer, varer under fremstilling og handelsvarer, andre driftsindtÃ¦gter, omkostninger til rÃ¥varer og hjÃ¦lpematerialer samt andre eksterne omkostningerâ.","Goodwill<br xmlns=""http://www.w3.org/1999/xhtml""/>Erhvervet goodwill mÃ¥les til kostpris med fradrag af akkumulerede afskrivninger. Goodwill afskrives lineÃ¦rt over den vurderede Ã¸konomiske brugstid, der er vurderet til x Ã¥r.","GÃ¦ldsforpligtelser<br xmlns=""http://www.w3.org/1999/xhtml""/>Andre gÃ¦ldsforpligtelser, som omfatter gÃ¦ld til leverandÃ¸rer, tilknyttede og associerede virksomheder samt anden gÃ¦ld, mÃ¥les til amortiseret kostpris, hvilket sÃ¦dvanligvis svarer til nominel vÃ¦rdi.",Omkostninger til rÃ¥varer og hjÃ¦lpematerialerOmkostninger til rÃ¥varer og hjÃ¦lpematerialer omfatter varekÃ¸b med fradrag af rabatter samt Ã¥rets forskydning i varebeholdningerne.,"TilgodehavenderTilgodehavender mÃ¥les til amortiseret kostpris, hvilket sÃ¦dvanligvis svarer til nominel vÃ¦rdi. VÃ¦rdien reduceres med nedskrivning til imÃ¸degÃ¥else af forventede tab.<br xmlns=""http://www.w3.org/1999/xhtml""/>Nedskrivninger til tab opgÃ¸res pÃ¥ grundlag af en individuel vurdering af de enkelte tilgodehavender.","NettoomsÃ¦tning<br xmlns=""http://www.w3.org/1999/xhtml""/>NettoomsÃ¦tningen ved salg af handelsvarer og fÃ¦rdigvarer indregnes i resultatopgÃ¸relsen, sÃ¥fremt levering og risikoovergang til kÃ¸ber har fundet sted inden Ã¥rets udgang. NettoomsÃ¦tningen indregnes ekskl. moms og med fradrag af rabatter i forbindelse med salget.","Skat af Ã¥rets resultatÃrets skat, som bestÃ¥r af Ã¥rets aktuelle skat og forskydning i udskudt skat, indregnes i resultatopgÃ¸relsen med den del, der kan henfÃ¸res til Ã¥rets resultat, og direkte pÃ¥ egenkapitalen med den del, der kan henfÃ¸res til posteringer direkte pÃ¥ egenkapitalen.","Selskabsskat og udskudt skatAktuelle skatteforpligtelser og tilgodehavende aktuel skat indregnes i balancen som beregnet skat af Ã¥rets skattepligtige indkomst reguleret for skat af tidligere Ã¥rs skattepligtige indkomster samt for betalte acontoskatter.Udskudt skat mÃ¥les efter den balanceorienterede gÃ¦ldsmetode af midlertidige forskelle mellem regnskabsmÃ¦ssig og skattemÃ¦ssig vÃ¦rdi af aktiver og forpligtelser. I de tilfÃ¦lde, f.eks. vedrÃ¸rende aktier, hvor opgÃ¸relse af skattevÃ¦rdien kan foretages efter alternative beskatningsregler, mÃ¥les udskudt skat pÃ¥ grundlag af den planlagte anvendelse af aktivet henholdsvis afvikling af forpligtelsen.Udskudte skatteaktiver, herunder skattevÃ¦rdien af fremfÃ¸rselsberettiget skattemÃ¦ssigt underskud, mÃ¥les til den vÃ¦rdi, hvortil aktivet forventes at kunne realiseres, enten ved udligning i skat af fremtidig indtjening eller ved modregning i udskudte skatteforpligtelser inden for samme juridiske skatteenhed. Eventuelle udskudte nettoskatteaktiver mÃ¥les til nettorealisationsvÃ¦rdi.<br xmlns=""http://www.w3.org/1999/xhtml""/>Udskudt skat mÃ¥les pÃ¥ grundlag af de skatteregler og skattesatser, der med balancedagens lovgivning vil vÃ¦re gÃ¦ldende, nÃ¥r den udskudte skat forventes udlÃ¸st som aktuel skat. Ãndring i udskudt skat som fÃ¸lge af Ã¦ndringer i skattesatser indregnes i resultatopgÃ¸relsen.",Som mÃ¥levaluta benyttes danske kroner. Alle andre valutaer anses som fremmed valuta.,HovedaktivitetSelskabet driver tÃ¸mrer- og bygningssnedkervirksomhed.,"3 Eventualposter mv. <br xmlns=""http://www.w3.org/1999/xhtml""/> Virksomheden har indgÃ¥et 4 leasingaftaler. Leasingforpligtelsen udgÃ¸r pr. 30.06.2013 kr. 236.916. <br xmlns=""http://www.w3.org/1999/xhtml""/><br xmlns=""http://www.w3.org/1999/xhtml""/>           <br xmlns=""http://www.w3.org/1999/xhtml""/>","1 Personaleomkostninger <br xmlns=""http://www.w3.org/1999/xhtml""/> LÃ¸nninger  1.248.521 2.130.083<br xmlns=""http://www.w3.org/1999/xhtml""/> Pensioner  142.769 243.181<br xmlns=""http://www.w3.org/1999/xhtml""/> Andre omkostninger til social sikring  30.437 53.566<br xmlns=""http://www.w3.org/1999/xhtml""/>    <br xmlns=""http://www.w3.org/1999/xhtml""/> Personaleomkostninger i alt  1.421.727 2.426.830<br xmlns=""http://www.w3.org/1999/xhtml""/>    <br xmlns=""http://www.w3.org/1999/xhtml""/>    <br xmlns=""http://www.w3.org/1999/xhtml""/>","2 Egenkapital <br xmlns=""http://www.w3.org/1999/xhtml""/>  <br xmlns=""http://www.w3.org/1999/xhtml""/>  <br xmlns=""http://www.w3.org/1999/xhtml""/> Virksomhedskapital  125.000 0 0 125.000<br xmlns=""http://www.w3.org/1999/xhtml""/> Overkurs ved emission  273.229 0 0 273.229<br xmlns=""http://www.w3.org/1999/xhtml""/> Forslag til udbytte for<br xmlns=""http://www.w3.org/1999/xhtml""/> regnskabsÃ¥ret  275.978 -275.978 257.468 257.468<br xmlns=""http://www.w3.org/1999/xhtml""/>        <br xmlns=""http://www.w3.org/1999/xhtml""/> 674.207 -275.978 257.468 655.697<br xmlns=""http://www.w3.org/1999/xhtml""/>        <br xmlns=""http://www.w3.org/1999/xhtml""/>  <br xmlns=""http://www.w3.org/1999/xhtml""/>","4 PantsÃ¦tninger og sikkerhedsstillelser <br xmlns=""http://www.w3.org/1999/xhtml""/> Der er ingen pantsÃ¦tninger og sikkerhedsstillelser.<br xmlns=""http://www.w3.org/1999/xhtml""/><br xmlns=""http://www.w3.org/1999/xhtml""/><br xmlns=""http://www.w3.org/1999/xhtml""/>           <br xmlns=""http://www.w3.org/1999/xhtml""/>",Ejerforhold,,,32268919.0,Direktionen har dags dato behandlet og godkendt Ã¥rsrapporten for perioden 1. juli 2012 - 30. juni 2013 for TÃ¸mrerfirmaet Tag-Kvisten ApS.,"Vi har revideret Ã¥rsregnskabet for TÃ¸mrerfirmaet Tag-Kvisten ApS for perioden 1. juli 2012 - 30. juni 2013, der omfatter anvendt regnskabspraksis, resultatopgÃ¸relse, balance og noter. Ãrsregnskabet udarbejdes efter Ã¥rsregnskabsloven.","GENERELTÃrsregnskabet for TÃ¸mrerfirmaet Tag-Kvisten ApS for 2012/13 er udarbejdet i overensstemmelse med Ã¥rsregnskabslovens bestemmelser for selskaber i regnskabsklasse B med tilvalg af enkelte regler for klasse C-selskaber.<br xmlns=""http://www.w3.org/1999/xhtml""/>Ãrsregnskabet er aflagt efter samme regnskabspraksis som sidste Ã¥r og aflÃ¦gges i danske kroner.",Ãrsrapport,Peter Henriksen,Peter Kvist,Peter Kvist,TÃ¸mrerfirmaet Tag-Kvisten ApS,Kappelskov Revision Registreret Revisionsaktieselskab,"Konklusion<br xmlns=""http://www.w3.org/1999/xhtml""/>Det er vores opfattelse, at Ã¥rsregnskabet giver et retvisende billede af selskabets aktiver, passiver og finansielle stilling pr. 30. juni 2013 samt af resultatet af selskabets aktiviteter for perioden 1. juli 2012 - 30. juni 2013 i overensstemmelse med Ã¥rsregnskabsloven.",,HillerÃ¸d,257468.0,,Ãrsrapporten indstilles til generalforsamlingens godkendelse.,2013-06-30,2012-07-01,,2013-11-27,HillerÃ¸d,"Revisors ansvar<br xmlns=""http://www.w3.org/1999/xhtml""/>Vores ansvar er at udtrykke en konklusion om Ã¥rsregnskabet pÃ¥ grundlag af vores revision. Vi har udfÃ¸rt revisionen i overensstemmelse med internationale standarder om revision og yderligere krav ifÃ¸lge dansk revisorlovgivning. Dette krÃ¦ver, at vi overholder etiske krav samt planlÃ¦gger og udfÃ¸rer revisionen for at opnÃ¥ hÃ¸j grad af sikkerhed for, om Ã¥rsregnskabet er uden vÃ¦sentlig fejlinformation.En revision omfatter udfÃ¸relse af revisionshandlinger for at opnÃ¥ revisionsbevis for belÃ¸b og oplysninger i Ã¥rsregnskabet. De valgte revisionshandlinger afhÃ¦nger af revisors vurdering, herunder vurdering af risici for vÃ¦sentlig fejlinformation i Ã¥rsregnskabet, uanset om denne skyldes besvigelser eller fejl. Ved risikovurderingen overvejer revisor intern kontrol, der er relevant for selskabets udarbejdelse af et Ã¥rsregnskab, der giver et retvisende billede. FormÃ¥let hermed er at udforme revisionshandlinger, der er passende efter omstÃ¦ndighederne, men ikke at udtrykke en konklusion om effektiviteten af selskabets interne kontrol. En revision omfatter endvidere vurdering af, om ledelsens valg af regnskabspraksis er passende, om ledelsens regnskabsmÃ¦ssige skÃ¸n er rimelige samt den samlede prÃ¦sentation af Ã¥rsregnskabet.<br xmlns=""http://www.w3.org/1999/xhtml""/>Det er vores opfattelse, at det opnÃ¥ede revisionsbevis er tilstrÃ¦kkeligt og egnet som grundlag for vor konklusion.Revisionen har ikke givet anledning til forbehold.","Ledelsens ansvar for Ã¥rsregnskabet<br xmlns=""http://www.w3.org/1999/xhtml""/>Selskabets ledelse har ansvaret for udarbejdelsen af et Ã¥rsregnskab, der giver et retvisende billede i overensstemmelse med Ã¥rsregnskabsloven. Ledelsen har endvidere ansvaret for den interne kontrol, som ledelsen anser nÃ¸dvendig for at udarbejde et Ã¥rsregnskab uden vÃ¦sentlig fejlinformation, uanset om denne skyldes besvigelser eller fejl.","Revision af Ã¥rsregnskabSelskabet opfylder bestemmelserne i Ã¥rsregnskabslovens Â§ 135 og har derved mulighed for at aflÃ¦gge et ikke revideret Ã¥rsregnskab. Selskabets ledelse indstiller til generalforsamlingens godkendelse, at selskabets Ã¥rsregnskab fremover ikke revideres.Dirigentens noteringerGeneralforsamlingen har dags dato behandlet og godkendt ledelsens forslag om at undlade revision.<br xmlns=""http://www.w3.org/1999/xhtml""/>HillerÃ¸d, den       /        2013Dirigent",,48252068.0,urn:ofk:oid:20283708,indberetninger-20180424,2.5097403999999996,32268919.0,,2018-04-01T22:07:46.440Z,2013-12-02T23:00:00.000Z,regnskab,0.0,,2013-06-30,2012-07-01,13-301.673,2013-12-02T23:00:00.000Z,,,,,,,,,,,,,,,,,,,,,,,,,,,,,
32268919,2012-07-01,2013-06-30,Per01072012_30062013_3_OverfÃ¸rt_resultat,http://regnskaber.virk.dk/91986223/Y3ZyLmRrOi8vcGRmcy8zMjI2ODkxOTtBcFM0NTc2NjA7MjAxMjA3MDE7MjAxMzA2MzA7UjtS.pdf,http://regnskaber.virk.dk/91986223/Y3ZyLmRrOi8veGJybHMvWC05QjQ0QTQ4Ny0yMDEzMTIwMl8xMzU5MzJfMTY0.xml,3400 HillerÃ¸d,Milnersvej 7,3400  HillerÃ¸d,BrÃ¸deskovparken 2,3400 HillerÃ¸d,Milnersvej 7,Til kapitalejerne af TÃ¸mrerfirmaet Tag-Kvisten ApS,Regnskabsklasse B,Ãrsrapporten aflÃ¦gges i overensstemmelse med Ã¥rsregnskabsloven.,"Det er min opfattelse, at Ã¥rsregnskabet giver et retvisende billede af selskabets aktiver, passiver og finansielle stilling pr. 30. juni 2013 samt af resultatet af selskabets aktiviteter for perioden 1. juli 2012 - 30. juni 2013.<br xmlns=""http://www.w3.org/1999/xhtml""/>",2013-11-27,2013-11-29,,Registreret revisor,"Generelt om indregning og mÃ¥ling<br xmlns=""http://www.w3.org/1999/xhtml""/>Regnskabet er udarbejdet med udgangspunkt i det historiske kostprisprincip.<br xmlns=""http://www.w3.org/1999/xhtml""/>IndtÃ¦gter indregnes i resultatopgÃ¸relsen i takt med at de indtjenes. Herudover indregnes vÃ¦rdireguleringer af finansielle aktiver og forpligtelser, der mÃ¥les til dagsvÃ¦rdi eller amortiseret kostpris. Endvidere indregnes i resultatopgÃ¸relsen alle omkostninger, der er afholdt for at opnÃ¥ Ã¥rets indtjening, herunder afskrivninger, nedskrivninger og hensatte forpligtelser samt tilbagefÃ¸rsler som fÃ¸lge af Ã¦ndrede regnskabsmÃ¦ssige skÃ¸n af belÃ¸b, der tidligere har vÃ¦ret indregnet i resultatopgÃ¸relsen.<br xmlns=""http://www.w3.org/1999/xhtml""/>Aktiver indregnes i balancen, nÃ¥r det er sandsynligt at fremtidige Ã¸konomiske fordele vil tilflyde selskabet, og aktivets vÃ¦rdi kan mÃ¥les pÃ¥lideligt.<br xmlns=""http://www.w3.org/1999/xhtml""/>Forpligtelser indregnes i balancen, nÃ¥r det er sandsynligt, at fremtidige Ã¸konomiske fordele vil fragÃ¥ selskabet, og forpligtelsens vÃ¦rdi kan mÃ¥les pÃ¥lideligt.<br xmlns=""http://www.w3.org/1999/xhtml""/>Ved fÃ¸rste indregning mÃ¥les aktiver og forpligtelser til kostpris. EfterfÃ¸lgende mÃ¥les aktiver og forpligtelser som beskrevet for hver enkelt.<br xmlns=""http://www.w3.org/1999/xhtml""/>Visse finansielle aktiver og forpligtelser mÃ¥les til amortiseret kostpris, hvorved der indregnes en konstant effektiv rente over lÃ¸betiden. Amortiseret kostpris opgÃ¸res som oprindelig kostpris med fradrag af afdrag og tillÃ¦g/fradrag af den akkumulerede amortisering af forskellen mellem kostprisen og det nominelle belÃ¸b.<br xmlns=""http://www.w3.org/1999/xhtml""/>Ved indregning og mÃ¥ling tages hensyn til forudsigelige tab og risici, der fremkommer, inden Ã¥rsregnskabet aflÃ¦gges, og som be- eller afkrÃ¦fter forhold, der eksisterer pÃ¥ balancedagen.",UdbytteForslag til udbytte for regnskabsÃ¥ret indregnes som en sÃ¦rskilt post under egenkapitalen. Forslag til udbytte indregnes som en forpligtelse pÃ¥ tidspunktet for vedtagelse pÃ¥ generalforsamlingen.,BALANCEN,PeriodeafgrÃ¦nsningsposterPeriodeafgrÃ¦nsningsposter indregnet under aktiver omfatter afholdte omkostninger vedrÃ¸rende efterfÃ¸lgende regnskabsÃ¥r.,"Personaleomkostninger<br xmlns=""http://www.w3.org/1999/xhtml""/>Personaleomkostninger omfatter lÃ¸nninger og Ã¸vrige lÃ¸nrelaterede omkostninger, herunder sygedagpenge til virksomhedens ansatte med fradrag af lÃ¸nrefusioner fra det offentlige.","Andre eksterne omkostningerAndre eksterne omkostninger omfatter omkostninger til salg, reklame, administration, lokaler, tab pÃ¥ debitorer, operationelle leasingomkostninger mv.","Finansielle indtÃ¦gter og omkostningerFinansielle indtÃ¦gter og omkostninger indregnes i resultatopgÃ¸relsen med de belÃ¸b, der vedrÃ¸rer regnskabsÃ¥ret. Finansielle poster omfatter renteindtÃ¦gter og -omkostninger, finansielle omkostninger ved finansiel leasing, realiserede og urealiserede kursgevinster og -tab vedrÃ¸rende vÃ¦rdipapirer, gÃ¦ld og transaktioner i fremmed valuta, amortisering af realkreditlÃ¥n samt tillÃ¦g og godtgÃ¸relser under acontoskatteordningen mv. Udbytte fra andre kapitalandele indtÃ¦gtsfÃ¸res i det regnskabsÃ¥r, hvor udbyttet deklareres.","RESULTATOPGÃRELSEN<br xmlns=""http://www.w3.org/1999/xhtml""/>GenereltMed henvisning til Ã¥rsregnskabslovens Â§ 32 er visse indtÃ¦gter og omkostninger sammendraget i regnskabsposten bruttofortjeneste.Bruttofortjeneste Bruttofortjenesten bestÃ¥r af sammentrÃ¦kning af regnskabsposterne ânettoomsÃ¦tning, Ã¦ndring i lagre af fÃ¦rdigvarer, varer under fremstilling og handelsvarer, andre driftsindtÃ¦gter, omkostninger til rÃ¥varer og hjÃ¦lpematerialer samt andre eksterne omkostningerâ.","Goodwill<br xmlns=""http://www.w3.org/1999/xhtml""/>Erhvervet goodwill mÃ¥les til kostpris med fradrag af akkumulerede afskrivninger. Goodwill afskrives lineÃ¦rt over den vurderede Ã¸konomiske brugstid, der er vurderet til x Ã¥r.","GÃ¦ldsforpligtelser<br xmlns=""http://www.w3.org/1999/xhtml""/>Andre gÃ¦ldsforpligtelser, som omfatter gÃ¦ld til leverandÃ¸rer, tilknyttede og associerede virksomheder samt anden gÃ¦ld, mÃ¥les til amortiseret kostpris, hvilket sÃ¦dvanligvis svarer til nominel vÃ¦rdi.",Omkostninger til rÃ¥varer og hjÃ¦lpematerialerOmkostninger til rÃ¥varer og hjÃ¦lpematerialer omfatter varekÃ¸b med fradrag af rabatter samt Ã¥rets forskydning i varebeholdningerne.,"TilgodehavenderTilgodehavender mÃ¥les til amortiseret kostpris, hvilket sÃ¦dvanligvis svarer til nominel vÃ¦rdi. VÃ¦rdien reduceres med nedskrivning til imÃ¸degÃ¥else af forventede tab.<br xmlns=""http://www.w3.org/1999/xhtml""/>Nedskrivninger til tab opgÃ¸res pÃ¥ grundlag af en individuel vurdering af de enkelte tilgodehavender.","NettoomsÃ¦tning<br xmlns=""http://www.w3.org/1999/xhtml""/>NettoomsÃ¦tningen ved salg af handelsvarer og fÃ¦rdigvarer indregnes i resultatopgÃ¸relsen, sÃ¥fremt levering og risikoovergang til kÃ¸ber har fundet sted inden Ã¥rets udgang. NettoomsÃ¦tningen indregnes ekskl. moms og med fradrag af rabatter i forbindelse med salget.","Skat af Ã¥rets resultatÃrets skat, som bestÃ¥r af Ã¥rets aktuelle skat og forskydning i udskudt skat, indregnes i resultatopgÃ¸relsen med den del, der kan henfÃ¸res til Ã¥rets resultat, og direkte pÃ¥ egenkapitalen med den del, der kan henfÃ¸res til posteringer direkte pÃ¥ egenkapitalen.","Selskabsskat og udskudt skatAktuelle skatteforpligtelser og tilgodehavende aktuel skat indregnes i balancen som beregnet skat af Ã¥rets skattepligtige indkomst reguleret for skat af tidligere Ã¥rs skattepligtige indkomster samt for betalte acontoskatter.Udskudt skat mÃ¥les efter den balanceorienterede gÃ¦ldsmetode af midlertidige forskelle mellem regnskabsmÃ¦ssig og skattemÃ¦ssig vÃ¦rdi af aktiver og forpligtelser. I de tilfÃ¦lde, f.eks. vedrÃ¸rende aktier, hvor opgÃ¸relse af skattevÃ¦rdien kan foretages efter alternative beskatningsregler, mÃ¥les udskudt skat pÃ¥ grundlag af den planlagte anvendelse af aktivet henholdsvis afvikling af forpligtelsen.Udskudte skatteaktiver, herunder skattevÃ¦rdien af fremfÃ¸rselsberettiget skattemÃ¦ssigt underskud, mÃ¥les til den vÃ¦rdi, hvortil aktivet forventes at kunne realiseres, enten ved udligning i skat af fremtidig indtjening eller ved modregning i udskudte skatteforpligtelser inden for samme juridiske skatteenhed. Eventuelle udskudte nettoskatteaktiver mÃ¥les til nettorealisationsvÃ¦rdi.<br xmlns=""http://www.w3.org/1999/xhtml""/>Udskudt skat mÃ¥les pÃ¥ grundlag af de skatteregler og skattesatser, der med balancedagens lovgivning vil vÃ¦re gÃ¦ldende, nÃ¥r den udskudte skat forventes udlÃ¸st som aktuel skat. Ãndring i udskudt skat som fÃ¸lge af Ã¦ndringer i skattesatser indregnes i resultatopgÃ¸relsen.",Som mÃ¥levaluta benyttes danske kroner. Alle andre valutaer anses som fremmed valuta.,HovedaktivitetSelskabet driver tÃ¸mrer- og bygningssnedkervirksomhed.,"3 Eventualposter mv. <br xmlns=""http://www.w3.org/1999/xhtml""/> Virksomheden har indgÃ¥et 4 leasingaftaler. Leasingforpligtelsen udgÃ¸r pr. 30.06.2013 kr. 236.916. <br xmlns=""http://www.w3.org/1999/xhtml""/><br xmlns=""http://www.w3.org/1999/xhtml""/>           <br xmlns=""http://www.w3.org/1999/xhtml""/>","1 Personaleomkostninger <br xmlns=""http://www.w3.org/1999/xhtml""/> LÃ¸nninger  1.248.521 2.130.083<br xmlns=""http://www.w3.org/1999/xhtml""/> Pensioner  142.769 243.181<br xmlns=""http://www.w3.org/1999/xhtml""/> Andre omkostninger til social sikring  30.437 53.566<br xmlns=""http://www.w3.org/1999/xhtml""/>    <br xmlns=""http://www.w3.org/1999/xhtml""/> Personaleomkostninger i alt  1.421.727 2.426.830<br xmlns=""http://www.w3.org/1999/xhtml""/>    <br xmlns=""http://www.w3.org/1999/xhtml""/>    <br xmlns=""http://www.w3.org/1999/xhtml""/>","2 Egenkapital <br xmlns=""http://www.w3.org/1999/xhtml""/>  <br xmlns=""http://www.w3.org/1999/xhtml""/>  <br xmlns=""http://www.w3.org/1999/xhtml""/> Virksomhedskapital  125.000 0 0 125.000<br xmlns=""http://www.w3.org/1999/xhtml""/> Overkurs ved emission  273.229 0 0 273.229<br xmlns=""http://www.w3.org/1999/xhtml""/> Forslag til udbytte for<br xmlns=""http://www.w3.org/1999/xhtml""/> regnskabsÃ¥ret  275.978 -275.978 257.468 257.468<br xmlns=""http://www.w3.org/1999/xhtml""/>        <br xmlns=""http://www.w3.org/1999/xhtml""/> 674.207 -275.978 257.468 655.697<br xmlns=""http://www.w3.org/1999/xhtml""/>        <br xmlns=""http://www.w3.org/1999/xhtml""/>  <br xmlns=""http://www.w3.org/1999/xhtml""/>","4 PantsÃ¦tninger og sikkerhedsstillelser <br xmlns=""http://www.w3.org/1999/xhtml""/> Der er ingen pantsÃ¦tninger og sikkerhedsstillelser.<br xmlns=""http://www.w3.org/1999/xhtml""/><br xmlns=""http://www.w3.org/1999/xhtml""/><br xmlns=""http://www.w3.org/1999/xhtml""/>           <br xmlns=""http://www.w3.org/1999/xhtml""/>",Ejerforhold,,,32268919.0,Direktionen har dags dato behandlet og godkendt Ã¥rsrapporten for perioden 1. juli 2012 - 30. juni 2013 for TÃ¸mrerfirmaet Tag-Kvisten ApS.,"Vi har revideret Ã¥rsregnskabet for TÃ¸mrerfirmaet Tag-Kvisten ApS for perioden 1. juli 2012 - 30. juni 2013, der omfatter anvendt regnskabspraksis, resultatopgÃ¸relse, balance og noter. Ãrsregnskabet udarbejdes efter Ã¥rsregnskabsloven.","GENERELTÃrsregnskabet for TÃ¸mrerfirmaet Tag-Kvisten ApS for 2012/13 er udarbejdet i overensstemmelse med Ã¥rsregnskabslovens bestemmelser for selskaber i regnskabsklasse B med tilvalg af enkelte regler for klasse C-selskaber.<br xmlns=""http://www.w3.org/1999/xhtml""/>Ãrsregnskabet er aflagt efter samme regnskabspraksis som sidste Ã¥r og aflÃ¦gges i danske kroner.",Ãrsrapport,Peter Henriksen,Peter Kvist,Peter Kvist,TÃ¸mrerfirmaet Tag-Kvisten ApS,Kappelskov Revision Registreret Revisionsaktieselskab,"Konklusion<br xmlns=""http://www.w3.org/1999/xhtml""/>Det er vores opfattelse, at Ã¥rsregnskabet giver et retvisende billede af selskabets aktiver, passiver og finansielle stilling pr. 30. juni 2013 samt af resultatet af selskabets aktiviteter for perioden 1. juli 2012 - 30. juni 2013 i overensstemmelse med Ã¥rsregnskabsloven.",,HillerÃ¸d,0.0,,Ãrsrapporten indstilles til generalforsamlingens godkendelse.,2013-06-30,2012-07-01,,2013-11-27,HillerÃ¸d,"Revisors ansvar<br xmlns=""http://www.w3.org/1999/xhtml""/>Vores ansvar er at udtrykke en konklusion om Ã¥rsregnskabet pÃ¥ grundlag af vores revision. Vi har udfÃ¸rt revisionen i overensstemmelse med internationale standarder om revision og yderligere krav ifÃ¸lge dansk revisorlovgivning. Dette krÃ¦ver, at vi overholder etiske krav samt planlÃ¦gger og udfÃ¸rer revisionen for at opnÃ¥ hÃ¸j grad af sikkerhed for, om Ã¥rsregnskabet er uden vÃ¦sentlig fejlinformation.En revision omfatter udfÃ¸relse af revisionshandlinger for at opnÃ¥ revisionsbevis for belÃ¸b og oplysninger i Ã¥rsregnskabet. De valgte revisionshandlinger afhÃ¦nger af revisors vurdering, herunder vurdering af risici for vÃ¦sentlig fejlinformation i Ã¥rsregnskabet, uanset om denne skyldes besvigelser eller fejl. Ved risikovurderingen overvejer revisor intern kontrol, der er relevant for selskabets udarbejdelse af et Ã¥rsregnskab, der giver et retvisende billede. FormÃ¥let hermed er at udforme revisionshandlinger, der er passende efter omstÃ¦ndighederne, men ikke at udtrykke en konklusion om effektiviteten af selskabets interne kontrol. En revision omfatter endvidere vurdering af, om ledelsens valg af regnskabspraksis er passende, om ledelsens regnskabsmÃ¦ssige skÃ¸n er rimelige samt den samlede prÃ¦sentation af Ã¥rsregnskabet.<br xmlns=""http://www.w3.org/1999/xhtml""/>Det er vores opfattelse, at det opnÃ¥ede revisionsbevis er tilstrÃ¦kkeligt og egnet som grundlag for vor konklusion.Revisionen har ikke givet anledning til forbehold.","Ledelsens ansvar for Ã¥rsregnskabet<br xmlns=""http://www.w3.org/1999/xhtml""/>Selskabets ledelse har ansvaret for udarbejdelsen af et Ã¥rsregnskab, der giver et retvisende billede i overensstemmelse med Ã¥rsregnskabsloven. Ledelsen har endvidere ansvaret for den interne kontrol, som ledelsen anser nÃ¸dvendig for at udarbejde et Ã¥rsregnskab uden vÃ¦sentlig fejlinformation, uanset om denne skyldes besvigelser eller fejl.","Revision af Ã¥rsregnskabSelskabet opfylder bestemmelserne i Ã¥rsregnskabslovens Â§ 135 og har derved mulighed for at aflÃ¦gge et ikke revideret Ã¥rsregnskab. Selskabets ledelse indstiller til generalforsamlingens godkendelse, at selskabets Ã¥rsregnskab fremover ikke revideres.Dirigentens noteringerGeneralforsamlingen har dags dato behandlet og godkendt ledelsens forslag om at undlade revision.<br xmlns=""http://www.w3.org/1999/xhtml""/>HillerÃ¸d, den       /        2013Dirigent",,48252068.0,urn:ofk:oid:20283708,indberetninger-20180424,2.5097403999999996,32268919.0,,2018-04-01T22:07:46.440Z,2013-12-02T23:00:00.000Z,regnskab,0.0,,2013-06-30,2012-07-01,13-301.673,2013-12-02T23:00:00.000Z,,,,,,,,,,,,,,,,,,,,,,,,,,,,,
32268919,2013-06-30,2013-06-30,Per01072012_30062013-Instant,http://regnskaber.virk.dk/91986223/Y3ZyLmRrOi8vcGRmcy8zMjI2ODkxOTtBcFM0NTc2NjA7MjAxMjA3MDE7MjAxMzA2MzA7UjtS.pdf,http://regnskaber.virk.dk/91986223/Y3ZyLmRrOi8veGJybHMvWC05QjQ0QTQ4Ny0yMDEzMTIwMl8xMzU5MzJfMTY0.xml,3400 HillerÃ¸d,Milnersvej 7,3400  HillerÃ¸d,BrÃ¸deskovparken 2,3400 HillerÃ¸d,Milnersvej 7,Til kapitalejerne af TÃ¸mrerfirmaet Tag-Kvisten ApS,Regnskabsklasse B,Ãrsrapporten aflÃ¦gges i overensstemmelse med Ã¥rsregnskabsloven.,"Det er min opfattelse, at Ã¥rsregnskabet giver et retvisende billede af selskabets aktiver, passiver og finansielle stilling pr. 30. juni 2013 samt af resultatet af selskabets aktiviteter for perioden 1. juli 2012 - 30. juni 2013.<br xmlns=""http://www.w3.org/1999/xhtml""/>",2013-11-27,2013-11-29,,Registreret revisor,"Generelt om indregning og mÃ¥ling<br xmlns=""http://www.w3.org/1999/xhtml""/>Regnskabet er udarbejdet med udgangspunkt i det historiske kostprisprincip.<br xmlns=""http://www.w3.org/1999/xhtml""/>IndtÃ¦gter indregnes i resultatopgÃ¸relsen i takt med at de indtjenes. Herudover indregnes vÃ¦rdireguleringer af finansielle aktiver og forpligtelser, der mÃ¥les til dagsvÃ¦rdi eller amortiseret kostpris. Endvidere indregnes i resultatopgÃ¸relsen alle omkostninger, der er afholdt for at opnÃ¥ Ã¥rets indtjening, herunder afskrivninger, nedskrivninger og hensatte forpligtelser samt tilbagefÃ¸rsler som fÃ¸lge af Ã¦ndrede regnskabsmÃ¦ssige skÃ¸n af belÃ¸b, der tidligere har vÃ¦ret indregnet i resultatopgÃ¸relsen.<br xmlns=""http://www.w3.org/1999/xhtml""/>Aktiver indregnes i balancen, nÃ¥r det er sandsynligt at fremtidige Ã¸konomiske fordele vil tilflyde selskabet, og aktivets vÃ¦rdi kan mÃ¥les pÃ¥lideligt.<br xmlns=""http://www.w3.org/1999/xhtml""/>Forpligtelser indregnes i balancen, nÃ¥r det er sandsynligt, at fremtidige Ã¸konomiske fordele vil fragÃ¥ selskabet, og forpligtelsens vÃ¦rdi kan mÃ¥les pÃ¥lideligt.<br xmlns=""http://www.w3.org/1999/xhtml""/>Ved fÃ¸rste indregning mÃ¥les aktiver og forpligtelser til kostpris. EfterfÃ¸lgende mÃ¥les aktiver og forpligtelser som beskrevet for hver enkelt.<br xmlns=""http://www.w3.org/1999/xhtml""/>Visse finansielle aktiver og forpligtelser mÃ¥les til amortiseret kostpris, hvorved der indregnes en konstant effektiv rente over lÃ¸betiden. Amortiseret kostpris opgÃ¸res som oprindelig kostpris med fradrag af afdrag og tillÃ¦g/fradrag af den akkumulerede amortisering af forskellen mellem kostprisen og det nominelle belÃ¸b.<br xmlns=""http://www.w3.org/1999/xhtml""/>Ved indregning og mÃ¥ling tages hensyn til forudsigelige tab og risici, der fremkommer, inden Ã¥rsregnskabet aflÃ¦gges, og som be- eller afkrÃ¦fter forhold, der eksisterer pÃ¥ balancedagen.",UdbytteForslag til udbytte for regnskabsÃ¥ret indregnes som en sÃ¦rskilt post under egenkapitalen. Forslag til udbytte indregnes som en forpligtelse pÃ¥ tidspunktet for vedtagelse pÃ¥ generalforsamlingen.,BALANCEN,PeriodeafgrÃ¦nsningsposterPeriodeafgrÃ¦nsningsposter indregnet under aktiver omfatter afholdte omkostninger vedrÃ¸rende efterfÃ¸lgende regnskabsÃ¥r.,"Personaleomkostninger<br xmlns=""http://www.w3.org/1999/xhtml""/>Personaleomkostninger omfatter lÃ¸nninger og Ã¸vrige lÃ¸nrelaterede omkostninger, herunder sygedagpenge til virksomhedens ansatte med fradrag af lÃ¸nrefusioner fra det offentlige.","Andre eksterne omkostningerAndre eksterne omkostninger omfatter omkostninger til salg, reklame, administration, lokaler, tab pÃ¥ debitorer, operationelle leasingomkostninger mv.","Finansielle indtÃ¦gter og omkostningerFinansielle indtÃ¦gter og omkostninger indregnes i resultatopgÃ¸relsen med de belÃ¸b, der vedrÃ¸rer regnskabsÃ¥ret. Finansielle poster omfatter renteindtÃ¦gter og -omkostninger, finansielle omkostninger ved finansiel leasing, realiserede og urealiserede kursgevinster og -tab vedrÃ¸rende vÃ¦rdipapirer, gÃ¦ld og transaktioner i fremmed valuta, amortisering af realkreditlÃ¥n samt tillÃ¦g og godtgÃ¸relser under acontoskatteordningen mv. Udbytte fra andre kapitalandele indtÃ¦gtsfÃ¸res i det regnskabsÃ¥r, hvor udbyttet deklareres.","RESULTATOPGÃRELSEN<br xmlns=""http://www.w3.org/1999/xhtml""/>GenereltMed henvisning til Ã¥rsregnskabslovens Â§ 32 er visse indtÃ¦gter og omkostninger sammendraget i regnskabsposten bruttofortjeneste.Bruttofortjeneste Bruttofortjenesten bestÃ¥r af sammentrÃ¦kning af regnskabsposterne ânettoomsÃ¦tning, Ã¦ndring i lagre af fÃ¦rdigvarer, varer under fremstilling og handelsvarer, andre driftsindtÃ¦gter, omkostninger til rÃ¥varer og hjÃ¦lpematerialer samt andre eksterne omkostningerâ.","Goodwill<br xmlns=""http://www.w3.org/1999/xhtml""/>Erhvervet goodwill mÃ¥les til kostpris med fradrag af akkumulerede afskrivninger. Goodwill afskrives lineÃ¦rt over den vurderede Ã¸konomiske brugstid, der er vurderet til x Ã¥r.","GÃ¦ldsforpligtelser<br xmlns=""http://www.w3.org/1999/xhtml""/>Andre gÃ¦ldsforpligtelser, som omfatter gÃ¦ld til leverandÃ¸rer, tilknyttede og associerede virksomheder samt anden gÃ¦ld, mÃ¥les til amortiseret kostpris, hvilket sÃ¦dvanligvis svarer til nominel vÃ¦rdi.",Omkostninger til rÃ¥varer og hjÃ¦lpematerialerOmkostninger til rÃ¥varer og hjÃ¦lpematerialer omfatter varekÃ¸b med fradrag af rabatter samt Ã¥rets forskydning i varebeholdningerne.,"TilgodehavenderTilgodehavender mÃ¥les til amortiseret kostpris, hvilket sÃ¦dvanligvis svarer til nominel vÃ¦rdi. VÃ¦rdien reduceres med nedskrivning til imÃ¸degÃ¥else af forventede tab.<br xmlns=""http://www.w3.org/1999/xhtml""/>Nedskrivninger til tab opgÃ¸res pÃ¥ grundlag af en individuel vurdering af de enkelte tilgodehavender.","NettoomsÃ¦tning<br xmlns=""http://www.w3.org/1999/xhtml""/>NettoomsÃ¦tningen ved salg af handelsvarer og fÃ¦rdigvarer indregnes i resultatopgÃ¸relsen, sÃ¥fremt levering og risikoovergang til kÃ¸ber har fundet sted inden Ã¥rets udgang. NettoomsÃ¦tningen indregnes ekskl. moms og med fradrag af rabatter i forbindelse med salget.","Skat af Ã¥rets resultatÃrets skat, som bestÃ¥r af Ã¥rets aktuelle skat og forskydning i udskudt skat, indregnes i resultatopgÃ¸relsen med den del, der kan henfÃ¸res til Ã¥rets resultat, og direkte pÃ¥ egenkapitalen med den del, der kan henfÃ¸res til posteringer direkte pÃ¥ egenkapitalen.","Selskabsskat og udskudt skatAktuelle skatteforpligtelser og tilgodehavende aktuel skat indregnes i balancen som beregnet skat af Ã¥rets skattepligtige indkomst reguleret for skat af tidligere Ã¥rs skattepligtige indkomster samt for betalte acontoskatter.Udskudt skat mÃ¥les efter den balanceorienterede gÃ¦ldsmetode af midlertidige forskelle mellem regnskabsmÃ¦ssig og skattemÃ¦ssig vÃ¦rdi af aktiver og forpligtelser. I de tilfÃ¦lde, f.eks. vedrÃ¸rende aktier, hvor opgÃ¸relse af skattevÃ¦rdien kan foretages efter alternative beskatningsregler, mÃ¥les udskudt skat pÃ¥ grundlag af den planlagte anvendelse af aktivet henholdsvis afvikling af forpligtelsen.Udskudte skatteaktiver, herunder skattevÃ¦rdien af fremfÃ¸rselsberettiget skattemÃ¦ssigt underskud, mÃ¥les til den vÃ¦rdi, hvortil aktivet forventes at kunne realiseres, enten ved udligning i skat af fremtidig indtjening eller ved modregning i udskudte skatteforpligtelser inden for samme juridiske skatteenhed. Eventuelle udskudte nettoskatteaktiver mÃ¥les til nettorealisationsvÃ¦rdi.<br xmlns=""http://www.w3.org/1999/xhtml""/>Udskudt skat mÃ¥les pÃ¥ grundlag af de skatteregler og skattesatser, der med balancedagens lovgivning vil vÃ¦re gÃ¦ldende, nÃ¥r den udskudte skat forventes udlÃ¸st som aktuel skat. Ãndring i udskudt skat som fÃ¸lge af Ã¦ndringer i skattesatser indregnes i resultatopgÃ¸relsen.",Som mÃ¥levaluta benyttes danske kroner. Alle andre valutaer anses som fremmed valuta.,HovedaktivitetSelskabet driver tÃ¸mrer- og bygningssnedkervirksomhed.,"3 Eventualposter mv. <br xmlns=""http://www.w3.org/1999/xhtml""/> Virksomheden har indgÃ¥et 4 leasingaftaler. Leasingforpligtelsen udgÃ¸r pr. 30.06.2013 kr. 236.916. <br xmlns=""http://www.w3.org/1999/xhtml""/><br xmlns=""http://www.w3.org/1999/xhtml""/>           <br xmlns=""http://www.w3.org/1999/xhtml""/>","1 Personaleomkostninger <br xmlns=""http://www.w3.org/1999/xhtml""/> LÃ¸nninger  1.248.521 2.130.083<br xmlns=""http://www.w3.org/1999/xhtml""/> Pensioner  142.769 243.181<br xmlns=""http://www.w3.org/1999/xhtml""/> Andre omkostninger til social sikring  30.437 53.566<br xmlns=""http://www.w3.org/1999/xhtml""/>    <br xmlns=""http://www.w3.org/1999/xhtml""/> Personaleomkostninger i alt  1.421.727 2.426.830<br xmlns=""http://www.w3.org/1999/xhtml""/>    <br xmlns=""http://www.w3.org/1999/xhtml""/>    <br xmlns=""http://www.w3.org/1999/xhtml""/>","2 Egenkapital <br xmlns=""http://www.w3.org/1999/xhtml""/>  <br xmlns=""http://www.w3.org/1999/xhtml""/>  <br xmlns=""http://www.w3.org/1999/xhtml""/> Virksomhedskapital  125.000 0 0 125.000<br xmlns=""http://www.w3.org/1999/xhtml""/> Overkurs ved emission  273.229 0 0 273.229<br xmlns=""http://www.w3.org/1999/xhtml""/> Forslag til udbytte for<br xmlns=""http://www.w3.org/1999/xhtml""/> regnskabsÃ¥ret  275.978 -275.978 257.468 257.468<br xmlns=""http://www.w3.org/1999/xhtml""/>        <br xmlns=""http://www.w3.org/1999/xhtml""/> 674.207 -275.978 257.468 655.697<br xmlns=""http://www.w3.org/1999/xhtml""/>        <br xmlns=""http://www.w3.org/1999/xhtml""/>  <br xmlns=""http://www.w3.org/1999/xhtml""/>","4 PantsÃ¦tninger og sikkerhedsstillelser <br xmlns=""http://www.w3.org/1999/xhtml""/> Der er ingen pantsÃ¦tninger og sikkerhedsstillelser.<br xmlns=""http://www.w3.org/1999/xhtml""/><br xmlns=""http://www.w3.org/1999/xhtml""/><br xmlns=""http://www.w3.org/1999/xhtml""/>           <br xmlns=""http://www.w3.org/1999/xhtml""/>",Ejerforhold,,,32268919.0,Direktionen har dags dato behandlet og godkendt Ã¥rsrapporten for perioden 1. juli 2012 - 30. juni 2013 for TÃ¸mrerfirmaet Tag-Kvisten ApS.,"Vi har revideret Ã¥rsregnskabet for TÃ¸mrerfirmaet Tag-Kvisten ApS for perioden 1. juli 2012 - 30. juni 2013, der omfatter anvendt regnskabspraksis, resultatopgÃ¸relse, balance og noter. Ãrsregnskabet udarbejdes efter Ã¥rsregnskabsloven.","GENERELTÃrsregnskabet for TÃ¸mrerfirmaet Tag-Kvisten ApS for 2012/13 er udarbejdet i overensstemmelse med Ã¥rsregnskabslovens bestemmelser for selskaber i regnskabsklasse B med tilvalg af enkelte regler for klasse C-selskaber.<br xmlns=""http://www.w3.org/1999/xhtml""/>Ãrsregnskabet er aflagt efter samme regnskabspraksis som sidste Ã¥r og aflÃ¦gges i danske kroner.",Ãrsrapport,Peter Henriksen,Peter Kvist,Peter Kvist,TÃ¸mrerfirmaet Tag-Kvisten ApS,Kappelskov Revision Registreret Revisionsaktieselskab,"Konklusion<br xmlns=""http://www.w3.org/1999/xhtml""/>Det er vores opfattelse, at Ã¥rsregnskabet giver et retvisende billede af selskabets aktiver, passiver og finansielle stilling pr. 30. juni 2013 samt af resultatet af selskabets aktiviteter for perioden 1. juli 2012 - 30. juni 2013 i overensstemmelse med Ã¥rsregnskabsloven.",,HillerÃ¸d,,,Ãrsrapporten indstilles til generalforsamlingens godkendelse.,2013-06-30,2012-07-01,,2013-11-27,HillerÃ¸d,"Revisors ansvar<br xmlns=""http://www.w3.org/1999/xhtml""/>Vores ansvar er at udtrykke en konklusion om Ã¥rsregnskabet pÃ¥ grundlag af vores revision. Vi har udfÃ¸rt revisionen i overensstemmelse med internationale standarder om revision og yderligere krav ifÃ¸lge dansk revisorlovgivning. Dette krÃ¦ver, at vi overholder etiske krav samt planlÃ¦gger og udfÃ¸rer revisionen for at opnÃ¥ hÃ¸j grad af sikkerhed for, om Ã¥rsregnskabet er uden vÃ¦sentlig fejlinformation.En revision omfatter udfÃ¸relse af revisionshandlinger for at opnÃ¥ revisionsbevis for belÃ¸b og oplysninger i Ã¥rsregnskabet. De valgte revisionshandlinger afhÃ¦nger af revisors vurdering, herunder vurdering af risici for vÃ¦sentlig fejlinformation i Ã¥rsregnskabet, uanset om denne skyldes besvigelser eller fejl. Ved risikovurderingen overvejer revisor intern kontrol, der er relevant for selskabets udarbejdelse af et Ã¥rsregnskab, der giver et retvisende billede. FormÃ¥let hermed er at udforme revisionshandlinger, der er passende efter omstÃ¦ndighederne, men ikke at udtrykke en konklusion om effektiviteten af selskabets interne kontrol. En revision omfatter endvidere vurdering af, om ledelsens valg af regnskabspraksis er passende, om ledelsens regnskabsmÃ¦ssige skÃ¸n er rimelige samt den samlede prÃ¦sentation af Ã¥rsregnskabet.<br xmlns=""http://www.w3.org/1999/xhtml""/>Det er vores opfattelse, at det opnÃ¥ede revisionsbevis er tilstrÃ¦kkeligt og egnet som grundlag for vor konklusion.Revisionen har ikke givet anledning til forbehold.","Ledelsens ansvar for Ã¥rsregnskabet<br xmlns=""http://www.w3.org/1999/xhtml""/>Selskabets ledelse har ansvaret for udarbejdelsen af et Ã¥rsregnskab, der giver et retvisende billede i overensstemmelse med Ã¥rsregnskabsloven. Ledelsen har endvidere ansvaret for den interne kontrol, som ledelsen anser nÃ¸dvendig for at udarbejde et Ã¥rsregnskab uden vÃ¦sentlig fejlinformation, uanset om denne skyldes besvigelser eller fejl.","Revision af Ã¥rsregnskabSelskabet opfylder bestemmelserne i Ã¥rsregnskabslovens Â§ 135 og har derved mulighed for at aflÃ¦gge et ikke revideret Ã¥rsregnskab. Selskabets ledelse indstiller til generalforsamlingens godkendelse, at selskabets Ã¥rsregnskab fremover ikke revideres.Dirigentens noteringerGeneralforsamlingen har dags dato behandlet og godkendt ledelsens forslag om at undlade revision.<br xmlns=""http://www.w3.org/1999/xhtml""/>HillerÃ¸d, den       /        2013Dirigent",,48252068.0,urn:ofk:oid:20283708,indberetninger-20180424,2.5097403999999996,32268919.0,,2018-04-01T22:07:46.440Z,2013-12-02T23:00:00.000Z,regnskab,0.0,,2013-06-30,2012-07-01,13-301.673,2013-12-02T23:00:00.000Z,1215172.0,376459.0,0.0,-125000.0,1178172.0,15666.0,-655697.0,0.0,37000.0,37000.0,-1215172.0,-550225.0,37000.0,-380104.0,0.0,-257468.0,-9250.0,-9250.0,-273229.0,0.0,-550225.0,-230.0,0.0,801713.0,0.0,-132075.0,-37816.0,786047.0,
