entity,start_date,end_date,context,AARSRAPPORT_html,AARSRAPPORT_pdf,AARSRAPPORT_xml,AccumulatedRevaluationsOfInvestments,AddressOfAuditorCountry,AddressOfAuditorDistrictName,AddressOfAuditorPostCodeIdentifier,AddressOfAuditorStreetBuildingIdentifier,AddressOfAuditorStreetName,AddressOfReportingEntityDistrictName,AddressOfReportingEntityPostCodeIdentifier,AddressOfReportingEntityStreetBuildingIdentifier,AddressOfReportingEntityStreetName,AddressOfSubmittingEnterprisePostcodeAndTown,AddressOfSubmittingEnterpriseStreetAndNumber,AddresseeOfAuditorsReportOnExtendedReviewOfFinancialStatements,ClassOfReportingEntity,ConfirmationThatAnnualReportIsPresentedInAccordanceWithRequirementsProvidedForByLegislationAnyStandardsAndRequirementsProvidedByArticlesOfAssociationOrByAgreement,ConfirmationThatFinancialStatementGivesTrueAndFairViewOfAssetsLiabilitiesEquityFinancialPositionAndResults,DateOfApprovalOfAnnualReport,DateOfApprovalOfReport,DateOfFoundationOfReportingEntity,DateOfGeneralMeeting,DescriptionOfAuditor,FaxNumberOfReportingEntity,IdentificationNumberCvrOfAuditFirm,IdentificationNumberCvrOfReportingEntity,IdentificationNumberCvrOfSubmittingEnterprise,IdentificationOfApprovedAnnualReport,IdentificationOfFinancialStatementsAndDescriptionOfFinancialReportingFrameworkAppliedInPreparationOfFinancialStatementsExtendedReview,InformationOnTypeOfSubmittedReport,InvestmentsGross,ManagementsStatementAboutManagementsReview,NameAndSurnameOfAuditor,NameAndSurnameOfChairmanOfGeneralMeeting,NameAndSurnameOfMemberOfExecutiveBoard,NameOfAuditFirm,NameOfFinancialInstitution,NameOfReportingEntity,NameOfSubmittingEnterprise,OpinionOnFinancialStatementsExtendedReview,PlaceOfSignatureOfStatement,RecommendationForApprovalOfAnnualReportByGeneralMeeting,RegisteredOfficeOfReportingEntity,RelatedEntityName,RelatedEntityRegisteredOffice,ReportingPeriodEndDate,ReportingPeriodStartDate,ShareHeldByEntityOrConsolidatedEnterprisesInRelatedEntity,SignatureOfAuditorsDate,SignatureOfAuditorsPlace,StatementOfExecutiveAndSupervisoryBoardsResponsibilityForFinancialStatementsExtendedReview,StatementOnManagementsReviewAuditorsReportOnExtendedReviewFinancialStatementsExtendedReview,TelephoneNumberOfReportingEntity,TitleOfMemberOfSupervisoryBoard,TypeOfAuditorAssistance,_id,_index,_score,cvrNummer,indlaesningsId,indlaesningsTidspunkt,offentliggoerelsesTidspunkt,offentliggoerelsestype,omgoerelse,regNummer,regnskabsperiode_slutDato,regnskabsperiode_startDato,sagsNummer,sidstOpdateret,Equity,ProfitLoss,DividendIncomeRelatedToInvestments,ProfitLossRelatedToInvestments,GrossResult,IncomeFromInvestmentsInGroupEnterprises,OtherExternalExpenses,OtherFinanceExpenses,OtherFinanceIncome,OtherFinanceIncomeFromGroupEnterprises,OtherInterestExpenses,ProfitLossFromOrdinaryActivitiesBeforeTax,ProfitLossFromOrdinaryOperatingActivities,TaxExpenseOnOrdinaryActivities,Dividend,DividendPaid,LongtermInvestmentsAndReceivables,Assets,CashAndCashEquivalents,ContributedCapital,CurrentAssets,LiabilitiesAndEquity,LiabilitiesOtherThanProvisions,LongtermInvestmentsInGroupEnterprises,NoncurrentAssets,OtherLongtermInvestments,OtherShorttermInvestments,OtherShorttermReceivables,ProposedDividendRecognisedInEquity,ReserveForNetRevaluationAccordingToEquityMethod,RetainedEarnings,ShorttermInvestments,ShorttermLiabilitiesOtherThanProvisions,ShorttermPayablesToGroupEnterprises,ShorttermReceivables,ShorttermReceivablesFromGroupEnterprises,ShorttermTaxPayables,ShorttermTaxReceivables,ShorttermTradePayables,NameAndSurnameOfMemberOfSupervisoryBoard
13530289,2013-01-01,2013-01-01,c176,,http://regnskaber.virk.dk/98203531/ZG9rdW1lbnRsYWdlcjovLzAzLzliLzVjLzc5L2NmLzhlMmEtNDYxZS1iMGE3LTg3NTM1MjM1MzcxNQ.pdf,http://regnskaber.virk.dk/98203531/ZG9rdW1lbnRsYWdlcjovLzAzLzZiLzRlLzI5LzcyLzU0M2MtNDUzMC04ZTUyLTFkZDU5Y2U2MDcwZQ.xml,526357.0,Danmark,Fjerritslev,9690.0,3.0,Borups AllÃ©,Fjerritslev,9690.0,21.0,Valmuemarken,"9690, Fjerritslev","Borups AllÃ©, 3",kapitalejeren,Regnskabsklasse B,Ãrsrapporten er aflagt i overensstemmelse med Ã¥rsregnskabsloven.,"Vi anser den valgte regnskabspraksis for hensigtsmÃ¦ssig, og efter vores opfattelse giver Ã¥rsregnskabet et retvisende billede af selskabets aktiver, passiver og finansielle stilling pr. 31. december 2014 samt af resultatet af selskabets aktiviteter for regnskabsÃ¥ret 1. januar - 31. december 2014.",2015-05-08,2015-05-08,1989-11-15,2015-05-18,statsautoriseret revisor,98213939.0,25492145.0,13530289.0,25492145.0,Bestyrelse og direktion har dags dato aflagt Ã¥rsrapporten for regnskabsÃ¥ret 1. januar - 31. december 2014 for Malgaard & Nielsen ApS.,"Vi har udfÃ¸rt udvidet gennemgang af Ã¥rsregnskabet for Malgaard & Nielsen ApS for regnskabsÃ¥ret 1. januar - 31. december 2014. Ãrsregnskabet, der omfatter anvendt regnskabspraksis, resultatopgÃ¸relse, balance og noter, udarbejdes efter Ã¥rsregnskabsloven.",Ãrsrapport,375000.0,"Ledelsesberetningen indeholder efter vores opfattelse en retvisende redegÃ¸relse for de forhold, som beretningen omhandler.",Dan Hinnerup,Erik Braad,Jacob Jacobsen,"BRANDT, Statsautoriseret Revisionspartnerselskab",Spar Nord Bank,Malgaard & Nielsen ApS,"BRANDT, Statsautoriseret Revisionspartnerselskab","Baseret pÃ¥ det udfÃ¸rte arbejde er det vores opfattelse, at Ã¥rsregnskabet giver et retvisende billede af selskabets aktiver, passiver og finansielle stilling pr. 31. december 2014 samt af resultatet af selskabets aktiviteter for regnskabsÃ¥ret 1. januar - 31. december 2014 i overensstemmelse med Ã¥rsregnskabsloven.",Fjerritslev,Ãrsrapporten indstilles til generalforsamlingens godkendelse.,Fjerritslev,Fjerritslev Autocenter ApS i likvidation,Fjerritslev,2014-12-31,2014-01-01,100.0,2015-05-08,Fjerritslev,"Ledelsen har ansvaret for udarbejdelsen af et Ã¥rsregnskab, der giver et retvisende billede i overensstemmelse med Ã¥rsregnskabsloven. Ledelsen har endvidere ansvaret for den interne kontrol, som ledelsen anser nÃ¸dvendig for at udarbejde et Ã¥rsregnskab uden vÃ¦sentlig fejlinformation, uanset om denne skyldes besvigelser eller fejl.","Vi har i henhold til Ã¥rsregnskabsloven gennemlÃ¦st ledelsesberetningen. Vi har ikke foretaget yderligere handlinger i tillÃ¦g til den udfÃ¸rte udvidede gennemgang af Ã¥rsregnskabet. Det er pÃ¥ denne baggrund vores opfattelse, at oplysningerne i ledelsesberetningen er i overensstemmelse med Ã¥rsregnskabet.",98213811.0,formand,ErklÃ¦ring om udvidet gennemgang,urn:ofk:oid:5260307,indberetninger-20180424,2.5124297,13530289.0,,2018-03-30T12:58:54.002Z,2015-05-19T13:28:35.910Z,regnskab,0.0,,2014-12-31,2014-01-01,X15-AB-88-XR,2015-05-19T13:28:35.986Z,,,,,,,,,,,,,,,,,,,,,,,,,,,,,,,,,,,,,,,,
13530289,2013-01-01,2013-01-01,c723,,http://regnskaber.virk.dk/98203531/ZG9rdW1lbnRsYWdlcjovLzAzLzliLzVjLzc5L2NmLzhlMmEtNDYxZS1iMGE3LTg3NTM1MjM1MzcxNQ.pdf,http://regnskaber.virk.dk/98203531/ZG9rdW1lbnRsYWdlcjovLzAzLzZiLzRlLzI5LzcyLzU0M2MtNDUzMC04ZTUyLTFkZDU5Y2U2MDcwZQ.xml,,Danmark,Fjerritslev,9690.0,3.0,Borups AllÃ©,Fjerritslev,9690.0,21.0,Valmuemarken,"9690, Fjerritslev","Borups AllÃ©, 3",kapitalejeren,Regnskabsklasse B,Ãrsrapporten er aflagt i overensstemmelse med Ã¥rsregnskabsloven.,"Vi anser den valgte regnskabspraksis for hensigtsmÃ¦ssig, og efter vores opfattelse giver Ã¥rsregnskabet et retvisende billede af selskabets aktiver, passiver og finansielle stilling pr. 31. december 2014 samt af resultatet af selskabets aktiviteter for regnskabsÃ¥ret 1. januar - 31. december 2014.",2015-05-08,2015-05-08,1989-11-15,2015-05-18,statsautoriseret revisor,98213939.0,25492145.0,13530289.0,25492145.0,Bestyrelse og direktion har dags dato aflagt Ã¥rsrapporten for regnskabsÃ¥ret 1. januar - 31. december 2014 for Malgaard & Nielsen ApS.,"Vi har udfÃ¸rt udvidet gennemgang af Ã¥rsregnskabet for Malgaard & Nielsen ApS for regnskabsÃ¥ret 1. januar - 31. december 2014. Ãrsregnskabet, der omfatter anvendt regnskabspraksis, resultatopgÃ¸relse, balance og noter, udarbejdes efter Ã¥rsregnskabsloven.",Ãrsrapport,,"Ledelsesberetningen indeholder efter vores opfattelse en retvisende redegÃ¸relse for de forhold, som beretningen omhandler.",Dan Hinnerup,Erik Braad,Jacob Jacobsen,"BRANDT, Statsautoriseret Revisionspartnerselskab",Spar Nord Bank,Malgaard & Nielsen ApS,"BRANDT, Statsautoriseret Revisionspartnerselskab","Baseret pÃ¥ det udfÃ¸rte arbejde er det vores opfattelse, at Ã¥rsregnskabet giver et retvisende billede af selskabets aktiver, passiver og finansielle stilling pr. 31. december 2014 samt af resultatet af selskabets aktiviteter for regnskabsÃ¥ret 1. januar - 31. december 2014 i overensstemmelse med Ã¥rsregnskabsloven.",Fjerritslev,Ãrsrapporten indstilles til generalforsamlingens godkendelse.,Fjerritslev,Fjerritslev Autocenter ApS i likvidation,Fjerritslev,2014-12-31,2014-01-01,100.0,2015-05-08,Fjerritslev,"Ledelsen har ansvaret for udarbejdelsen af et Ã¥rsregnskab, der giver et retvisende billede i overensstemmelse med Ã¥rsregnskabsloven. Ledelsen har endvidere ansvaret for den interne kontrol, som ledelsen anser nÃ¸dvendig for at udarbejde et Ã¥rsregnskab uden vÃ¦sentlig fejlinformation, uanset om denne skyldes besvigelser eller fejl.","Vi har i henhold til Ã¥rsregnskabsloven gennemlÃ¦st ledelsesberetningen. Vi har ikke foretaget yderligere handlinger i tillÃ¦g til den udfÃ¸rte udvidede gennemgang af Ã¥rsregnskabet. Det er pÃ¥ denne baggrund vores opfattelse, at oplysningerne i ledelsesberetningen er i overensstemmelse med Ã¥rsregnskabet.",98213811.0,formand,ErklÃ¦ring om udvidet gennemgang,urn:ofk:oid:5260307,indberetninger-20180424,2.5124297,13530289.0,,2018-03-30T12:58:54.002Z,2015-05-19T13:28:35.910Z,regnskab,0.0,,2014-12-31,2014-01-01,X15-AB-88-XR,2015-05-19T13:28:35.986Z,250000.0,,,,,,,,,,,,,,,,,,,,,,,,,,,,,,,,,,,,,,,
13530289,2013-01-01,2013-01-01,c735,,http://regnskaber.virk.dk/98203531/ZG9rdW1lbnRsYWdlcjovLzAzLzliLzVjLzc5L2NmLzhlMmEtNDYxZS1iMGE3LTg3NTM1MjM1MzcxNQ.pdf,http://regnskaber.virk.dk/98203531/ZG9rdW1lbnRsYWdlcjovLzAzLzZiLzRlLzI5LzcyLzU0M2MtNDUzMC04ZTUyLTFkZDU5Y2U2MDcwZQ.xml,,Danmark,Fjerritslev,9690.0,3.0,Borups AllÃ©,Fjerritslev,9690.0,21.0,Valmuemarken,"9690, Fjerritslev","Borups AllÃ©, 3",kapitalejeren,Regnskabsklasse B,Ãrsrapporten er aflagt i overensstemmelse med Ã¥rsregnskabsloven.,"Vi anser den valgte regnskabspraksis for hensigtsmÃ¦ssig, og efter vores opfattelse giver Ã¥rsregnskabet et retvisende billede af selskabets aktiver, passiver og finansielle stilling pr. 31. december 2014 samt af resultatet af selskabets aktiviteter for regnskabsÃ¥ret 1. januar - 31. december 2014.",2015-05-08,2015-05-08,1989-11-15,2015-05-18,statsautoriseret revisor,98213939.0,25492145.0,13530289.0,25492145.0,Bestyrelse og direktion har dags dato aflagt Ã¥rsrapporten for regnskabsÃ¥ret 1. januar - 31. december 2014 for Malgaard & Nielsen ApS.,"Vi har udfÃ¸rt udvidet gennemgang af Ã¥rsregnskabet for Malgaard & Nielsen ApS for regnskabsÃ¥ret 1. januar - 31. december 2014. Ãrsregnskabet, der omfatter anvendt regnskabspraksis, resultatopgÃ¸relse, balance og noter, udarbejdes efter Ã¥rsregnskabsloven.",Ãrsrapport,,"Ledelsesberetningen indeholder efter vores opfattelse en retvisende redegÃ¸relse for de forhold, som beretningen omhandler.",Dan Hinnerup,Erik Braad,Jacob Jacobsen,"BRANDT, Statsautoriseret Revisionspartnerselskab",Spar Nord Bank,Malgaard & Nielsen ApS,"BRANDT, Statsautoriseret Revisionspartnerselskab","Baseret pÃ¥ det udfÃ¸rte arbejde er det vores opfattelse, at Ã¥rsregnskabet giver et retvisende billede af selskabets aktiver, passiver og finansielle stilling pr. 31. december 2014 samt af resultatet af selskabets aktiviteter for regnskabsÃ¥ret 1. januar - 31. december 2014 i overensstemmelse med Ã¥rsregnskabsloven.",Fjerritslev,Ãrsrapporten indstilles til generalforsamlingens godkendelse.,Fjerritslev,Fjerritslev Autocenter ApS i likvidation,Fjerritslev,2014-12-31,2014-01-01,100.0,2015-05-08,Fjerritslev,"Ledelsen har ansvaret for udarbejdelsen af et Ã¥rsregnskab, der giver et retvisende billede i overensstemmelse med Ã¥rsregnskabsloven. Ledelsen har endvidere ansvaret for den interne kontrol, som ledelsen anser nÃ¸dvendig for at udarbejde et Ã¥rsregnskab uden vÃ¦sentlig fejlinformation, uanset om denne skyldes besvigelser eller fejl.","Vi har i henhold til Ã¥rsregnskabsloven gennemlÃ¦st ledelsesberetningen. Vi har ikke foretaget yderligere handlinger i tillÃ¦g til den udfÃ¸rte udvidede gennemgang af Ã¥rsregnskabet. Det er pÃ¥ denne baggrund vores opfattelse, at oplysningerne i ledelsesberetningen er i overensstemmelse med Ã¥rsregnskabet.",98213811.0,formand,ErklÃ¦ring om udvidet gennemgang,urn:ofk:oid:5260307,indberetninger-20180424,2.5124297,13530289.0,,2018-03-30T12:58:54.002Z,2015-05-19T13:28:35.910Z,regnskab,0.0,,2014-12-31,2014-01-01,X15-AB-88-XR,2015-05-19T13:28:35.986Z,526357.0,,,,,,,,,,,,,,,,,,,,,,,,,,,,,,,,,,,,,,,
13530289,2013-01-01,2013-01-01,c741,,http://regnskaber.virk.dk/98203531/ZG9rdW1lbnRsYWdlcjovLzAzLzliLzVjLzc5L2NmLzhlMmEtNDYxZS1iMGE3LTg3NTM1MjM1MzcxNQ.pdf,http://regnskaber.virk.dk/98203531/ZG9rdW1lbnRsYWdlcjovLzAzLzZiLzRlLzI5LzcyLzU0M2MtNDUzMC04ZTUyLTFkZDU5Y2U2MDcwZQ.xml,,Danmark,Fjerritslev,9690.0,3.0,Borups AllÃ©,Fjerritslev,9690.0,21.0,Valmuemarken,"9690, Fjerritslev","Borups AllÃ©, 3",kapitalejeren,Regnskabsklasse B,Ãrsrapporten er aflagt i overensstemmelse med Ã¥rsregnskabsloven.,"Vi anser den valgte regnskabspraksis for hensigtsmÃ¦ssig, og efter vores opfattelse giver Ã¥rsregnskabet et retvisende billede af selskabets aktiver, passiver og finansielle stilling pr. 31. december 2014 samt af resultatet af selskabets aktiviteter for regnskabsÃ¥ret 1. januar - 31. december 2014.",2015-05-08,2015-05-08,1989-11-15,2015-05-18,statsautoriseret revisor,98213939.0,25492145.0,13530289.0,25492145.0,Bestyrelse og direktion har dags dato aflagt Ã¥rsrapporten for regnskabsÃ¥ret 1. januar - 31. december 2014 for Malgaard & Nielsen ApS.,"Vi har udfÃ¸rt udvidet gennemgang af Ã¥rsregnskabet for Malgaard & Nielsen ApS for regnskabsÃ¥ret 1. januar - 31. december 2014. Ãrsregnskabet, der omfatter anvendt regnskabspraksis, resultatopgÃ¸relse, balance og noter, udarbejdes efter Ã¥rsregnskabsloven.",Ãrsrapport,,"Ledelsesberetningen indeholder efter vores opfattelse en retvisende redegÃ¸relse for de forhold, som beretningen omhandler.",Dan Hinnerup,Erik Braad,Jacob Jacobsen,"BRANDT, Statsautoriseret Revisionspartnerselskab",Spar Nord Bank,Malgaard & Nielsen ApS,"BRANDT, Statsautoriseret Revisionspartnerselskab","Baseret pÃ¥ det udfÃ¸rte arbejde er det vores opfattelse, at Ã¥rsregnskabet giver et retvisende billede af selskabets aktiver, passiver og finansielle stilling pr. 31. december 2014 samt af resultatet af selskabets aktiviteter for regnskabsÃ¥ret 1. januar - 31. december 2014 i overensstemmelse med Ã¥rsregnskabsloven.",Fjerritslev,Ãrsrapporten indstilles til generalforsamlingens godkendelse.,Fjerritslev,Fjerritslev Autocenter ApS i likvidation,Fjerritslev,2014-12-31,2014-01-01,100.0,2015-05-08,Fjerritslev,"Ledelsen har ansvaret for udarbejdelsen af et Ã¥rsregnskab, der giver et retvisende billede i overensstemmelse med Ã¥rsregnskabsloven. Ledelsen har endvidere ansvaret for den interne kontrol, som ledelsen anser nÃ¸dvendig for at udarbejde et Ã¥rsregnskab uden vÃ¦sentlig fejlinformation, uanset om denne skyldes besvigelser eller fejl.","Vi har i henhold til Ã¥rsregnskabsloven gennemlÃ¦st ledelsesberetningen. Vi har ikke foretaget yderligere handlinger i tillÃ¦g til den udfÃ¸rte udvidede gennemgang af Ã¥rsregnskabet. Det er pÃ¥ denne baggrund vores opfattelse, at oplysningerne i ledelsesberetningen er i overensstemmelse med Ã¥rsregnskabet.",98213811.0,formand,ErklÃ¦ring om udvidet gennemgang,urn:ofk:oid:5260307,indberetninger-20180424,2.5124297,13530289.0,,2018-03-30T12:58:54.002Z,2015-05-19T13:28:35.910Z,regnskab,0.0,,2014-12-31,2014-01-01,X15-AB-88-XR,2015-05-19T13:28:35.986Z,1035508.0,,,,,,,,,,,,,,,,,,,,,,,,,,,,,,,,,,,,,,,
13530289,2013-01-01,2013-01-01,c744,,http://regnskaber.virk.dk/98203531/ZG9rdW1lbnRsYWdlcjovLzAzLzliLzVjLzc5L2NmLzhlMmEtNDYxZS1iMGE3LTg3NTM1MjM1MzcxNQ.pdf,http://regnskaber.virk.dk/98203531/ZG9rdW1lbnRsYWdlcjovLzAzLzZiLzRlLzI5LzcyLzU0M2MtNDUzMC04ZTUyLTFkZDU5Y2U2MDcwZQ.xml,,Danmark,Fjerritslev,9690.0,3.0,Borups AllÃ©,Fjerritslev,9690.0,21.0,Valmuemarken,"9690, Fjerritslev","Borups AllÃ©, 3",kapitalejeren,Regnskabsklasse B,Ãrsrapporten er aflagt i overensstemmelse med Ã¥rsregnskabsloven.,"Vi anser den valgte regnskabspraksis for hensigtsmÃ¦ssig, og efter vores opfattelse giver Ã¥rsregnskabet et retvisende billede af selskabets aktiver, passiver og finansielle stilling pr. 31. december 2014 samt af resultatet af selskabets aktiviteter for regnskabsÃ¥ret 1. januar - 31. december 2014.",2015-05-08,2015-05-08,1989-11-15,2015-05-18,statsautoriseret revisor,98213939.0,25492145.0,13530289.0,25492145.0,Bestyrelse og direktion har dags dato aflagt Ã¥rsrapporten for regnskabsÃ¥ret 1. januar - 31. december 2014 for Malgaard & Nielsen ApS.,"Vi har udfÃ¸rt udvidet gennemgang af Ã¥rsregnskabet for Malgaard & Nielsen ApS for regnskabsÃ¥ret 1. januar - 31. december 2014. Ãrsregnskabet, der omfatter anvendt regnskabspraksis, resultatopgÃ¸relse, balance og noter, udarbejdes efter Ã¥rsregnskabsloven.",Ãrsrapport,,"Ledelsesberetningen indeholder efter vores opfattelse en retvisende redegÃ¸relse for de forhold, som beretningen omhandler.",Dan Hinnerup,Erik Braad,Jacob Jacobsen,"BRANDT, Statsautoriseret Revisionspartnerselskab",Spar Nord Bank,Malgaard & Nielsen ApS,"BRANDT, Statsautoriseret Revisionspartnerselskab","Baseret pÃ¥ det udfÃ¸rte arbejde er det vores opfattelse, at Ã¥rsregnskabet giver et retvisende billede af selskabets aktiver, passiver og finansielle stilling pr. 31. december 2014 samt af resultatet af selskabets aktiviteter for regnskabsÃ¥ret 1. januar - 31. december 2014 i overensstemmelse med Ã¥rsregnskabsloven.",Fjerritslev,Ãrsrapporten indstilles til generalforsamlingens godkendelse.,Fjerritslev,Fjerritslev Autocenter ApS i likvidation,Fjerritslev,2014-12-31,2014-01-01,100.0,2015-05-08,Fjerritslev,"Ledelsen har ansvaret for udarbejdelsen af et Ã¥rsregnskab, der giver et retvisende billede i overensstemmelse med Ã¥rsregnskabsloven. Ledelsen har endvidere ansvaret for den interne kontrol, som ledelsen anser nÃ¸dvendig for at udarbejde et Ã¥rsregnskab uden vÃ¦sentlig fejlinformation, uanset om denne skyldes besvigelser eller fejl.","Vi har i henhold til Ã¥rsregnskabsloven gennemlÃ¦st ledelsesberetningen. Vi har ikke foretaget yderligere handlinger i tillÃ¦g til den udfÃ¸rte udvidede gennemgang af Ã¥rsregnskabet. Det er pÃ¥ denne baggrund vores opfattelse, at oplysningerne i ledelsesberetningen er i overensstemmelse med Ã¥rsregnskabet.",98213811.0,formand,ErklÃ¦ring om udvidet gennemgang,urn:ofk:oid:5260307,indberetninger-20180424,2.5124297,13530289.0,,2018-03-30T12:58:54.002Z,2015-05-19T13:28:35.910Z,regnskab,0.0,,2014-12-31,2014-01-01,X15-AB-88-XR,2015-05-19T13:28:35.986Z,96600.0,,,,,,,,,,,,,,,,,,,,,,,,,,,,,,,,,,,,,,,
13530289,2013-01-01,2013-12-31,c109,,http://regnskaber.virk.dk/98203531/ZG9rdW1lbnRsYWdlcjovLzAzLzliLzVjLzc5L2NmLzhlMmEtNDYxZS1iMGE3LTg3NTM1MjM1MzcxNQ.pdf,http://regnskaber.virk.dk/98203531/ZG9rdW1lbnRsYWdlcjovLzAzLzZiLzRlLzI5LzcyLzU0M2MtNDUzMC04ZTUyLTFkZDU5Y2U2MDcwZQ.xml,,Danmark,Fjerritslev,9690.0,3.0,Borups AllÃ©,Fjerritslev,9690.0,21.0,Valmuemarken,"9690, Fjerritslev","Borups AllÃ©, 3",kapitalejeren,Regnskabsklasse B,Ãrsrapporten er aflagt i overensstemmelse med Ã¥rsregnskabsloven.,"Vi anser den valgte regnskabspraksis for hensigtsmÃ¦ssig, og efter vores opfattelse giver Ã¥rsregnskabet et retvisende billede af selskabets aktiver, passiver og finansielle stilling pr. 31. december 2014 samt af resultatet af selskabets aktiviteter for regnskabsÃ¥ret 1. januar - 31. december 2014.",2015-05-08,2015-05-08,1989-11-15,2015-05-18,statsautoriseret revisor,98213939.0,25492145.0,13530289.0,25492145.0,Bestyrelse og direktion har dags dato aflagt Ã¥rsrapporten for regnskabsÃ¥ret 1. januar - 31. december 2014 for Malgaard & Nielsen ApS.,"Vi har udfÃ¸rt udvidet gennemgang af Ã¥rsregnskabet for Malgaard & Nielsen ApS for regnskabsÃ¥ret 1. januar - 31. december 2014. Ãrsregnskabet, der omfatter anvendt regnskabspraksis, resultatopgÃ¸relse, balance og noter, udarbejdes efter Ã¥rsregnskabsloven.",Ãrsrapport,,"Ledelsesberetningen indeholder efter vores opfattelse en retvisende redegÃ¸relse for de forhold, som beretningen omhandler.",Dan Hinnerup,Erik Braad,Jacob Jacobsen,"BRANDT, Statsautoriseret Revisionspartnerselskab",Spar Nord Bank,Malgaard & Nielsen ApS,"BRANDT, Statsautoriseret Revisionspartnerselskab","Baseret pÃ¥ det udfÃ¸rte arbejde er det vores opfattelse, at Ã¥rsregnskabet giver et retvisende billede af selskabets aktiver, passiver og finansielle stilling pr. 31. december 2014 samt af resultatet af selskabets aktiviteter for regnskabsÃ¥ret 1. januar - 31. december 2014 i overensstemmelse med Ã¥rsregnskabsloven.",Fjerritslev,Ãrsrapporten indstilles til generalforsamlingens godkendelse.,Fjerritslev,Fjerritslev Autocenter ApS i likvidation,Fjerritslev,2014-12-31,2014-01-01,100.0,2015-05-08,Fjerritslev,"Ledelsen har ansvaret for udarbejdelsen af et Ã¥rsregnskab, der giver et retvisende billede i overensstemmelse med Ã¥rsregnskabsloven. Ledelsen har endvidere ansvaret for den interne kontrol, som ledelsen anser nÃ¸dvendig for at udarbejde et Ã¥rsregnskab uden vÃ¦sentlig fejlinformation, uanset om denne skyldes besvigelser eller fejl.","Vi har i henhold til Ã¥rsregnskabsloven gennemlÃ¦st ledelsesberetningen. Vi har ikke foretaget yderligere handlinger i tillÃ¦g til den udfÃ¸rte udvidede gennemgang af Ã¥rsregnskabet. Det er pÃ¥ denne baggrund vores opfattelse, at oplysningerne i ledelsesberetningen er i overensstemmelse med Ã¥rsregnskabet.",98213811.0,formand,ErklÃ¦ring om udvidet gennemgang,urn:ofk:oid:5260307,indberetninger-20180424,2.5124297,13530289.0,,2018-03-30T12:58:54.002Z,2015-05-19T13:28:35.910Z,regnskab,0.0,,2014-12-31,2014-01-01,X15-AB-88-XR,2015-05-19T13:28:35.986Z,,96600.0,,,,,,,,,,,,,,,,,,,,,,,,,,,,,,,,,,,,,,
13530289,2013-01-01,2013-12-31,c123,,http://regnskaber.virk.dk/98203531/ZG9rdW1lbnRsYWdlcjovLzAzLzliLzVjLzc5L2NmLzhlMmEtNDYxZS1iMGE3LTg3NTM1MjM1MzcxNQ.pdf,http://regnskaber.virk.dk/98203531/ZG9rdW1lbnRsYWdlcjovLzAzLzZiLzRlLzI5LzcyLzU0M2MtNDUzMC04ZTUyLTFkZDU5Y2U2MDcwZQ.xml,,Danmark,Fjerritslev,9690.0,3.0,Borups AllÃ©,Fjerritslev,9690.0,21.0,Valmuemarken,"9690, Fjerritslev","Borups AllÃ©, 3",kapitalejeren,Regnskabsklasse B,Ãrsrapporten er aflagt i overensstemmelse med Ã¥rsregnskabsloven.,"Vi anser den valgte regnskabspraksis for hensigtsmÃ¦ssig, og efter vores opfattelse giver Ã¥rsregnskabet et retvisende billede af selskabets aktiver, passiver og finansielle stilling pr. 31. december 2014 samt af resultatet af selskabets aktiviteter for regnskabsÃ¥ret 1. januar - 31. december 2014.",2015-05-08,2015-05-08,1989-11-15,2015-05-18,statsautoriseret revisor,98213939.0,25492145.0,13530289.0,25492145.0,Bestyrelse og direktion har dags dato aflagt Ã¥rsrapporten for regnskabsÃ¥ret 1. januar - 31. december 2014 for Malgaard & Nielsen ApS.,"Vi har udfÃ¸rt udvidet gennemgang af Ã¥rsregnskabet for Malgaard & Nielsen ApS for regnskabsÃ¥ret 1. januar - 31. december 2014. Ãrsregnskabet, der omfatter anvendt regnskabspraksis, resultatopgÃ¸relse, balance og noter, udarbejdes efter Ã¥rsregnskabsloven.",Ãrsrapport,,"Ledelsesberetningen indeholder efter vores opfattelse en retvisende redegÃ¸relse for de forhold, som beretningen omhandler.",Dan Hinnerup,Erik Braad,Jacob Jacobsen,"BRANDT, Statsautoriseret Revisionspartnerselskab",Spar Nord Bank,Malgaard & Nielsen ApS,"BRANDT, Statsautoriseret Revisionspartnerselskab","Baseret pÃ¥ det udfÃ¸rte arbejde er det vores opfattelse, at Ã¥rsregnskabet giver et retvisende billede af selskabets aktiver, passiver og finansielle stilling pr. 31. december 2014 samt af resultatet af selskabets aktiviteter for regnskabsÃ¥ret 1. januar - 31. december 2014 i overensstemmelse med Ã¥rsregnskabsloven.",Fjerritslev,Ãrsrapporten indstilles til generalforsamlingens godkendelse.,Fjerritslev,Fjerritslev Autocenter ApS i likvidation,Fjerritslev,2014-12-31,2014-01-01,100.0,2015-05-08,Fjerritslev,"Ledelsen har ansvaret for udarbejdelsen af et Ã¥rsregnskab, der giver et retvisende billede i overensstemmelse med Ã¥rsregnskabsloven. Ledelsen har endvidere ansvaret for den interne kontrol, som ledelsen anser nÃ¸dvendig for at udarbejde et Ã¥rsregnskab uden vÃ¦sentlig fejlinformation, uanset om denne skyldes besvigelser eller fejl.","Vi har i henhold til Ã¥rsregnskabsloven gennemlÃ¦st ledelsesberetningen. Vi har ikke foretaget yderligere handlinger i tillÃ¦g til den udfÃ¸rte udvidede gennemgang af Ã¥rsregnskabet. Det er pÃ¥ denne baggrund vores opfattelse, at oplysningerne i ledelsesberetningen er i overensstemmelse med Ã¥rsregnskabet.",98213811.0,formand,ErklÃ¦ring om udvidet gennemgang,urn:ofk:oid:5260307,indberetninger-20180424,2.5124297,13530289.0,,2018-03-30T12:58:54.002Z,2015-05-19T13:28:35.910Z,regnskab,0.0,,2014-12-31,2014-01-01,X15-AB-88-XR,2015-05-19T13:28:35.986Z,,282092.0,,,,,,,,,,,,,,,,,,,,,,,,,,,,,,,,,,,,,,
13530289,2013-01-01,2013-12-31,c178,,http://regnskaber.virk.dk/98203531/ZG9rdW1lbnRsYWdlcjovLzAzLzliLzVjLzc5L2NmLzhlMmEtNDYxZS1iMGE3LTg3NTM1MjM1MzcxNQ.pdf,http://regnskaber.virk.dk/98203531/ZG9rdW1lbnRsYWdlcjovLzAzLzZiLzRlLzI5LzcyLzU0M2MtNDUzMC04ZTUyLTFkZDU5Y2U2MDcwZQ.xml,,Danmark,Fjerritslev,9690.0,3.0,Borups AllÃ©,Fjerritslev,9690.0,21.0,Valmuemarken,"9690, Fjerritslev","Borups AllÃ©, 3",kapitalejeren,Regnskabsklasse B,Ãrsrapporten er aflagt i overensstemmelse med Ã¥rsregnskabsloven.,"Vi anser den valgte regnskabspraksis for hensigtsmÃ¦ssig, og efter vores opfattelse giver Ã¥rsregnskabet et retvisende billede af selskabets aktiver, passiver og finansielle stilling pr. 31. december 2014 samt af resultatet af selskabets aktiviteter for regnskabsÃ¥ret 1. januar - 31. december 2014.",2015-05-08,2015-05-08,1989-11-15,2015-05-18,statsautoriseret revisor,98213939.0,25492145.0,13530289.0,25492145.0,Bestyrelse og direktion har dags dato aflagt Ã¥rsrapporten for regnskabsÃ¥ret 1. januar - 31. december 2014 for Malgaard & Nielsen ApS.,"Vi har udfÃ¸rt udvidet gennemgang af Ã¥rsregnskabet for Malgaard & Nielsen ApS for regnskabsÃ¥ret 1. januar - 31. december 2014. Ãrsregnskabet, der omfatter anvendt regnskabspraksis, resultatopgÃ¸relse, balance og noter, udarbejdes efter Ã¥rsregnskabsloven.",Ãrsrapport,,"Ledelsesberetningen indeholder efter vores opfattelse en retvisende redegÃ¸relse for de forhold, som beretningen omhandler.",Dan Hinnerup,Erik Braad,Jacob Jacobsen,"BRANDT, Statsautoriseret Revisionspartnerselskab",Spar Nord Bank,Malgaard & Nielsen ApS,"BRANDT, Statsautoriseret Revisionspartnerselskab","Baseret pÃ¥ det udfÃ¸rte arbejde er det vores opfattelse, at Ã¥rsregnskabet giver et retvisende billede af selskabets aktiver, passiver og finansielle stilling pr. 31. december 2014 samt af resultatet af selskabets aktiviteter for regnskabsÃ¥ret 1. januar - 31. december 2014 i overensstemmelse med Ã¥rsregnskabsloven.",Fjerritslev,Ãrsrapporten indstilles til generalforsamlingens godkendelse.,Fjerritslev,Fjerritslev Autocenter ApS i likvidation,Fjerritslev,2014-12-31,2014-01-01,100.0,2015-05-08,Fjerritslev,"Ledelsen har ansvaret for udarbejdelsen af et Ã¥rsregnskab, der giver et retvisende billede i overensstemmelse med Ã¥rsregnskabsloven. Ledelsen har endvidere ansvaret for den interne kontrol, som ledelsen anser nÃ¸dvendig for at udarbejde et Ã¥rsregnskab uden vÃ¦sentlig fejlinformation, uanset om denne skyldes besvigelser eller fejl.","Vi har i henhold til Ã¥rsregnskabsloven gennemlÃ¦st ledelsesberetningen. Vi har ikke foretaget yderligere handlinger i tillÃ¦g til den udfÃ¸rte udvidede gennemgang af Ã¥rsregnskabet. Det er pÃ¥ denne baggrund vores opfattelse, at oplysningerne i ledelsesberetningen er i overensstemmelse med Ã¥rsregnskabet.",98213811.0,formand,ErklÃ¦ring om udvidet gennemgang,urn:ofk:oid:5260307,indberetninger-20180424,2.5124297,13530289.0,,2018-03-30T12:58:54.002Z,2015-05-19T13:28:35.910Z,regnskab,0.0,,2014-12-31,2014-01-01,X15-AB-88-XR,2015-05-19T13:28:35.986Z,,,-350000.0,9217.0,,,,,,,,,,,,,,,,,,,,,,,,,,,,,,,,,,,,
13530289,2013-01-01,2013-12-31,c3,,http://regnskaber.virk.dk/98203531/ZG9rdW1lbnRsYWdlcjovLzAzLzliLzVjLzc5L2NmLzhlMmEtNDYxZS1iMGE3LTg3NTM1MjM1MzcxNQ.pdf,http://regnskaber.virk.dk/98203531/ZG9rdW1lbnRsYWdlcjovLzAzLzZiLzRlLzI5LzcyLzU0M2MtNDUzMC04ZTUyLTFkZDU5Y2U2MDcwZQ.xml,,Danmark,Fjerritslev,9690.0,3.0,Borups AllÃ©,Fjerritslev,9690.0,21.0,Valmuemarken,"9690, Fjerritslev","Borups AllÃ©, 3",kapitalejeren,Regnskabsklasse B,Ãrsrapporten er aflagt i overensstemmelse med Ã¥rsregnskabsloven.,"Vi anser den valgte regnskabspraksis for hensigtsmÃ¦ssig, og efter vores opfattelse giver Ã¥rsregnskabet et retvisende billede af selskabets aktiver, passiver og finansielle stilling pr. 31. december 2014 samt af resultatet af selskabets aktiviteter for regnskabsÃ¥ret 1. januar - 31. december 2014.",2015-05-08,2015-05-08,1989-11-15,2015-05-18,statsautoriseret revisor,98213939.0,25492145.0,13530289.0,25492145.0,Bestyrelse og direktion har dags dato aflagt Ã¥rsrapporten for regnskabsÃ¥ret 1. januar - 31. december 2014 for Malgaard & Nielsen ApS.,"Vi har udfÃ¸rt udvidet gennemgang af Ã¥rsregnskabet for Malgaard & Nielsen ApS for regnskabsÃ¥ret 1. januar - 31. december 2014. Ãrsregnskabet, der omfatter anvendt regnskabspraksis, resultatopgÃ¸relse, balance og noter, udarbejdes efter Ã¥rsregnskabsloven.",Ãrsrapport,,"Ledelsesberetningen indeholder efter vores opfattelse en retvisende redegÃ¸relse for de forhold, som beretningen omhandler.",Dan Hinnerup,Erik Braad,Jacob Jacobsen,"BRANDT, Statsautoriseret Revisionspartnerselskab",Spar Nord Bank,Malgaard & Nielsen ApS,"BRANDT, Statsautoriseret Revisionspartnerselskab","Baseret pÃ¥ det udfÃ¸rte arbejde er det vores opfattelse, at Ã¥rsregnskabet giver et retvisende billede af selskabets aktiver, passiver og finansielle stilling pr. 31. december 2014 samt af resultatet af selskabets aktiviteter for regnskabsÃ¥ret 1. januar - 31. december 2014 i overensstemmelse med Ã¥rsregnskabsloven.",Fjerritslev,Ãrsrapporten indstilles til generalforsamlingens godkendelse.,Fjerritslev,Fjerritslev Autocenter ApS i likvidation,Fjerritslev,2014-12-31,2014-01-01,100.0,2015-05-08,Fjerritslev,"Ledelsen har ansvaret for udarbejdelsen af et Ã¥rsregnskab, der giver et retvisende billede i overensstemmelse med Ã¥rsregnskabsloven. Ledelsen har endvidere ansvaret for den interne kontrol, som ledelsen anser nÃ¸dvendig for at udarbejde et Ã¥rsregnskab uden vÃ¦sentlig fejlinformation, uanset om denne skyldes besvigelser eller fejl.","Vi har i henhold til Ã¥rsregnskabsloven gennemlÃ¦st ledelsesberetningen. Vi har ikke foretaget yderligere handlinger i tillÃ¦g til den udfÃ¸rte udvidede gennemgang af Ã¥rsregnskabet. Det er pÃ¥ denne baggrund vores opfattelse, at oplysningerne i ledelsesberetningen er i overensstemmelse med Ã¥rsregnskabet.",98213811.0,formand,ErklÃ¦ring om udvidet gennemgang,urn:ofk:oid:5260307,indberetninger-20180424,2.5124297,13530289.0,,2018-03-30T12:58:54.002Z,2015-05-19T13:28:35.910Z,regnskab,0.0,,2014-12-31,2014-01-01,X15-AB-88-XR,2015-05-19T13:28:35.986Z,,37909.0,,,-6875.0,9217.0,6875.0,2534.0,100.0,48386.0,2534.0,48294.0,-6875.0,10385.0,,,,,,,,,,,,,,,,,,,,,,,,,,
13530289,2013-01-01,2013-12-31,c474,,http://regnskaber.virk.dk/98203531/ZG9rdW1lbnRsYWdlcjovLzAzLzliLzVjLzc5L2NmLzhlMmEtNDYxZS1iMGE3LTg3NTM1MjM1MzcxNQ.pdf,http://regnskaber.virk.dk/98203531/ZG9rdW1lbnRsYWdlcjovLzAzLzZiLzRlLzI5LzcyLzU0M2MtNDUzMC04ZTUyLTFkZDU5Y2U2MDcwZQ.xml,,Danmark,Fjerritslev,9690.0,3.0,Borups AllÃ©,Fjerritslev,9690.0,21.0,Valmuemarken,"9690, Fjerritslev","Borups AllÃ©, 3",kapitalejeren,Regnskabsklasse B,Ãrsrapporten er aflagt i overensstemmelse med Ã¥rsregnskabsloven.,"Vi anser den valgte regnskabspraksis for hensigtsmÃ¦ssig, og efter vores opfattelse giver Ã¥rsregnskabet et retvisende billede af selskabets aktiver, passiver og finansielle stilling pr. 31. december 2014 samt af resultatet af selskabets aktiviteter for regnskabsÃ¥ret 1. januar - 31. december 2014.",2015-05-08,2015-05-08,1989-11-15,2015-05-18,statsautoriseret revisor,98213939.0,25492145.0,13530289.0,25492145.0,Bestyrelse og direktion har dags dato aflagt Ã¥rsrapporten for regnskabsÃ¥ret 1. januar - 31. december 2014 for Malgaard & Nielsen ApS.,"Vi har udfÃ¸rt udvidet gennemgang af Ã¥rsregnskabet for Malgaard & Nielsen ApS for regnskabsÃ¥ret 1. januar - 31. december 2014. Ãrsregnskabet, der omfatter anvendt regnskabspraksis, resultatopgÃ¸relse, balance og noter, udarbejdes efter Ã¥rsregnskabsloven.",Ãrsrapport,,"Ledelsesberetningen indeholder efter vores opfattelse en retvisende redegÃ¸relse for de forhold, som beretningen omhandler.",Dan Hinnerup,Erik Braad,Jacob Jacobsen,"BRANDT, Statsautoriseret Revisionspartnerselskab",Spar Nord Bank,Malgaard & Nielsen ApS,"BRANDT, Statsautoriseret Revisionspartnerselskab","Baseret pÃ¥ det udfÃ¸rte arbejde er det vores opfattelse, at Ã¥rsregnskabet giver et retvisende billede af selskabets aktiver, passiver og finansielle stilling pr. 31. december 2014 samt af resultatet af selskabets aktiviteter for regnskabsÃ¥ret 1. januar - 31. december 2014 i overensstemmelse med Ã¥rsregnskabsloven.",Fjerritslev,Ãrsrapporten indstilles til generalforsamlingens godkendelse.,Fjerritslev,Fjerritslev Autocenter ApS i likvidation,Fjerritslev,2014-12-31,2014-01-01,100.0,2015-05-08,Fjerritslev,"Ledelsen har ansvaret for udarbejdelsen af et Ã¥rsregnskab, der giver et retvisende billede i overensstemmelse med Ã¥rsregnskabsloven. Ledelsen har endvidere ansvaret for den interne kontrol, som ledelsen anser nÃ¸dvendig for at udarbejde et Ã¥rsregnskab uden vÃ¦sentlig fejlinformation, uanset om denne skyldes besvigelser eller fejl.","Vi har i henhold til Ã¥rsregnskabsloven gennemlÃ¦st ledelsesberetningen. Vi har ikke foretaget yderligere handlinger i tillÃ¦g til den udfÃ¸rte udvidede gennemgang af Ã¥rsregnskabet. Det er pÃ¥ denne baggrund vores opfattelse, at oplysningerne i ledelsesberetningen er i overensstemmelse med Ã¥rsregnskabet.",98213811.0,formand,ErklÃ¦ring om udvidet gennemgang,urn:ofk:oid:5260307,indberetninger-20180424,2.5124297,13530289.0,,2018-03-30T12:58:54.002Z,2015-05-19T13:28:35.910Z,regnskab,0.0,,2014-12-31,2014-01-01,X15-AB-88-XR,2015-05-19T13:28:35.986Z,,-340783.0,,,,,,,,,,,,,,,,,,,,,,,,,,,,,,,,,,,,,,
13530289,2013-01-01,2013-12-31,c736,,http://regnskaber.virk.dk/98203531/ZG9rdW1lbnRsYWdlcjovLzAzLzliLzVjLzc5L2NmLzhlMmEtNDYxZS1iMGE3LTg3NTM1MjM1MzcxNQ.pdf,http://regnskaber.virk.dk/98203531/ZG9rdW1lbnRsYWdlcjovLzAzLzZiLzRlLzI5LzcyLzU0M2MtNDUzMC04ZTUyLTFkZDU5Y2U2MDcwZQ.xml,,Danmark,Fjerritslev,9690.0,3.0,Borups AllÃ©,Fjerritslev,9690.0,21.0,Valmuemarken,"9690, Fjerritslev","Borups AllÃ©, 3",kapitalejeren,Regnskabsklasse B,Ãrsrapporten er aflagt i overensstemmelse med Ã¥rsregnskabsloven.,"Vi anser den valgte regnskabspraksis for hensigtsmÃ¦ssig, og efter vores opfattelse giver Ã¥rsregnskabet et retvisende billede af selskabets aktiver, passiver og finansielle stilling pr. 31. december 2014 samt af resultatet af selskabets aktiviteter for regnskabsÃ¥ret 1. januar - 31. december 2014.",2015-05-08,2015-05-08,1989-11-15,2015-05-18,statsautoriseret revisor,98213939.0,25492145.0,13530289.0,25492145.0,Bestyrelse og direktion har dags dato aflagt Ã¥rsrapporten for regnskabsÃ¥ret 1. januar - 31. december 2014 for Malgaard & Nielsen ApS.,"Vi har udfÃ¸rt udvidet gennemgang af Ã¥rsregnskabet for Malgaard & Nielsen ApS for regnskabsÃ¥ret 1. januar - 31. december 2014. Ãrsregnskabet, der omfatter anvendt regnskabspraksis, resultatopgÃ¸relse, balance og noter, udarbejdes efter Ã¥rsregnskabsloven.",Ãrsrapport,,"Ledelsesberetningen indeholder efter vores opfattelse en retvisende redegÃ¸relse for de forhold, som beretningen omhandler.",Dan Hinnerup,Erik Braad,Jacob Jacobsen,"BRANDT, Statsautoriseret Revisionspartnerselskab",Spar Nord Bank,Malgaard & Nielsen ApS,"BRANDT, Statsautoriseret Revisionspartnerselskab","Baseret pÃ¥ det udfÃ¸rte arbejde er det vores opfattelse, at Ã¥rsregnskabet giver et retvisende billede af selskabets aktiver, passiver og finansielle stilling pr. 31. december 2014 samt af resultatet af selskabets aktiviteter for regnskabsÃ¥ret 1. januar - 31. december 2014 i overensstemmelse med Ã¥rsregnskabsloven.",Fjerritslev,Ãrsrapporten indstilles til generalforsamlingens godkendelse.,Fjerritslev,Fjerritslev Autocenter ApS i likvidation,Fjerritslev,2014-12-31,2014-01-01,100.0,2015-05-08,Fjerritslev,"Ledelsen har ansvaret for udarbejdelsen af et Ã¥rsregnskab, der giver et retvisende billede i overensstemmelse med Ã¥rsregnskabsloven. Ledelsen har endvidere ansvaret for den interne kontrol, som ledelsen anser nÃ¸dvendig for at udarbejde et Ã¥rsregnskab uden vÃ¦sentlig fejlinformation, uanset om denne skyldes besvigelser eller fejl.","Vi har i henhold til Ã¥rsregnskabsloven gennemlÃ¦st ledelsesberetningen. Vi har ikke foretaget yderligere handlinger i tillÃ¦g til den udfÃ¸rte udvidede gennemgang af Ã¥rsregnskabet. Det er pÃ¥ denne baggrund vores opfattelse, at oplysningerne i ledelsesberetningen er i overensstemmelse med Ã¥rsregnskabet.",98213811.0,formand,ErklÃ¦ring om udvidet gennemgang,urn:ofk:oid:5260307,indberetninger-20180424,2.5124297,13530289.0,,2018-03-30T12:58:54.002Z,2015-05-19T13:28:35.910Z,regnskab,0.0,,2014-12-31,2014-01-01,X15-AB-88-XR,2015-05-19T13:28:35.986Z,,-340783.0,,,,,,,,,,,,,,,,,,,,,,,,,,,,,,,,,,,,,,
13530289,2013-01-01,2013-12-31,c742,,http://regnskaber.virk.dk/98203531/ZG9rdW1lbnRsYWdlcjovLzAzLzliLzVjLzc5L2NmLzhlMmEtNDYxZS1iMGE3LTg3NTM1MjM1MzcxNQ.pdf,http://regnskaber.virk.dk/98203531/ZG9rdW1lbnRsYWdlcjovLzAzLzZiLzRlLzI5LzcyLzU0M2MtNDUzMC04ZTUyLTFkZDU5Y2U2MDcwZQ.xml,,Danmark,Fjerritslev,9690.0,3.0,Borups AllÃ©,Fjerritslev,9690.0,21.0,Valmuemarken,"9690, Fjerritslev","Borups AllÃ©, 3",kapitalejeren,Regnskabsklasse B,Ãrsrapporten er aflagt i overensstemmelse med Ã¥rsregnskabsloven.,"Vi anser den valgte regnskabspraksis for hensigtsmÃ¦ssig, og efter vores opfattelse giver Ã¥rsregnskabet et retvisende billede af selskabets aktiver, passiver og finansielle stilling pr. 31. december 2014 samt af resultatet af selskabets aktiviteter for regnskabsÃ¥ret 1. januar - 31. december 2014.",2015-05-08,2015-05-08,1989-11-15,2015-05-18,statsautoriseret revisor,98213939.0,25492145.0,13530289.0,25492145.0,Bestyrelse og direktion har dags dato aflagt Ã¥rsrapporten for regnskabsÃ¥ret 1. januar - 31. december 2014 for Malgaard & Nielsen ApS.,"Vi har udfÃ¸rt udvidet gennemgang af Ã¥rsregnskabet for Malgaard & Nielsen ApS for regnskabsÃ¥ret 1. januar - 31. december 2014. Ãrsregnskabet, der omfatter anvendt regnskabspraksis, resultatopgÃ¸relse, balance og noter, udarbejdes efter Ã¥rsregnskabsloven.",Ãrsrapport,,"Ledelsesberetningen indeholder efter vores opfattelse en retvisende redegÃ¸relse for de forhold, som beretningen omhandler.",Dan Hinnerup,Erik Braad,Jacob Jacobsen,"BRANDT, Statsautoriseret Revisionspartnerselskab",Spar Nord Bank,Malgaard & Nielsen ApS,"BRANDT, Statsautoriseret Revisionspartnerselskab","Baseret pÃ¥ det udfÃ¸rte arbejde er det vores opfattelse, at Ã¥rsregnskabet giver et retvisende billede af selskabets aktiver, passiver og finansielle stilling pr. 31. december 2014 samt af resultatet af selskabets aktiviteter for regnskabsÃ¥ret 1. januar - 31. december 2014 i overensstemmelse med Ã¥rsregnskabsloven.",Fjerritslev,Ãrsrapporten indstilles til generalforsamlingens godkendelse.,Fjerritslev,Fjerritslev Autocenter ApS i likvidation,Fjerritslev,2014-12-31,2014-01-01,100.0,2015-05-08,Fjerritslev,"Ledelsen har ansvaret for udarbejdelsen af et Ã¥rsregnskab, der giver et retvisende billede i overensstemmelse med Ã¥rsregnskabsloven. Ledelsen har endvidere ansvaret for den interne kontrol, som ledelsen anser nÃ¸dvendig for at udarbejde et Ã¥rsregnskab uden vÃ¦sentlig fejlinformation, uanset om denne skyldes besvigelser eller fejl.","Vi har i henhold til Ã¥rsregnskabsloven gennemlÃ¦st ledelsesberetningen. Vi har ikke foretaget yderligere handlinger i tillÃ¦g til den udfÃ¸rte udvidede gennemgang af Ã¥rsregnskabet. Det er pÃ¥ denne baggrund vores opfattelse, at oplysningerne i ledelsesberetningen er i overensstemmelse med Ã¥rsregnskabet.",98213811.0,formand,ErklÃ¦ring om udvidet gennemgang,urn:ofk:oid:5260307,indberetninger-20180424,2.5124297,13530289.0,,2018-03-30T12:58:54.002Z,2015-05-19T13:28:35.910Z,regnskab,0.0,,2014-12-31,2014-01-01,X15-AB-88-XR,2015-05-19T13:28:35.986Z,,282092.0,,,,,,,,,,,,,,,,,,,,,,,,,,,,,,,,,,,,,,
13530289,2013-01-01,2013-12-31,c745,,http://regnskaber.virk.dk/98203531/ZG9rdW1lbnRsYWdlcjovLzAzLzliLzVjLzc5L2NmLzhlMmEtNDYxZS1iMGE3LTg3NTM1MjM1MzcxNQ.pdf,http://regnskaber.virk.dk/98203531/ZG9rdW1lbnRsYWdlcjovLzAzLzZiLzRlLzI5LzcyLzU0M2MtNDUzMC04ZTUyLTFkZDU5Y2U2MDcwZQ.xml,,Danmark,Fjerritslev,9690.0,3.0,Borups AllÃ©,Fjerritslev,9690.0,21.0,Valmuemarken,"9690, Fjerritslev","Borups AllÃ©, 3",kapitalejeren,Regnskabsklasse B,Ãrsrapporten er aflagt i overensstemmelse med Ã¥rsregnskabsloven.,"Vi anser den valgte regnskabspraksis for hensigtsmÃ¦ssig, og efter vores opfattelse giver Ã¥rsregnskabet et retvisende billede af selskabets aktiver, passiver og finansielle stilling pr. 31. december 2014 samt af resultatet af selskabets aktiviteter for regnskabsÃ¥ret 1. januar - 31. december 2014.",2015-05-08,2015-05-08,1989-11-15,2015-05-18,statsautoriseret revisor,98213939.0,25492145.0,13530289.0,25492145.0,Bestyrelse og direktion har dags dato aflagt Ã¥rsrapporten for regnskabsÃ¥ret 1. januar - 31. december 2014 for Malgaard & Nielsen ApS.,"Vi har udfÃ¸rt udvidet gennemgang af Ã¥rsregnskabet for Malgaard & Nielsen ApS for regnskabsÃ¥ret 1. januar - 31. december 2014. Ãrsregnskabet, der omfatter anvendt regnskabspraksis, resultatopgÃ¸relse, balance og noter, udarbejdes efter Ã¥rsregnskabsloven.",Ãrsrapport,,"Ledelsesberetningen indeholder efter vores opfattelse en retvisende redegÃ¸relse for de forhold, som beretningen omhandler.",Dan Hinnerup,Erik Braad,Jacob Jacobsen,"BRANDT, Statsautoriseret Revisionspartnerselskab",Spar Nord Bank,Malgaard & Nielsen ApS,"BRANDT, Statsautoriseret Revisionspartnerselskab","Baseret pÃ¥ det udfÃ¸rte arbejde er det vores opfattelse, at Ã¥rsregnskabet giver et retvisende billede af selskabets aktiver, passiver og finansielle stilling pr. 31. december 2014 samt af resultatet af selskabets aktiviteter for regnskabsÃ¥ret 1. januar - 31. december 2014 i overensstemmelse med Ã¥rsregnskabsloven.",Fjerritslev,Ãrsrapporten indstilles til generalforsamlingens godkendelse.,Fjerritslev,Fjerritslev Autocenter ApS i likvidation,Fjerritslev,2014-12-31,2014-01-01,100.0,2015-05-08,Fjerritslev,"Ledelsen har ansvaret for udarbejdelsen af et Ã¥rsregnskab, der giver et retvisende billede i overensstemmelse med Ã¥rsregnskabsloven. Ledelsen har endvidere ansvaret for den interne kontrol, som ledelsen anser nÃ¸dvendig for at udarbejde et Ã¥rsregnskab uden vÃ¦sentlig fejlinformation, uanset om denne skyldes besvigelser eller fejl.","Vi har i henhold til Ã¥rsregnskabsloven gennemlÃ¦st ledelsesberetningen. Vi har ikke foretaget yderligere handlinger i tillÃ¦g til den udfÃ¸rte udvidede gennemgang af Ã¥rsregnskabet. Det er pÃ¥ denne baggrund vores opfattelse, at oplysningerne i ledelsesberetningen er i overensstemmelse med Ã¥rsregnskabet.",98213811.0,formand,ErklÃ¦ring om udvidet gennemgang,urn:ofk:oid:5260307,indberetninger-20180424,2.5124297,13530289.0,,2018-03-30T12:58:54.002Z,2015-05-19T13:28:35.910Z,regnskab,0.0,,2014-12-31,2014-01-01,X15-AB-88-XR,2015-05-19T13:28:35.986Z,,,,,,,,,,,,,,,96600.0,96600.0,,,,,,,,,,,,,,,,,,,,,,,,
13530289,2013-12-31,2013-12-31,c180,,http://regnskaber.virk.dk/98203531/ZG9rdW1lbnRsYWdlcjovLzAzLzliLzVjLzc5L2NmLzhlMmEtNDYxZS1iMGE3LTg3NTM1MjM1MzcxNQ.pdf,http://regnskaber.virk.dk/98203531/ZG9rdW1lbnRsYWdlcjovLzAzLzZiLzRlLzI5LzcyLzU0M2MtNDUzMC04ZTUyLTFkZDU5Y2U2MDcwZQ.xml,185574.0,Danmark,Fjerritslev,9690.0,3.0,Borups AllÃ©,Fjerritslev,9690.0,21.0,Valmuemarken,"9690, Fjerritslev","Borups AllÃ©, 3",kapitalejeren,Regnskabsklasse B,Ãrsrapporten er aflagt i overensstemmelse med Ã¥rsregnskabsloven.,"Vi anser den valgte regnskabspraksis for hensigtsmÃ¦ssig, og efter vores opfattelse giver Ã¥rsregnskabet et retvisende billede af selskabets aktiver, passiver og finansielle stilling pr. 31. december 2014 samt af resultatet af selskabets aktiviteter for regnskabsÃ¥ret 1. januar - 31. december 2014.",2015-05-08,2015-05-08,1989-11-15,2015-05-18,statsautoriseret revisor,98213939.0,25492145.0,13530289.0,25492145.0,Bestyrelse og direktion har dags dato aflagt Ã¥rsrapporten for regnskabsÃ¥ret 1. januar - 31. december 2014 for Malgaard & Nielsen ApS.,"Vi har udfÃ¸rt udvidet gennemgang af Ã¥rsregnskabet for Malgaard & Nielsen ApS for regnskabsÃ¥ret 1. januar - 31. december 2014. Ãrsregnskabet, der omfatter anvendt regnskabspraksis, resultatopgÃ¸relse, balance og noter, udarbejdes efter Ã¥rsregnskabsloven.",Ãrsrapport,375000.0,"Ledelsesberetningen indeholder efter vores opfattelse en retvisende redegÃ¸relse for de forhold, som beretningen omhandler.",Dan Hinnerup,Erik Braad,Jacob Jacobsen,"BRANDT, Statsautoriseret Revisionspartnerselskab",Spar Nord Bank,Malgaard & Nielsen ApS,"BRANDT, Statsautoriseret Revisionspartnerselskab","Baseret pÃ¥ det udfÃ¸rte arbejde er det vores opfattelse, at Ã¥rsregnskabet giver et retvisende billede af selskabets aktiver, passiver og finansielle stilling pr. 31. december 2014 samt af resultatet af selskabets aktiviteter for regnskabsÃ¥ret 1. januar - 31. december 2014 i overensstemmelse med Ã¥rsregnskabsloven.",Fjerritslev,Ãrsrapporten indstilles til generalforsamlingens godkendelse.,Fjerritslev,Fjerritslev Autocenter ApS i likvidation,Fjerritslev,2014-12-31,2014-01-01,100.0,2015-05-08,Fjerritslev,"Ledelsen har ansvaret for udarbejdelsen af et Ã¥rsregnskab, der giver et retvisende billede i overensstemmelse med Ã¥rsregnskabsloven. Ledelsen har endvidere ansvaret for den interne kontrol, som ledelsen anser nÃ¸dvendig for at udarbejde et Ã¥rsregnskab uden vÃ¦sentlig fejlinformation, uanset om denne skyldes besvigelser eller fejl.","Vi har i henhold til Ã¥rsregnskabsloven gennemlÃ¦st ledelsesberetningen. Vi har ikke foretaget yderligere handlinger i tillÃ¦g til den udfÃ¸rte udvidede gennemgang af Ã¥rsregnskabet. Det er pÃ¥ denne baggrund vores opfattelse, at oplysningerne i ledelsesberetningen er i overensstemmelse med Ã¥rsregnskabet.",98213811.0,formand,ErklÃ¦ring om udvidet gennemgang,urn:ofk:oid:5260307,indberetninger-20180424,2.5124297,13530289.0,,2018-03-30T12:58:54.002Z,2015-05-19T13:28:35.910Z,regnskab,0.0,,2014-12-31,2014-01-01,X15-AB-88-XR,2015-05-19T13:28:35.986Z,,,,,,,,,,,,,,,,,560574.0,,,,,,,,,,,,,,,,,,,,,,,
13530289,2013-12-31,2013-12-31,c4,,http://regnskaber.virk.dk/98203531/ZG9rdW1lbnRsYWdlcjovLzAzLzliLzVjLzc5L2NmLzhlMmEtNDYxZS1iMGE3LTg3NTM1MjM1MzcxNQ.pdf,http://regnskaber.virk.dk/98203531/ZG9rdW1lbnRsYWdlcjovLzAzLzZiLzRlLzI5LzcyLzU0M2MtNDUzMC04ZTUyLTFkZDU5Y2U2MDcwZQ.xml,,Danmark,Fjerritslev,9690.0,3.0,Borups AllÃ©,Fjerritslev,9690.0,21.0,Valmuemarken,"9690, Fjerritslev","Borups AllÃ©, 3",kapitalejeren,Regnskabsklasse B,Ãrsrapporten er aflagt i overensstemmelse med Ã¥rsregnskabsloven.,"Vi anser den valgte regnskabspraksis for hensigtsmÃ¦ssig, og efter vores opfattelse giver Ã¥rsregnskabet et retvisende billede af selskabets aktiver, passiver og finansielle stilling pr. 31. december 2014 samt af resultatet af selskabets aktiviteter for regnskabsÃ¥ret 1. januar - 31. december 2014.",2015-05-08,2015-05-08,1989-11-15,2015-05-18,statsautoriseret revisor,98213939.0,25492145.0,13530289.0,25492145.0,Bestyrelse og direktion har dags dato aflagt Ã¥rsrapporten for regnskabsÃ¥ret 1. januar - 31. december 2014 for Malgaard & Nielsen ApS.,"Vi har udfÃ¸rt udvidet gennemgang af Ã¥rsregnskabet for Malgaard & Nielsen ApS for regnskabsÃ¥ret 1. januar - 31. december 2014. Ãrsregnskabet, der omfatter anvendt regnskabspraksis, resultatopgÃ¸relse, balance og noter, udarbejdes efter Ã¥rsregnskabsloven.",Ãrsrapport,,"Ledelsesberetningen indeholder efter vores opfattelse en retvisende redegÃ¸relse for de forhold, som beretningen omhandler.",Dan Hinnerup,Erik Braad,Jacob Jacobsen,"BRANDT, Statsautoriseret Revisionspartnerselskab",Spar Nord Bank,Malgaard & Nielsen ApS,"BRANDT, Statsautoriseret Revisionspartnerselskab","Baseret pÃ¥ det udfÃ¸rte arbejde er det vores opfattelse, at Ã¥rsregnskabet giver et retvisende billede af selskabets aktiver, passiver og finansielle stilling pr. 31. december 2014 samt af resultatet af selskabets aktiviteter for regnskabsÃ¥ret 1. januar - 31. december 2014 i overensstemmelse med Ã¥rsregnskabsloven.",Fjerritslev,Ãrsrapporten indstilles til generalforsamlingens godkendelse.,Fjerritslev,Fjerritslev Autocenter ApS i likvidation,Fjerritslev,2014-12-31,2014-01-01,100.0,2015-05-08,Fjerritslev,"Ledelsen har ansvaret for udarbejdelsen af et Ã¥rsregnskab, der giver et retvisende billede i overensstemmelse med Ã¥rsregnskabsloven. Ledelsen har endvidere ansvaret for den interne kontrol, som ledelsen anser nÃ¸dvendig for at udarbejde et Ã¥rsregnskab uden vÃ¦sentlig fejlinformation, uanset om denne skyldes besvigelser eller fejl.","Vi har i henhold til Ã¥rsregnskabsloven gennemlÃ¦st ledelsesberetningen. Vi har ikke foretaget yderligere handlinger i tillÃ¦g til den udfÃ¸rte udvidede gennemgang af Ã¥rsregnskabet. Det er pÃ¥ denne baggrund vores opfattelse, at oplysningerne i ledelsesberetningen er i overensstemmelse med Ã¥rsregnskabet.",98213811.0,formand,ErklÃ¦ring om udvidet gennemgang,urn:ofk:oid:5260307,indberetninger-20180424,2.5124297,13530289.0,,2018-03-30T12:58:54.002Z,2015-05-19T13:28:35.910Z,regnskab,0.0,,2014-12-31,2014-01-01,X15-AB-88-XR,2015-05-19T13:28:35.986Z,1849774.0,,,,,,,,,,,,,,,,560574.0,1855274.0,8180.0,250000.0,1294700.0,1855274.0,5500.0,560574.0,560574.0,0.0,0.0,0.0,96600.0,185574.0,1317600.0,0.0,5500.0,0.0,1286520.0,1277420.0,0.0,9100.0,5500.0,
13530289,2013-12-31,2013-12-31,c722,,http://regnskaber.virk.dk/98203531/ZG9rdW1lbnRsYWdlcjovLzAzLzliLzVjLzc5L2NmLzhlMmEtNDYxZS1iMGE3LTg3NTM1MjM1MzcxNQ.pdf,http://regnskaber.virk.dk/98203531/ZG9rdW1lbnRsYWdlcjovLzAzLzZiLzRlLzI5LzcyLzU0M2MtNDUzMC04ZTUyLTFkZDU5Y2U2MDcwZQ.xml,,Danmark,Fjerritslev,9690.0,3.0,Borups AllÃ©,Fjerritslev,9690.0,21.0,Valmuemarken,"9690, Fjerritslev","Borups AllÃ©, 3",kapitalejeren,Regnskabsklasse B,Ãrsrapporten er aflagt i overensstemmelse med Ã¥rsregnskabsloven.,"Vi anser den valgte regnskabspraksis for hensigtsmÃ¦ssig, og efter vores opfattelse giver Ã¥rsregnskabet et retvisende billede af selskabets aktiver, passiver og finansielle stilling pr. 31. december 2014 samt af resultatet af selskabets aktiviteter for regnskabsÃ¥ret 1. januar - 31. december 2014.",2015-05-08,2015-05-08,1989-11-15,2015-05-18,statsautoriseret revisor,98213939.0,25492145.0,13530289.0,25492145.0,Bestyrelse og direktion har dags dato aflagt Ã¥rsrapporten for regnskabsÃ¥ret 1. januar - 31. december 2014 for Malgaard & Nielsen ApS.,"Vi har udfÃ¸rt udvidet gennemgang af Ã¥rsregnskabet for Malgaard & Nielsen ApS for regnskabsÃ¥ret 1. januar - 31. december 2014. Ãrsregnskabet, der omfatter anvendt regnskabspraksis, resultatopgÃ¸relse, balance og noter, udarbejdes efter Ã¥rsregnskabsloven.",Ãrsrapport,,"Ledelsesberetningen indeholder efter vores opfattelse en retvisende redegÃ¸relse for de forhold, som beretningen omhandler.",Dan Hinnerup,Erik Braad,Jacob Jacobsen,"BRANDT, Statsautoriseret Revisionspartnerselskab",Spar Nord Bank,Malgaard & Nielsen ApS,"BRANDT, Statsautoriseret Revisionspartnerselskab","Baseret pÃ¥ det udfÃ¸rte arbejde er det vores opfattelse, at Ã¥rsregnskabet giver et retvisende billede af selskabets aktiver, passiver og finansielle stilling pr. 31. december 2014 samt af resultatet af selskabets aktiviteter for regnskabsÃ¥ret 1. januar - 31. december 2014 i overensstemmelse med Ã¥rsregnskabsloven.",Fjerritslev,Ãrsrapporten indstilles til generalforsamlingens godkendelse.,Fjerritslev,Fjerritslev Autocenter ApS i likvidation,Fjerritslev,2014-12-31,2014-01-01,100.0,2015-05-08,Fjerritslev,"Ledelsen har ansvaret for udarbejdelsen af et Ã¥rsregnskab, der giver et retvisende billede i overensstemmelse med Ã¥rsregnskabsloven. Ledelsen har endvidere ansvaret for den interne kontrol, som ledelsen anser nÃ¸dvendig for at udarbejde et Ã¥rsregnskab uden vÃ¦sentlig fejlinformation, uanset om denne skyldes besvigelser eller fejl.","Vi har i henhold til Ã¥rsregnskabsloven gennemlÃ¦st ledelsesberetningen. Vi har ikke foretaget yderligere handlinger i tillÃ¦g til den udfÃ¸rte udvidede gennemgang af Ã¥rsregnskabet. Det er pÃ¥ denne baggrund vores opfattelse, at oplysningerne i ledelsesberetningen er i overensstemmelse med Ã¥rsregnskabet.",98213811.0,formand,ErklÃ¦ring om udvidet gennemgang,urn:ofk:oid:5260307,indberetninger-20180424,2.5124297,13530289.0,,2018-03-30T12:58:54.002Z,2015-05-19T13:28:35.910Z,regnskab,0.0,,2014-12-31,2014-01-01,X15-AB-88-XR,2015-05-19T13:28:35.986Z,250000.0,,,,,,,,,,,,,,,,,,,,,,,,,,,,,,,,,,,,,,,
13530289,2013-12-31,2013-12-31,c737,,http://regnskaber.virk.dk/98203531/ZG9rdW1lbnRsYWdlcjovLzAzLzliLzVjLzc5L2NmLzhlMmEtNDYxZS1iMGE3LTg3NTM1MjM1MzcxNQ.pdf,http://regnskaber.virk.dk/98203531/ZG9rdW1lbnRsYWdlcjovLzAzLzZiLzRlLzI5LzcyLzU0M2MtNDUzMC04ZTUyLTFkZDU5Y2U2MDcwZQ.xml,,Danmark,Fjerritslev,9690.0,3.0,Borups AllÃ©,Fjerritslev,9690.0,21.0,Valmuemarken,"9690, Fjerritslev","Borups AllÃ©, 3",kapitalejeren,Regnskabsklasse B,Ãrsrapporten er aflagt i overensstemmelse med Ã¥rsregnskabsloven.,"Vi anser den valgte regnskabspraksis for hensigtsmÃ¦ssig, og efter vores opfattelse giver Ã¥rsregnskabet et retvisende billede af selskabets aktiver, passiver og finansielle stilling pr. 31. december 2014 samt af resultatet af selskabets aktiviteter for regnskabsÃ¥ret 1. januar - 31. december 2014.",2015-05-08,2015-05-08,1989-11-15,2015-05-18,statsautoriseret revisor,98213939.0,25492145.0,13530289.0,25492145.0,Bestyrelse og direktion har dags dato aflagt Ã¥rsrapporten for regnskabsÃ¥ret 1. januar - 31. december 2014 for Malgaard & Nielsen ApS.,"Vi har udfÃ¸rt udvidet gennemgang af Ã¥rsregnskabet for Malgaard & Nielsen ApS for regnskabsÃ¥ret 1. januar - 31. december 2014. Ãrsregnskabet, der omfatter anvendt regnskabspraksis, resultatopgÃ¸relse, balance og noter, udarbejdes efter Ã¥rsregnskabsloven.",Ãrsrapport,,"Ledelsesberetningen indeholder efter vores opfattelse en retvisende redegÃ¸relse for de forhold, som beretningen omhandler.",Dan Hinnerup,Erik Braad,Jacob Jacobsen,"BRANDT, Statsautoriseret Revisionspartnerselskab",Spar Nord Bank,Malgaard & Nielsen ApS,"BRANDT, Statsautoriseret Revisionspartnerselskab","Baseret pÃ¥ det udfÃ¸rte arbejde er det vores opfattelse, at Ã¥rsregnskabet giver et retvisende billede af selskabets aktiver, passiver og finansielle stilling pr. 31. december 2014 samt af resultatet af selskabets aktiviteter for regnskabsÃ¥ret 1. januar - 31. december 2014 i overensstemmelse med Ã¥rsregnskabsloven.",Fjerritslev,Ãrsrapporten indstilles til generalforsamlingens godkendelse.,Fjerritslev,Fjerritslev Autocenter ApS i likvidation,Fjerritslev,2014-12-31,2014-01-01,100.0,2015-05-08,Fjerritslev,"Ledelsen har ansvaret for udarbejdelsen af et Ã¥rsregnskab, der giver et retvisende billede i overensstemmelse med Ã¥rsregnskabsloven. Ledelsen har endvidere ansvaret for den interne kontrol, som ledelsen anser nÃ¸dvendig for at udarbejde et Ã¥rsregnskab uden vÃ¦sentlig fejlinformation, uanset om denne skyldes besvigelser eller fejl.","Vi har i henhold til Ã¥rsregnskabsloven gennemlÃ¦st ledelsesberetningen. Vi har ikke foretaget yderligere handlinger i tillÃ¦g til den udfÃ¸rte udvidede gennemgang af Ã¥rsregnskabet. Det er pÃ¥ denne baggrund vores opfattelse, at oplysningerne i ledelsesberetningen er i overensstemmelse med Ã¥rsregnskabet.",98213811.0,formand,ErklÃ¦ring om udvidet gennemgang,urn:ofk:oid:5260307,indberetninger-20180424,2.5124297,13530289.0,,2018-03-30T12:58:54.002Z,2015-05-19T13:28:35.910Z,regnskab,0.0,,2014-12-31,2014-01-01,X15-AB-88-XR,2015-05-19T13:28:35.986Z,185574.0,,,,,,,,,,,,,,,,,,,,,,,,,,,,,,,,,,,,,,,
13530289,2013-12-31,2013-12-31,c743,,http://regnskaber.virk.dk/98203531/ZG9rdW1lbnRsYWdlcjovLzAzLzliLzVjLzc5L2NmLzhlMmEtNDYxZS1iMGE3LTg3NTM1MjM1MzcxNQ.pdf,http://regnskaber.virk.dk/98203531/ZG9rdW1lbnRsYWdlcjovLzAzLzZiLzRlLzI5LzcyLzU0M2MtNDUzMC04ZTUyLTFkZDU5Y2U2MDcwZQ.xml,,Danmark,Fjerritslev,9690.0,3.0,Borups AllÃ©,Fjerritslev,9690.0,21.0,Valmuemarken,"9690, Fjerritslev","Borups AllÃ©, 3",kapitalejeren,Regnskabsklasse B,Ãrsrapporten er aflagt i overensstemmelse med Ã¥rsregnskabsloven.,"Vi anser den valgte regnskabspraksis for hensigtsmÃ¦ssig, og efter vores opfattelse giver Ã¥rsregnskabet et retvisende billede af selskabets aktiver, passiver og finansielle stilling pr. 31. december 2014 samt af resultatet af selskabets aktiviteter for regnskabsÃ¥ret 1. januar - 31. december 2014.",2015-05-08,2015-05-08,1989-11-15,2015-05-18,statsautoriseret revisor,98213939.0,25492145.0,13530289.0,25492145.0,Bestyrelse og direktion har dags dato aflagt Ã¥rsrapporten for regnskabsÃ¥ret 1. januar - 31. december 2014 for Malgaard & Nielsen ApS.,"Vi har udfÃ¸rt udvidet gennemgang af Ã¥rsregnskabet for Malgaard & Nielsen ApS for regnskabsÃ¥ret 1. januar - 31. december 2014. Ãrsregnskabet, der omfatter anvendt regnskabspraksis, resultatopgÃ¸relse, balance og noter, udarbejdes efter Ã¥rsregnskabsloven.",Ãrsrapport,,"Ledelsesberetningen indeholder efter vores opfattelse en retvisende redegÃ¸relse for de forhold, som beretningen omhandler.",Dan Hinnerup,Erik Braad,Jacob Jacobsen,"BRANDT, Statsautoriseret Revisionspartnerselskab",Spar Nord Bank,Malgaard & Nielsen ApS,"BRANDT, Statsautoriseret Revisionspartnerselskab","Baseret pÃ¥ det udfÃ¸rte arbejde er det vores opfattelse, at Ã¥rsregnskabet giver et retvisende billede af selskabets aktiver, passiver og finansielle stilling pr. 31. december 2014 samt af resultatet af selskabets aktiviteter for regnskabsÃ¥ret 1. januar - 31. december 2014 i overensstemmelse med Ã¥rsregnskabsloven.",Fjerritslev,Ãrsrapporten indstilles til generalforsamlingens godkendelse.,Fjerritslev,Fjerritslev Autocenter ApS i likvidation,Fjerritslev,2014-12-31,2014-01-01,100.0,2015-05-08,Fjerritslev,"Ledelsen har ansvaret for udarbejdelsen af et Ã¥rsregnskab, der giver et retvisende billede i overensstemmelse med Ã¥rsregnskabsloven. Ledelsen har endvidere ansvaret for den interne kontrol, som ledelsen anser nÃ¸dvendig for at udarbejde et Ã¥rsregnskab uden vÃ¦sentlig fejlinformation, uanset om denne skyldes besvigelser eller fejl.","Vi har i henhold til Ã¥rsregnskabsloven gennemlÃ¦st ledelsesberetningen. Vi har ikke foretaget yderligere handlinger i tillÃ¦g til den udfÃ¸rte udvidede gennemgang af Ã¥rsregnskabet. Det er pÃ¥ denne baggrund vores opfattelse, at oplysningerne i ledelsesberetningen er i overensstemmelse med Ã¥rsregnskabet.",98213811.0,formand,ErklÃ¦ring om udvidet gennemgang,urn:ofk:oid:5260307,indberetninger-20180424,2.5124297,13530289.0,,2018-03-30T12:58:54.002Z,2015-05-19T13:28:35.910Z,regnskab,0.0,,2014-12-31,2014-01-01,X15-AB-88-XR,2015-05-19T13:28:35.986Z,1317600.0,,,,,,,,,,,,,,,,,,,,,,,,,,,,,,,,,,,,,,,
13530289,2013-12-31,2013-12-31,c746,,http://regnskaber.virk.dk/98203531/ZG9rdW1lbnRsYWdlcjovLzAzLzliLzVjLzc5L2NmLzhlMmEtNDYxZS1iMGE3LTg3NTM1MjM1MzcxNQ.pdf,http://regnskaber.virk.dk/98203531/ZG9rdW1lbnRsYWdlcjovLzAzLzZiLzRlLzI5LzcyLzU0M2MtNDUzMC04ZTUyLTFkZDU5Y2U2MDcwZQ.xml,,Danmark,Fjerritslev,9690.0,3.0,Borups AllÃ©,Fjerritslev,9690.0,21.0,Valmuemarken,"9690, Fjerritslev","Borups AllÃ©, 3",kapitalejeren,Regnskabsklasse B,Ãrsrapporten er aflagt i overensstemmelse med Ã¥rsregnskabsloven.,"Vi anser den valgte regnskabspraksis for hensigtsmÃ¦ssig, og efter vores opfattelse giver Ã¥rsregnskabet et retvisende billede af selskabets aktiver, passiver og finansielle stilling pr. 31. december 2014 samt af resultatet af selskabets aktiviteter for regnskabsÃ¥ret 1. januar - 31. december 2014.",2015-05-08,2015-05-08,1989-11-15,2015-05-18,statsautoriseret revisor,98213939.0,25492145.0,13530289.0,25492145.0,Bestyrelse og direktion har dags dato aflagt Ã¥rsrapporten for regnskabsÃ¥ret 1. januar - 31. december 2014 for Malgaard & Nielsen ApS.,"Vi har udfÃ¸rt udvidet gennemgang af Ã¥rsregnskabet for Malgaard & Nielsen ApS for regnskabsÃ¥ret 1. januar - 31. december 2014. Ãrsregnskabet, der omfatter anvendt regnskabspraksis, resultatopgÃ¸relse, balance og noter, udarbejdes efter Ã¥rsregnskabsloven.",Ãrsrapport,,"Ledelsesberetningen indeholder efter vores opfattelse en retvisende redegÃ¸relse for de forhold, som beretningen omhandler.",Dan Hinnerup,Erik Braad,Jacob Jacobsen,"BRANDT, Statsautoriseret Revisionspartnerselskab",Spar Nord Bank,Malgaard & Nielsen ApS,"BRANDT, Statsautoriseret Revisionspartnerselskab","Baseret pÃ¥ det udfÃ¸rte arbejde er det vores opfattelse, at Ã¥rsregnskabet giver et retvisende billede af selskabets aktiver, passiver og finansielle stilling pr. 31. december 2014 samt af resultatet af selskabets aktiviteter for regnskabsÃ¥ret 1. januar - 31. december 2014 i overensstemmelse med Ã¥rsregnskabsloven.",Fjerritslev,Ãrsrapporten indstilles til generalforsamlingens godkendelse.,Fjerritslev,Fjerritslev Autocenter ApS i likvidation,Fjerritslev,2014-12-31,2014-01-01,100.0,2015-05-08,Fjerritslev,"Ledelsen har ansvaret for udarbejdelsen af et Ã¥rsregnskab, der giver et retvisende billede i overensstemmelse med Ã¥rsregnskabsloven. Ledelsen har endvidere ansvaret for den interne kontrol, som ledelsen anser nÃ¸dvendig for at udarbejde et Ã¥rsregnskab uden vÃ¦sentlig fejlinformation, uanset om denne skyldes besvigelser eller fejl.","Vi har i henhold til Ã¥rsregnskabsloven gennemlÃ¦st ledelsesberetningen. Vi har ikke foretaget yderligere handlinger i tillÃ¦g til den udfÃ¸rte udvidede gennemgang af Ã¥rsregnskabet. Det er pÃ¥ denne baggrund vores opfattelse, at oplysningerne i ledelsesberetningen er i overensstemmelse med Ã¥rsregnskabet.",98213811.0,formand,ErklÃ¦ring om udvidet gennemgang,urn:ofk:oid:5260307,indberetninger-20180424,2.5124297,13530289.0,,2018-03-30T12:58:54.002Z,2015-05-19T13:28:35.910Z,regnskab,0.0,,2014-12-31,2014-01-01,X15-AB-88-XR,2015-05-19T13:28:35.986Z,96600.0,,,,,,,,,,,,,,,,,,,,,,,,,,,,,,,,,,,,,,,
13530289,2014-01-01,2014-01-01,c175,,http://regnskaber.virk.dk/98203531/ZG9rdW1lbnRsYWdlcjovLzAzLzliLzVjLzc5L2NmLzhlMmEtNDYxZS1iMGE3LTg3NTM1MjM1MzcxNQ.pdf,http://regnskaber.virk.dk/98203531/ZG9rdW1lbnRsYWdlcjovLzAzLzZiLzRlLzI5LzcyLzU0M2MtNDUzMC04ZTUyLTFkZDU5Y2U2MDcwZQ.xml,185574.0,Danmark,Fjerritslev,9690.0,3.0,Borups AllÃ©,Fjerritslev,9690.0,21.0,Valmuemarken,"9690, Fjerritslev","Borups AllÃ©, 3",kapitalejeren,Regnskabsklasse B,Ãrsrapporten er aflagt i overensstemmelse med Ã¥rsregnskabsloven.,"Vi anser den valgte regnskabspraksis for hensigtsmÃ¦ssig, og efter vores opfattelse giver Ã¥rsregnskabet et retvisende billede af selskabets aktiver, passiver og finansielle stilling pr. 31. december 2014 samt af resultatet af selskabets aktiviteter for regnskabsÃ¥ret 1. januar - 31. december 2014.",2015-05-08,2015-05-08,1989-11-15,2015-05-18,statsautoriseret revisor,98213939.0,25492145.0,13530289.0,25492145.0,Bestyrelse og direktion har dags dato aflagt Ã¥rsrapporten for regnskabsÃ¥ret 1. januar - 31. december 2014 for Malgaard & Nielsen ApS.,"Vi har udfÃ¸rt udvidet gennemgang af Ã¥rsregnskabet for Malgaard & Nielsen ApS for regnskabsÃ¥ret 1. januar - 31. december 2014. Ãrsregnskabet, der omfatter anvendt regnskabspraksis, resultatopgÃ¸relse, balance og noter, udarbejdes efter Ã¥rsregnskabsloven.",Ãrsrapport,375000.0,"Ledelsesberetningen indeholder efter vores opfattelse en retvisende redegÃ¸relse for de forhold, som beretningen omhandler.",Dan Hinnerup,Erik Braad,Jacob Jacobsen,"BRANDT, Statsautoriseret Revisionspartnerselskab",Spar Nord Bank,Malgaard & Nielsen ApS,"BRANDT, Statsautoriseret Revisionspartnerselskab","Baseret pÃ¥ det udfÃ¸rte arbejde er det vores opfattelse, at Ã¥rsregnskabet giver et retvisende billede af selskabets aktiver, passiver og finansielle stilling pr. 31. december 2014 samt af resultatet af selskabets aktiviteter for regnskabsÃ¥ret 1. januar - 31. december 2014 i overensstemmelse med Ã¥rsregnskabsloven.",Fjerritslev,Ãrsrapporten indstilles til generalforsamlingens godkendelse.,Fjerritslev,Fjerritslev Autocenter ApS i likvidation,Fjerritslev,2014-12-31,2014-01-01,100.0,2015-05-08,Fjerritslev,"Ledelsen har ansvaret for udarbejdelsen af et Ã¥rsregnskab, der giver et retvisende billede i overensstemmelse med Ã¥rsregnskabsloven. Ledelsen har endvidere ansvaret for den interne kontrol, som ledelsen anser nÃ¸dvendig for at udarbejde et Ã¥rsregnskab uden vÃ¦sentlig fejlinformation, uanset om denne skyldes besvigelser eller fejl.","Vi har i henhold til Ã¥rsregnskabsloven gennemlÃ¦st ledelsesberetningen. Vi har ikke foretaget yderligere handlinger i tillÃ¦g til den udfÃ¸rte udvidede gennemgang af Ã¥rsregnskabet. Det er pÃ¥ denne baggrund vores opfattelse, at oplysningerne i ledelsesberetningen er i overensstemmelse med Ã¥rsregnskabet.",98213811.0,formand,ErklÃ¦ring om udvidet gennemgang,urn:ofk:oid:5260307,indberetninger-20180424,2.5124297,13530289.0,,2018-03-30T12:58:54.002Z,2015-05-19T13:28:35.910Z,regnskab,0.0,,2014-12-31,2014-01-01,X15-AB-88-XR,2015-05-19T13:28:35.986Z,,,,,,,,,,,,,,,,,,,,,,,,,,,,,,,,,,,,,,,,
13530289,2014-01-01,2014-01-01,c193,,http://regnskaber.virk.dk/98203531/ZG9rdW1lbnRsYWdlcjovLzAzLzliLzVjLzc5L2NmLzhlMmEtNDYxZS1iMGE3LTg3NTM1MjM1MzcxNQ.pdf,http://regnskaber.virk.dk/98203531/ZG9rdW1lbnRsYWdlcjovLzAzLzZiLzRlLzI5LzcyLzU0M2MtNDUzMC04ZTUyLTFkZDU5Y2U2MDcwZQ.xml,,Danmark,Fjerritslev,9690.0,3.0,Borups AllÃ©,Fjerritslev,9690.0,21.0,Valmuemarken,"9690, Fjerritslev","Borups AllÃ©, 3",kapitalejeren,Regnskabsklasse B,Ãrsrapporten er aflagt i overensstemmelse med Ã¥rsregnskabsloven.,"Vi anser den valgte regnskabspraksis for hensigtsmÃ¦ssig, og efter vores opfattelse giver Ã¥rsregnskabet et retvisende billede af selskabets aktiver, passiver og finansielle stilling pr. 31. december 2014 samt af resultatet af selskabets aktiviteter for regnskabsÃ¥ret 1. januar - 31. december 2014.",2015-05-08,2015-05-08,1989-11-15,2015-05-18,statsautoriseret revisor,98213939.0,25492145.0,13530289.0,25492145.0,Bestyrelse og direktion har dags dato aflagt Ã¥rsrapporten for regnskabsÃ¥ret 1. januar - 31. december 2014 for Malgaard & Nielsen ApS.,"Vi har udfÃ¸rt udvidet gennemgang af Ã¥rsregnskabet for Malgaard & Nielsen ApS for regnskabsÃ¥ret 1. januar - 31. december 2014. Ãrsregnskabet, der omfatter anvendt regnskabspraksis, resultatopgÃ¸relse, balance og noter, udarbejdes efter Ã¥rsregnskabsloven.",Ãrsrapport,,"Ledelsesberetningen indeholder efter vores opfattelse en retvisende redegÃ¸relse for de forhold, som beretningen omhandler.",Dan Hinnerup,Erik Braad,Jacob Jacobsen,"BRANDT, Statsautoriseret Revisionspartnerselskab",Spar Nord Bank,Malgaard & Nielsen ApS,"BRANDT, Statsautoriseret Revisionspartnerselskab","Baseret pÃ¥ det udfÃ¸rte arbejde er det vores opfattelse, at Ã¥rsregnskabet giver et retvisende billede af selskabets aktiver, passiver og finansielle stilling pr. 31. december 2014 samt af resultatet af selskabets aktiviteter for regnskabsÃ¥ret 1. januar - 31. december 2014 i overensstemmelse med Ã¥rsregnskabsloven.",Fjerritslev,Ãrsrapporten indstilles til generalforsamlingens godkendelse.,Fjerritslev,Fjerritslev Autocenter ApS i likvidation,Fjerritslev,2014-12-31,2014-01-01,100.0,2015-05-08,Fjerritslev,"Ledelsen har ansvaret for udarbejdelsen af et Ã¥rsregnskab, der giver et retvisende billede i overensstemmelse med Ã¥rsregnskabsloven. Ledelsen har endvidere ansvaret for den interne kontrol, som ledelsen anser nÃ¸dvendig for at udarbejde et Ã¥rsregnskab uden vÃ¦sentlig fejlinformation, uanset om denne skyldes besvigelser eller fejl.","Vi har i henhold til Ã¥rsregnskabsloven gennemlÃ¦st ledelsesberetningen. Vi har ikke foretaget yderligere handlinger i tillÃ¦g til den udfÃ¸rte udvidede gennemgang af Ã¥rsregnskabet. Det er pÃ¥ denne baggrund vores opfattelse, at oplysningerne i ledelsesberetningen er i overensstemmelse med Ã¥rsregnskabet.",98213811.0,formand,ErklÃ¦ring om udvidet gennemgang,urn:ofk:oid:5260307,indberetninger-20180424,2.5124297,13530289.0,,2018-03-30T12:58:54.002Z,2015-05-19T13:28:35.910Z,regnskab,0.0,,2014-12-31,2014-01-01,X15-AB-88-XR,2015-05-19T13:28:35.986Z,185574.0,,,,,,,,,,,,,,,,,,,,,,,,,,,,,,,,,,,,,,,
13530289,2014-01-01,2014-01-01,c199,,http://regnskaber.virk.dk/98203531/ZG9rdW1lbnRsYWdlcjovLzAzLzliLzVjLzc5L2NmLzhlMmEtNDYxZS1iMGE3LTg3NTM1MjM1MzcxNQ.pdf,http://regnskaber.virk.dk/98203531/ZG9rdW1lbnRsYWdlcjovLzAzLzZiLzRlLzI5LzcyLzU0M2MtNDUzMC04ZTUyLTFkZDU5Y2U2MDcwZQ.xml,,Danmark,Fjerritslev,9690.0,3.0,Borups AllÃ©,Fjerritslev,9690.0,21.0,Valmuemarken,"9690, Fjerritslev","Borups AllÃ©, 3",kapitalejeren,Regnskabsklasse B,Ãrsrapporten er aflagt i overensstemmelse med Ã¥rsregnskabsloven.,"Vi anser den valgte regnskabspraksis for hensigtsmÃ¦ssig, og efter vores opfattelse giver Ã¥rsregnskabet et retvisende billede af selskabets aktiver, passiver og finansielle stilling pr. 31. december 2014 samt af resultatet af selskabets aktiviteter for regnskabsÃ¥ret 1. januar - 31. december 2014.",2015-05-08,2015-05-08,1989-11-15,2015-05-18,statsautoriseret revisor,98213939.0,25492145.0,13530289.0,25492145.0,Bestyrelse og direktion har dags dato aflagt Ã¥rsrapporten for regnskabsÃ¥ret 1. januar - 31. december 2014 for Malgaard & Nielsen ApS.,"Vi har udfÃ¸rt udvidet gennemgang af Ã¥rsregnskabet for Malgaard & Nielsen ApS for regnskabsÃ¥ret 1. januar - 31. december 2014. Ãrsregnskabet, der omfatter anvendt regnskabspraksis, resultatopgÃ¸relse, balance og noter, udarbejdes efter Ã¥rsregnskabsloven.",Ãrsrapport,,"Ledelsesberetningen indeholder efter vores opfattelse en retvisende redegÃ¸relse for de forhold, som beretningen omhandler.",Dan Hinnerup,Erik Braad,Jacob Jacobsen,"BRANDT, Statsautoriseret Revisionspartnerselskab",Spar Nord Bank,Malgaard & Nielsen ApS,"BRANDT, Statsautoriseret Revisionspartnerselskab","Baseret pÃ¥ det udfÃ¸rte arbejde er det vores opfattelse, at Ã¥rsregnskabet giver et retvisende billede af selskabets aktiver, passiver og finansielle stilling pr. 31. december 2014 samt af resultatet af selskabets aktiviteter for regnskabsÃ¥ret 1. januar - 31. december 2014 i overensstemmelse med Ã¥rsregnskabsloven.",Fjerritslev,Ãrsrapporten indstilles til generalforsamlingens godkendelse.,Fjerritslev,Fjerritslev Autocenter ApS i likvidation,Fjerritslev,2014-12-31,2014-01-01,100.0,2015-05-08,Fjerritslev,"Ledelsen har ansvaret for udarbejdelsen af et Ã¥rsregnskab, der giver et retvisende billede i overensstemmelse med Ã¥rsregnskabsloven. Ledelsen har endvidere ansvaret for den interne kontrol, som ledelsen anser nÃ¸dvendig for at udarbejde et Ã¥rsregnskab uden vÃ¦sentlig fejlinformation, uanset om denne skyldes besvigelser eller fejl.","Vi har i henhold til Ã¥rsregnskabsloven gennemlÃ¦st ledelsesberetningen. Vi har ikke foretaget yderligere handlinger i tillÃ¦g til den udfÃ¸rte udvidede gennemgang af Ã¥rsregnskabet. Det er pÃ¥ denne baggrund vores opfattelse, at oplysningerne i ledelsesberetningen er i overensstemmelse med Ã¥rsregnskabet.",98213811.0,formand,ErklÃ¦ring om udvidet gennemgang,urn:ofk:oid:5260307,indberetninger-20180424,2.5124297,13530289.0,,2018-03-30T12:58:54.002Z,2015-05-19T13:28:35.910Z,regnskab,0.0,,2014-12-31,2014-01-01,X15-AB-88-XR,2015-05-19T13:28:35.986Z,1317600.0,,,,,,,,,,,,,,,,,,,,,,,,,,,,,,,,,,,,,,,
13530289,2014-01-01,2014-01-01,c202,,http://regnskaber.virk.dk/98203531/ZG9rdW1lbnRsYWdlcjovLzAzLzliLzVjLzc5L2NmLzhlMmEtNDYxZS1iMGE3LTg3NTM1MjM1MzcxNQ.pdf,http://regnskaber.virk.dk/98203531/ZG9rdW1lbnRsYWdlcjovLzAzLzZiLzRlLzI5LzcyLzU0M2MtNDUzMC04ZTUyLTFkZDU5Y2U2MDcwZQ.xml,,Danmark,Fjerritslev,9690.0,3.0,Borups AllÃ©,Fjerritslev,9690.0,21.0,Valmuemarken,"9690, Fjerritslev","Borups AllÃ©, 3",kapitalejeren,Regnskabsklasse B,Ãrsrapporten er aflagt i overensstemmelse med Ã¥rsregnskabsloven.,"Vi anser den valgte regnskabspraksis for hensigtsmÃ¦ssig, og efter vores opfattelse giver Ã¥rsregnskabet et retvisende billede af selskabets aktiver, passiver og finansielle stilling pr. 31. december 2014 samt af resultatet af selskabets aktiviteter for regnskabsÃ¥ret 1. januar - 31. december 2014.",2015-05-08,2015-05-08,1989-11-15,2015-05-18,statsautoriseret revisor,98213939.0,25492145.0,13530289.0,25492145.0,Bestyrelse og direktion har dags dato aflagt Ã¥rsrapporten for regnskabsÃ¥ret 1. januar - 31. december 2014 for Malgaard & Nielsen ApS.,"Vi har udfÃ¸rt udvidet gennemgang af Ã¥rsregnskabet for Malgaard & Nielsen ApS for regnskabsÃ¥ret 1. januar - 31. december 2014. Ãrsregnskabet, der omfatter anvendt regnskabspraksis, resultatopgÃ¸relse, balance og noter, udarbejdes efter Ã¥rsregnskabsloven.",Ãrsrapport,,"Ledelsesberetningen indeholder efter vores opfattelse en retvisende redegÃ¸relse for de forhold, som beretningen omhandler.",Dan Hinnerup,Erik Braad,Jacob Jacobsen,"BRANDT, Statsautoriseret Revisionspartnerselskab",Spar Nord Bank,Malgaard & Nielsen ApS,"BRANDT, Statsautoriseret Revisionspartnerselskab","Baseret pÃ¥ det udfÃ¸rte arbejde er det vores opfattelse, at Ã¥rsregnskabet giver et retvisende billede af selskabets aktiver, passiver og finansielle stilling pr. 31. december 2014 samt af resultatet af selskabets aktiviteter for regnskabsÃ¥ret 1. januar - 31. december 2014 i overensstemmelse med Ã¥rsregnskabsloven.",Fjerritslev,Ãrsrapporten indstilles til generalforsamlingens godkendelse.,Fjerritslev,Fjerritslev Autocenter ApS i likvidation,Fjerritslev,2014-12-31,2014-01-01,100.0,2015-05-08,Fjerritslev,"Ledelsen har ansvaret for udarbejdelsen af et Ã¥rsregnskab, der giver et retvisende billede i overensstemmelse med Ã¥rsregnskabsloven. Ledelsen har endvidere ansvaret for den interne kontrol, som ledelsen anser nÃ¸dvendig for at udarbejde et Ã¥rsregnskab uden vÃ¦sentlig fejlinformation, uanset om denne skyldes besvigelser eller fejl.","Vi har i henhold til Ã¥rsregnskabsloven gennemlÃ¦st ledelsesberetningen. Vi har ikke foretaget yderligere handlinger i tillÃ¦g til den udfÃ¸rte udvidede gennemgang af Ã¥rsregnskabet. Det er pÃ¥ denne baggrund vores opfattelse, at oplysningerne i ledelsesberetningen er i overensstemmelse med Ã¥rsregnskabet.",98213811.0,formand,ErklÃ¦ring om udvidet gennemgang,urn:ofk:oid:5260307,indberetninger-20180424,2.5124297,13530289.0,,2018-03-30T12:58:54.002Z,2015-05-19T13:28:35.910Z,regnskab,0.0,,2014-12-31,2014-01-01,X15-AB-88-XR,2015-05-19T13:28:35.986Z,96600.0,,,,,,,,,,,,,,,,,,,,,,,,,,,,,,,,,,,,,,,
13530289,2014-01-01,2014-01-01,c430,,http://regnskaber.virk.dk/98203531/ZG9rdW1lbnRsYWdlcjovLzAzLzliLzVjLzc5L2NmLzhlMmEtNDYxZS1iMGE3LTg3NTM1MjM1MzcxNQ.pdf,http://regnskaber.virk.dk/98203531/ZG9rdW1lbnRsYWdlcjovLzAzLzZiLzRlLzI5LzcyLzU0M2MtNDUzMC04ZTUyLTFkZDU5Y2U2MDcwZQ.xml,,Danmark,Fjerritslev,9690.0,3.0,Borups AllÃ©,Fjerritslev,9690.0,21.0,Valmuemarken,"9690, Fjerritslev","Borups AllÃ©, 3",kapitalejeren,Regnskabsklasse B,Ãrsrapporten er aflagt i overensstemmelse med Ã¥rsregnskabsloven.,"Vi anser den valgte regnskabspraksis for hensigtsmÃ¦ssig, og efter vores opfattelse giver Ã¥rsregnskabet et retvisende billede af selskabets aktiver, passiver og finansielle stilling pr. 31. december 2014 samt af resultatet af selskabets aktiviteter for regnskabsÃ¥ret 1. januar - 31. december 2014.",2015-05-08,2015-05-08,1989-11-15,2015-05-18,statsautoriseret revisor,98213939.0,25492145.0,13530289.0,25492145.0,Bestyrelse og direktion har dags dato aflagt Ã¥rsrapporten for regnskabsÃ¥ret 1. januar - 31. december 2014 for Malgaard & Nielsen ApS.,"Vi har udfÃ¸rt udvidet gennemgang af Ã¥rsregnskabet for Malgaard & Nielsen ApS for regnskabsÃ¥ret 1. januar - 31. december 2014. Ãrsregnskabet, der omfatter anvendt regnskabspraksis, resultatopgÃ¸relse, balance og noter, udarbejdes efter Ã¥rsregnskabsloven.",Ãrsrapport,,"Ledelsesberetningen indeholder efter vores opfattelse en retvisende redegÃ¸relse for de forhold, som beretningen omhandler.",Dan Hinnerup,Erik Braad,Jacob Jacobsen,"BRANDT, Statsautoriseret Revisionspartnerselskab",Spar Nord Bank,Malgaard & Nielsen ApS,"BRANDT, Statsautoriseret Revisionspartnerselskab","Baseret pÃ¥ det udfÃ¸rte arbejde er det vores opfattelse, at Ã¥rsregnskabet giver et retvisende billede af selskabets aktiver, passiver og finansielle stilling pr. 31. december 2014 samt af resultatet af selskabets aktiviteter for regnskabsÃ¥ret 1. januar - 31. december 2014 i overensstemmelse med Ã¥rsregnskabsloven.",Fjerritslev,Ãrsrapporten indstilles til generalforsamlingens godkendelse.,Fjerritslev,Fjerritslev Autocenter ApS i likvidation,Fjerritslev,2014-12-31,2014-01-01,100.0,2015-05-08,Fjerritslev,"Ledelsen har ansvaret for udarbejdelsen af et Ã¥rsregnskab, der giver et retvisende billede i overensstemmelse med Ã¥rsregnskabsloven. Ledelsen har endvidere ansvaret for den interne kontrol, som ledelsen anser nÃ¸dvendig for at udarbejde et Ã¥rsregnskab uden vÃ¦sentlig fejlinformation, uanset om denne skyldes besvigelser eller fejl.","Vi har i henhold til Ã¥rsregnskabsloven gennemlÃ¦st ledelsesberetningen. Vi har ikke foretaget yderligere handlinger i tillÃ¦g til den udfÃ¸rte udvidede gennemgang af Ã¥rsregnskabet. Det er pÃ¥ denne baggrund vores opfattelse, at oplysningerne i ledelsesberetningen er i overensstemmelse med Ã¥rsregnskabet.",98213811.0,formand,ErklÃ¦ring om udvidet gennemgang,urn:ofk:oid:5260307,indberetninger-20180424,2.5124297,13530289.0,,2018-03-30T12:58:54.002Z,2015-05-19T13:28:35.910Z,regnskab,0.0,,2014-12-31,2014-01-01,X15-AB-88-XR,2015-05-19T13:28:35.986Z,250000.0,,,,,,,,,,,,,,,,,,,,,,,,,,,,,,,,,,,,,,,
13530289,2014-01-01,2014-12-31,c1,,http://regnskaber.virk.dk/98203531/ZG9rdW1lbnRsYWdlcjovLzAzLzliLzVjLzc5L2NmLzhlMmEtNDYxZS1iMGE3LTg3NTM1MjM1MzcxNQ.pdf,http://regnskaber.virk.dk/98203531/ZG9rdW1lbnRsYWdlcjovLzAzLzZiLzRlLzI5LzcyLzU0M2MtNDUzMC04ZTUyLTFkZDU5Y2U2MDcwZQ.xml,,Danmark,Fjerritslev,9690.0,3.0,Borups AllÃ©,Fjerritslev,9690.0,21.0,Valmuemarken,"9690, Fjerritslev","Borups AllÃ©, 3",kapitalejeren,Regnskabsklasse B,Ãrsrapporten er aflagt i overensstemmelse med Ã¥rsregnskabsloven.,"Vi anser den valgte regnskabspraksis for hensigtsmÃ¦ssig, og efter vores opfattelse giver Ã¥rsregnskabet et retvisende billede af selskabets aktiver, passiver og finansielle stilling pr. 31. december 2014 samt af resultatet af selskabets aktiviteter for regnskabsÃ¥ret 1. januar - 31. december 2014.",2015-05-08,2015-05-08,1989-11-15,2015-05-18,statsautoriseret revisor,98213939.0,25492145.0,13530289.0,25492145.0,Bestyrelse og direktion har dags dato aflagt Ã¥rsrapporten for regnskabsÃ¥ret 1. januar - 31. december 2014 for Malgaard & Nielsen ApS.,"Vi har udfÃ¸rt udvidet gennemgang af Ã¥rsregnskabet for Malgaard & Nielsen ApS for regnskabsÃ¥ret 1. januar - 31. december 2014. Ãrsregnskabet, der omfatter anvendt regnskabspraksis, resultatopgÃ¸relse, balance og noter, udarbejdes efter Ã¥rsregnskabsloven.",Ãrsrapport,,"Ledelsesberetningen indeholder efter vores opfattelse en retvisende redegÃ¸relse for de forhold, som beretningen omhandler.",Dan Hinnerup,Erik Braad,Jacob Jacobsen,"BRANDT, Statsautoriseret Revisionspartnerselskab",Spar Nord Bank,Malgaard & Nielsen ApS,"BRANDT, Statsautoriseret Revisionspartnerselskab","Baseret pÃ¥ det udfÃ¸rte arbejde er det vores opfattelse, at Ã¥rsregnskabet giver et retvisende billede af selskabets aktiver, passiver og finansielle stilling pr. 31. december 2014 samt af resultatet af selskabets aktiviteter for regnskabsÃ¥ret 1. januar - 31. december 2014 i overensstemmelse med Ã¥rsregnskabsloven.",Fjerritslev,Ãrsrapporten indstilles til generalforsamlingens godkendelse.,Fjerritslev,Fjerritslev Autocenter ApS i likvidation,Fjerritslev,2014-12-31,2014-01-01,100.0,2015-05-08,Fjerritslev,"Ledelsen har ansvaret for udarbejdelsen af et Ã¥rsregnskab, der giver et retvisende billede i overensstemmelse med Ã¥rsregnskabsloven. Ledelsen har endvidere ansvaret for den interne kontrol, som ledelsen anser nÃ¸dvendig for at udarbejde et Ã¥rsregnskab uden vÃ¦sentlig fejlinformation, uanset om denne skyldes besvigelser eller fejl.","Vi har i henhold til Ã¥rsregnskabsloven gennemlÃ¦st ledelsesberetningen. Vi har ikke foretaget yderligere handlinger i tillÃ¦g til den udfÃ¸rte udvidede gennemgang af Ã¥rsregnskabet. Det er pÃ¥ denne baggrund vores opfattelse, at oplysningerne i ledelsesberetningen er i overensstemmelse med Ã¥rsregnskabet.",98213811.0,formand,ErklÃ¦ring om udvidet gennemgang,urn:ofk:oid:5260307,indberetninger-20180424,2.5124297,13530289.0,,2018-03-30T12:58:54.002Z,2015-05-19T13:28:35.910Z,regnskab,0.0,,2014-12-31,2014-01-01,X15-AB-88-XR,2015-05-19T13:28:35.986Z,,107002.0,,,-8055.0,90305.0,8055.0,4165.0,12723.0,21584.0,4165.0,112392.0,-8055.0,5390.0,,,,,,,,,,,,,,,,,,,,,,,,,,
13530289,2014-01-01,2014-12-31,c108,,http://regnskaber.virk.dk/98203531/ZG9rdW1lbnRsYWdlcjovLzAzLzliLzVjLzc5L2NmLzhlMmEtNDYxZS1iMGE3LTg3NTM1MjM1MzcxNQ.pdf,http://regnskaber.virk.dk/98203531/ZG9rdW1lbnRsYWdlcjovLzAzLzZiLzRlLzI5LzcyLzU0M2MtNDUzMC04ZTUyLTFkZDU5Y2U2MDcwZQ.xml,,Danmark,Fjerritslev,9690.0,3.0,Borups AllÃ©,Fjerritslev,9690.0,21.0,Valmuemarken,"9690, Fjerritslev","Borups AllÃ©, 3",kapitalejeren,Regnskabsklasse B,Ãrsrapporten er aflagt i overensstemmelse med Ã¥rsregnskabsloven.,"Vi anser den valgte regnskabspraksis for hensigtsmÃ¦ssig, og efter vores opfattelse giver Ã¥rsregnskabet et retvisende billede af selskabets aktiver, passiver og finansielle stilling pr. 31. december 2014 samt af resultatet af selskabets aktiviteter for regnskabsÃ¥ret 1. januar - 31. december 2014.",2015-05-08,2015-05-08,1989-11-15,2015-05-18,statsautoriseret revisor,98213939.0,25492145.0,13530289.0,25492145.0,Bestyrelse og direktion har dags dato aflagt Ã¥rsrapporten for regnskabsÃ¥ret 1. januar - 31. december 2014 for Malgaard & Nielsen ApS.,"Vi har udfÃ¸rt udvidet gennemgang af Ã¥rsregnskabet for Malgaard & Nielsen ApS for regnskabsÃ¥ret 1. januar - 31. december 2014. Ãrsregnskabet, der omfatter anvendt regnskabspraksis, resultatopgÃ¸relse, balance og noter, udarbejdes efter Ã¥rsregnskabsloven.",Ãrsrapport,,"Ledelsesberetningen indeholder efter vores opfattelse en retvisende redegÃ¸relse for de forhold, som beretningen omhandler.",Dan Hinnerup,Erik Braad,Jacob Jacobsen,"BRANDT, Statsautoriseret Revisionspartnerselskab",Spar Nord Bank,Malgaard & Nielsen ApS,"BRANDT, Statsautoriseret Revisionspartnerselskab","Baseret pÃ¥ det udfÃ¸rte arbejde er det vores opfattelse, at Ã¥rsregnskabet giver et retvisende billede af selskabets aktiver, passiver og finansielle stilling pr. 31. december 2014 samt af resultatet af selskabets aktiviteter for regnskabsÃ¥ret 1. januar - 31. december 2014 i overensstemmelse med Ã¥rsregnskabsloven.",Fjerritslev,Ãrsrapporten indstilles til generalforsamlingens godkendelse.,Fjerritslev,Fjerritslev Autocenter ApS i likvidation,Fjerritslev,2014-12-31,2014-01-01,100.0,2015-05-08,Fjerritslev,"Ledelsen har ansvaret for udarbejdelsen af et Ã¥rsregnskab, der giver et retvisende billede i overensstemmelse med Ã¥rsregnskabsloven. Ledelsen har endvidere ansvaret for den interne kontrol, som ledelsen anser nÃ¸dvendig for at udarbejde et Ã¥rsregnskab uden vÃ¦sentlig fejlinformation, uanset om denne skyldes besvigelser eller fejl.","Vi har i henhold til Ã¥rsregnskabsloven gennemlÃ¦st ledelsesberetningen. Vi har ikke foretaget yderligere handlinger i tillÃ¦g til den udfÃ¸rte udvidede gennemgang af Ã¥rsregnskabet. Det er pÃ¥ denne baggrund vores opfattelse, at oplysningerne i ledelsesberetningen er i overensstemmelse med Ã¥rsregnskabet.",98213811.0,formand,ErklÃ¦ring om udvidet gennemgang,urn:ofk:oid:5260307,indberetninger-20180424,2.5124297,13530289.0,,2018-03-30T12:58:54.002Z,2015-05-19T13:28:35.910Z,regnskab,0.0,,2014-12-31,2014-01-01,X15-AB-88-XR,2015-05-19T13:28:35.986Z,,100000.0,,,,,,,,,,,,,,,,,,,,,,,,,,,,,,,,,,,,,,
13530289,2014-01-01,2014-12-31,c114,,http://regnskaber.virk.dk/98203531/ZG9rdW1lbnRsYWdlcjovLzAzLzliLzVjLzc5L2NmLzhlMmEtNDYxZS1iMGE3LTg3NTM1MjM1MzcxNQ.pdf,http://regnskaber.virk.dk/98203531/ZG9rdW1lbnRsYWdlcjovLzAzLzZiLzRlLzI5LzcyLzU0M2MtNDUzMC04ZTUyLTFkZDU5Y2U2MDcwZQ.xml,,Danmark,Fjerritslev,9690.0,3.0,Borups AllÃ©,Fjerritslev,9690.0,21.0,Valmuemarken,"9690, Fjerritslev","Borups AllÃ©, 3",kapitalejeren,Regnskabsklasse B,Ãrsrapporten er aflagt i overensstemmelse med Ã¥rsregnskabsloven.,"Vi anser den valgte regnskabspraksis for hensigtsmÃ¦ssig, og efter vores opfattelse giver Ã¥rsregnskabet et retvisende billede af selskabets aktiver, passiver og finansielle stilling pr. 31. december 2014 samt af resultatet af selskabets aktiviteter for regnskabsÃ¥ret 1. januar - 31. december 2014.",2015-05-08,2015-05-08,1989-11-15,2015-05-18,statsautoriseret revisor,98213939.0,25492145.0,13530289.0,25492145.0,Bestyrelse og direktion har dags dato aflagt Ã¥rsrapporten for regnskabsÃ¥ret 1. januar - 31. december 2014 for Malgaard & Nielsen ApS.,"Vi har udfÃ¸rt udvidet gennemgang af Ã¥rsregnskabet for Malgaard & Nielsen ApS for regnskabsÃ¥ret 1. januar - 31. december 2014. Ãrsregnskabet, der omfatter anvendt regnskabspraksis, resultatopgÃ¸relse, balance og noter, udarbejdes efter Ã¥rsregnskabsloven.",Ãrsrapport,,"Ledelsesberetningen indeholder efter vores opfattelse en retvisende redegÃ¸relse for de forhold, som beretningen omhandler.",Dan Hinnerup,Erik Braad,Jacob Jacobsen,"BRANDT, Statsautoriseret Revisionspartnerselskab",Spar Nord Bank,Malgaard & Nielsen ApS,"BRANDT, Statsautoriseret Revisionspartnerselskab","Baseret pÃ¥ det udfÃ¸rte arbejde er det vores opfattelse, at Ã¥rsregnskabet giver et retvisende billede af selskabets aktiver, passiver og finansielle stilling pr. 31. december 2014 samt af resultatet af selskabets aktiviteter for regnskabsÃ¥ret 1. januar - 31. december 2014 i overensstemmelse med Ã¥rsregnskabsloven.",Fjerritslev,Ãrsrapporten indstilles til generalforsamlingens godkendelse.,Fjerritslev,Fjerritslev Autocenter ApS i likvidation,Fjerritslev,2014-12-31,2014-01-01,100.0,2015-05-08,Fjerritslev,"Ledelsen har ansvaret for udarbejdelsen af et Ã¥rsregnskab, der giver et retvisende billede i overensstemmelse med Ã¥rsregnskabsloven. Ledelsen har endvidere ansvaret for den interne kontrol, som ledelsen anser nÃ¸dvendig for at udarbejde et Ã¥rsregnskab uden vÃ¦sentlig fejlinformation, uanset om denne skyldes besvigelser eller fejl.","Vi har i henhold til Ã¥rsregnskabsloven gennemlÃ¦st ledelsesberetningen. Vi har ikke foretaget yderligere handlinger i tillÃ¦g til den udfÃ¸rte udvidede gennemgang af Ã¥rsregnskabet. Det er pÃ¥ denne baggrund vores opfattelse, at oplysningerne i ledelsesberetningen er i overensstemmelse med Ã¥rsregnskabet.",98213811.0,formand,ErklÃ¦ring om udvidet gennemgang,urn:ofk:oid:5260307,indberetninger-20180424,2.5124297,13530289.0,,2018-03-30T12:58:54.002Z,2015-05-19T13:28:35.910Z,regnskab,0.0,,2014-12-31,2014-01-01,X15-AB-88-XR,2015-05-19T13:28:35.986Z,,90305.0,,,,,,,,,,,,,,,,,,,,,,,,,,,,,,,,,,,,,,
13530289,2014-01-01,2014-12-31,c122,,http://regnskaber.virk.dk/98203531/ZG9rdW1lbnRsYWdlcjovLzAzLzliLzVjLzc5L2NmLzhlMmEtNDYxZS1iMGE3LTg3NTM1MjM1MzcxNQ.pdf,http://regnskaber.virk.dk/98203531/ZG9rdW1lbnRsYWdlcjovLzAzLzZiLzRlLzI5LzcyLzU0M2MtNDUzMC04ZTUyLTFkZDU5Y2U2MDcwZQ.xml,,Danmark,Fjerritslev,9690.0,3.0,Borups AllÃ©,Fjerritslev,9690.0,21.0,Valmuemarken,"9690, Fjerritslev","Borups AllÃ©, 3",kapitalejeren,Regnskabsklasse B,Ãrsrapporten er aflagt i overensstemmelse med Ã¥rsregnskabsloven.,"Vi anser den valgte regnskabspraksis for hensigtsmÃ¦ssig, og efter vores opfattelse giver Ã¥rsregnskabet et retvisende billede af selskabets aktiver, passiver og finansielle stilling pr. 31. december 2014 samt af resultatet af selskabets aktiviteter for regnskabsÃ¥ret 1. januar - 31. december 2014.",2015-05-08,2015-05-08,1989-11-15,2015-05-18,statsautoriseret revisor,98213939.0,25492145.0,13530289.0,25492145.0,Bestyrelse og direktion har dags dato aflagt Ã¥rsrapporten for regnskabsÃ¥ret 1. januar - 31. december 2014 for Malgaard & Nielsen ApS.,"Vi har udfÃ¸rt udvidet gennemgang af Ã¥rsregnskabet for Malgaard & Nielsen ApS for regnskabsÃ¥ret 1. januar - 31. december 2014. Ãrsregnskabet, der omfatter anvendt regnskabspraksis, resultatopgÃ¸relse, balance og noter, udarbejdes efter Ã¥rsregnskabsloven.",Ãrsrapport,,"Ledelsesberetningen indeholder efter vores opfattelse en retvisende redegÃ¸relse for de forhold, som beretningen omhandler.",Dan Hinnerup,Erik Braad,Jacob Jacobsen,"BRANDT, Statsautoriseret Revisionspartnerselskab",Spar Nord Bank,Malgaard & Nielsen ApS,"BRANDT, Statsautoriseret Revisionspartnerselskab","Baseret pÃ¥ det udfÃ¸rte arbejde er det vores opfattelse, at Ã¥rsregnskabet giver et retvisende billede af selskabets aktiver, passiver og finansielle stilling pr. 31. december 2014 samt af resultatet af selskabets aktiviteter for regnskabsÃ¥ret 1. januar - 31. december 2014 i overensstemmelse med Ã¥rsregnskabsloven.",Fjerritslev,Ãrsrapporten indstilles til generalforsamlingens godkendelse.,Fjerritslev,Fjerritslev Autocenter ApS i likvidation,Fjerritslev,2014-12-31,2014-01-01,100.0,2015-05-08,Fjerritslev,"Ledelsen har ansvaret for udarbejdelsen af et Ã¥rsregnskab, der giver et retvisende billede i overensstemmelse med Ã¥rsregnskabsloven. Ledelsen har endvidere ansvaret for den interne kontrol, som ledelsen anser nÃ¸dvendig for at udarbejde et Ã¥rsregnskab uden vÃ¦sentlig fejlinformation, uanset om denne skyldes besvigelser eller fejl.","Vi har i henhold til Ã¥rsregnskabsloven gennemlÃ¦st ledelsesberetningen. Vi har ikke foretaget yderligere handlinger i tillÃ¦g til den udfÃ¸rte udvidede gennemgang af Ã¥rsregnskabet. Det er pÃ¥ denne baggrund vores opfattelse, at oplysningerne i ledelsesberetningen er i overensstemmelse med Ã¥rsregnskabet.",98213811.0,formand,ErklÃ¦ring om udvidet gennemgang,urn:ofk:oid:5260307,indberetninger-20180424,2.5124297,13530289.0,,2018-03-30T12:58:54.002Z,2015-05-19T13:28:35.910Z,regnskab,0.0,,2014-12-31,2014-01-01,X15-AB-88-XR,2015-05-19T13:28:35.986Z,,-83303.0,,,,,,,,,,,,,,,,,,,,,,,,,,,,,,,,,,,,,,
13530289,2014-01-01,2014-12-31,c177,,http://regnskaber.virk.dk/98203531/ZG9rdW1lbnRsYWdlcjovLzAzLzliLzVjLzc5L2NmLzhlMmEtNDYxZS1iMGE3LTg3NTM1MjM1MzcxNQ.pdf,http://regnskaber.virk.dk/98203531/ZG9rdW1lbnRsYWdlcjovLzAzLzZiLzRlLzI5LzcyLzU0M2MtNDUzMC04ZTUyLTFkZDU5Y2U2MDcwZQ.xml,,Danmark,Fjerritslev,9690.0,3.0,Borups AllÃ©,Fjerritslev,9690.0,21.0,Valmuemarken,"9690, Fjerritslev","Borups AllÃ©, 3",kapitalejeren,Regnskabsklasse B,Ãrsrapporten er aflagt i overensstemmelse med Ã¥rsregnskabsloven.,"Vi anser den valgte regnskabspraksis for hensigtsmÃ¦ssig, og efter vores opfattelse giver Ã¥rsregnskabet et retvisende billede af selskabets aktiver, passiver og finansielle stilling pr. 31. december 2014 samt af resultatet af selskabets aktiviteter for regnskabsÃ¥ret 1. januar - 31. december 2014.",2015-05-08,2015-05-08,1989-11-15,2015-05-18,statsautoriseret revisor,98213939.0,25492145.0,13530289.0,25492145.0,Bestyrelse og direktion har dags dato aflagt Ã¥rsrapporten for regnskabsÃ¥ret 1. januar - 31. december 2014 for Malgaard & Nielsen ApS.,"Vi har udfÃ¸rt udvidet gennemgang af Ã¥rsregnskabet for Malgaard & Nielsen ApS for regnskabsÃ¥ret 1. januar - 31. december 2014. Ãrsregnskabet, der omfatter anvendt regnskabspraksis, resultatopgÃ¸relse, balance og noter, udarbejdes efter Ã¥rsregnskabsloven.",Ãrsrapport,,"Ledelsesberetningen indeholder efter vores opfattelse en retvisende redegÃ¸relse for de forhold, som beretningen omhandler.",Dan Hinnerup,Erik Braad,Jacob Jacobsen,"BRANDT, Statsautoriseret Revisionspartnerselskab",Spar Nord Bank,Malgaard & Nielsen ApS,"BRANDT, Statsautoriseret Revisionspartnerselskab","Baseret pÃ¥ det udfÃ¸rte arbejde er det vores opfattelse, at Ã¥rsregnskabet giver et retvisende billede af selskabets aktiver, passiver og finansielle stilling pr. 31. december 2014 samt af resultatet af selskabets aktiviteter for regnskabsÃ¥ret 1. januar - 31. december 2014 i overensstemmelse med Ã¥rsregnskabsloven.",Fjerritslev,Ãrsrapporten indstilles til generalforsamlingens godkendelse.,Fjerritslev,Fjerritslev Autocenter ApS i likvidation,Fjerritslev,2014-12-31,2014-01-01,100.0,2015-05-08,Fjerritslev,"Ledelsen har ansvaret for udarbejdelsen af et Ã¥rsregnskab, der giver et retvisende billede i overensstemmelse med Ã¥rsregnskabsloven. Ledelsen har endvidere ansvaret for den interne kontrol, som ledelsen anser nÃ¸dvendig for at udarbejde et Ã¥rsregnskab uden vÃ¦sentlig fejlinformation, uanset om denne skyldes besvigelser eller fejl.","Vi har i henhold til Ã¥rsregnskabsloven gennemlÃ¦st ledelsesberetningen. Vi har ikke foretaget yderligere handlinger i tillÃ¦g til den udfÃ¸rte udvidede gennemgang af Ã¥rsregnskabet. Det er pÃ¥ denne baggrund vores opfattelse, at oplysningerne i ledelsesberetningen er i overensstemmelse med Ã¥rsregnskabet.",98213811.0,formand,ErklÃ¦ring om udvidet gennemgang,urn:ofk:oid:5260307,indberetninger-20180424,2.5124297,13530289.0,,2018-03-30T12:58:54.002Z,2015-05-19T13:28:35.910Z,regnskab,0.0,,2014-12-31,2014-01-01,X15-AB-88-XR,2015-05-19T13:28:35.986Z,,,0.0,90305.0,,,,,,,,,,,,,,,,,,,,,,,,,,,,,,,,,,,,
13530289,2014-01-01,2014-12-31,c195,,http://regnskaber.virk.dk/98203531/ZG9rdW1lbnRsYWdlcjovLzAzLzliLzVjLzc5L2NmLzhlMmEtNDYxZS1iMGE3LTg3NTM1MjM1MzcxNQ.pdf,http://regnskaber.virk.dk/98203531/ZG9rdW1lbnRsYWdlcjovLzAzLzZiLzRlLzI5LzcyLzU0M2MtNDUzMC04ZTUyLTFkZDU5Y2U2MDcwZQ.xml,,Danmark,Fjerritslev,9690.0,3.0,Borups AllÃ©,Fjerritslev,9690.0,21.0,Valmuemarken,"9690, Fjerritslev","Borups AllÃ©, 3",kapitalejeren,Regnskabsklasse B,Ãrsrapporten er aflagt i overensstemmelse med Ã¥rsregnskabsloven.,"Vi anser den valgte regnskabspraksis for hensigtsmÃ¦ssig, og efter vores opfattelse giver Ã¥rsregnskabet et retvisende billede af selskabets aktiver, passiver og finansielle stilling pr. 31. december 2014 samt af resultatet af selskabets aktiviteter for regnskabsÃ¥ret 1. januar - 31. december 2014.",2015-05-08,2015-05-08,1989-11-15,2015-05-18,statsautoriseret revisor,98213939.0,25492145.0,13530289.0,25492145.0,Bestyrelse og direktion har dags dato aflagt Ã¥rsrapporten for regnskabsÃ¥ret 1. januar - 31. december 2014 for Malgaard & Nielsen ApS.,"Vi har udfÃ¸rt udvidet gennemgang af Ã¥rsregnskabet for Malgaard & Nielsen ApS for regnskabsÃ¥ret 1. januar - 31. december 2014. Ãrsregnskabet, der omfatter anvendt regnskabspraksis, resultatopgÃ¸relse, balance og noter, udarbejdes efter Ã¥rsregnskabsloven.",Ãrsrapport,,"Ledelsesberetningen indeholder efter vores opfattelse en retvisende redegÃ¸relse for de forhold, som beretningen omhandler.",Dan Hinnerup,Erik Braad,Jacob Jacobsen,"BRANDT, Statsautoriseret Revisionspartnerselskab",Spar Nord Bank,Malgaard & Nielsen ApS,"BRANDT, Statsautoriseret Revisionspartnerselskab","Baseret pÃ¥ det udfÃ¸rte arbejde er det vores opfattelse, at Ã¥rsregnskabet giver et retvisende billede af selskabets aktiver, passiver og finansielle stilling pr. 31. december 2014 samt af resultatet af selskabets aktiviteter for regnskabsÃ¥ret 1. januar - 31. december 2014 i overensstemmelse med Ã¥rsregnskabsloven.",Fjerritslev,Ãrsrapporten indstilles til generalforsamlingens godkendelse.,Fjerritslev,Fjerritslev Autocenter ApS i likvidation,Fjerritslev,2014-12-31,2014-01-01,100.0,2015-05-08,Fjerritslev,"Ledelsen har ansvaret for udarbejdelsen af et Ã¥rsregnskab, der giver et retvisende billede i overensstemmelse med Ã¥rsregnskabsloven. Ledelsen har endvidere ansvaret for den interne kontrol, som ledelsen anser nÃ¸dvendig for at udarbejde et Ã¥rsregnskab uden vÃ¦sentlig fejlinformation, uanset om denne skyldes besvigelser eller fejl.","Vi har i henhold til Ã¥rsregnskabsloven gennemlÃ¦st ledelsesberetningen. Vi har ikke foretaget yderligere handlinger i tillÃ¦g til den udfÃ¸rte udvidede gennemgang af Ã¥rsregnskabet. Det er pÃ¥ denne baggrund vores opfattelse, at oplysningerne i ledelsesberetningen er i overensstemmelse med Ã¥rsregnskabet.",98213811.0,formand,ErklÃ¦ring om udvidet gennemgang,urn:ofk:oid:5260307,indberetninger-20180424,2.5124297,13530289.0,,2018-03-30T12:58:54.002Z,2015-05-19T13:28:35.910Z,regnskab,0.0,,2014-12-31,2014-01-01,X15-AB-88-XR,2015-05-19T13:28:35.986Z,,90305.0,,,,,,,,,,,,,,,,,,,,,,,,,,,,,,,,,,,,,,
13530289,2014-01-01,2014-12-31,c200,,http://regnskaber.virk.dk/98203531/ZG9rdW1lbnRsYWdlcjovLzAzLzliLzVjLzc5L2NmLzhlMmEtNDYxZS1iMGE3LTg3NTM1MjM1MzcxNQ.pdf,http://regnskaber.virk.dk/98203531/ZG9rdW1lbnRsYWdlcjovLzAzLzZiLzRlLzI5LzcyLzU0M2MtNDUzMC04ZTUyLTFkZDU5Y2U2MDcwZQ.xml,,Danmark,Fjerritslev,9690.0,3.0,Borups AllÃ©,Fjerritslev,9690.0,21.0,Valmuemarken,"9690, Fjerritslev","Borups AllÃ©, 3",kapitalejeren,Regnskabsklasse B,Ãrsrapporten er aflagt i overensstemmelse med Ã¥rsregnskabsloven.,"Vi anser den valgte regnskabspraksis for hensigtsmÃ¦ssig, og efter vores opfattelse giver Ã¥rsregnskabet et retvisende billede af selskabets aktiver, passiver og finansielle stilling pr. 31. december 2014 samt af resultatet af selskabets aktiviteter for regnskabsÃ¥ret 1. januar - 31. december 2014.",2015-05-08,2015-05-08,1989-11-15,2015-05-18,statsautoriseret revisor,98213939.0,25492145.0,13530289.0,25492145.0,Bestyrelse og direktion har dags dato aflagt Ã¥rsrapporten for regnskabsÃ¥ret 1. januar - 31. december 2014 for Malgaard & Nielsen ApS.,"Vi har udfÃ¸rt udvidet gennemgang af Ã¥rsregnskabet for Malgaard & Nielsen ApS for regnskabsÃ¥ret 1. januar - 31. december 2014. Ãrsregnskabet, der omfatter anvendt regnskabspraksis, resultatopgÃ¸relse, balance og noter, udarbejdes efter Ã¥rsregnskabsloven.",Ãrsrapport,,"Ledelsesberetningen indeholder efter vores opfattelse en retvisende redegÃ¸relse for de forhold, som beretningen omhandler.",Dan Hinnerup,Erik Braad,Jacob Jacobsen,"BRANDT, Statsautoriseret Revisionspartnerselskab",Spar Nord Bank,Malgaard & Nielsen ApS,"BRANDT, Statsautoriseret Revisionspartnerselskab","Baseret pÃ¥ det udfÃ¸rte arbejde er det vores opfattelse, at Ã¥rsregnskabet giver et retvisende billede af selskabets aktiver, passiver og finansielle stilling pr. 31. december 2014 samt af resultatet af selskabets aktiviteter for regnskabsÃ¥ret 1. januar - 31. december 2014 i overensstemmelse med Ã¥rsregnskabsloven.",Fjerritslev,Ãrsrapporten indstilles til generalforsamlingens godkendelse.,Fjerritslev,Fjerritslev Autocenter ApS i likvidation,Fjerritslev,2014-12-31,2014-01-01,100.0,2015-05-08,Fjerritslev,"Ledelsen har ansvaret for udarbejdelsen af et Ã¥rsregnskab, der giver et retvisende billede i overensstemmelse med Ã¥rsregnskabsloven. Ledelsen har endvidere ansvaret for den interne kontrol, som ledelsen anser nÃ¸dvendig for at udarbejde et Ã¥rsregnskab uden vÃ¦sentlig fejlinformation, uanset om denne skyldes besvigelser eller fejl.","Vi har i henhold til Ã¥rsregnskabsloven gennemlÃ¦st ledelsesberetningen. Vi har ikke foretaget yderligere handlinger i tillÃ¦g til den udfÃ¸rte udvidede gennemgang af Ã¥rsregnskabet. Det er pÃ¥ denne baggrund vores opfattelse, at oplysningerne i ledelsesberetningen er i overensstemmelse med Ã¥rsregnskabet.",98213811.0,formand,ErklÃ¦ring om udvidet gennemgang,urn:ofk:oid:5260307,indberetninger-20180424,2.5124297,13530289.0,,2018-03-30T12:58:54.002Z,2015-05-19T13:28:35.910Z,regnskab,0.0,,2014-12-31,2014-01-01,X15-AB-88-XR,2015-05-19T13:28:35.986Z,,-83303.0,,,,,,,,,,,,,,,,,,,,,,,,,,,,,,,,,,,,,,
13530289,2014-01-01,2014-12-31,c203,,http://regnskaber.virk.dk/98203531/ZG9rdW1lbnRsYWdlcjovLzAzLzliLzVjLzc5L2NmLzhlMmEtNDYxZS1iMGE3LTg3NTM1MjM1MzcxNQ.pdf,http://regnskaber.virk.dk/98203531/ZG9rdW1lbnRsYWdlcjovLzAzLzZiLzRlLzI5LzcyLzU0M2MtNDUzMC04ZTUyLTFkZDU5Y2U2MDcwZQ.xml,,Danmark,Fjerritslev,9690.0,3.0,Borups AllÃ©,Fjerritslev,9690.0,21.0,Valmuemarken,"9690, Fjerritslev","Borups AllÃ©, 3",kapitalejeren,Regnskabsklasse B,Ãrsrapporten er aflagt i overensstemmelse med Ã¥rsregnskabsloven.,"Vi anser den valgte regnskabspraksis for hensigtsmÃ¦ssig, og efter vores opfattelse giver Ã¥rsregnskabet et retvisende billede af selskabets aktiver, passiver og finansielle stilling pr. 31. december 2014 samt af resultatet af selskabets aktiviteter for regnskabsÃ¥ret 1. januar - 31. december 2014.",2015-05-08,2015-05-08,1989-11-15,2015-05-18,statsautoriseret revisor,98213939.0,25492145.0,13530289.0,25492145.0,Bestyrelse og direktion har dags dato aflagt Ã¥rsrapporten for regnskabsÃ¥ret 1. januar - 31. december 2014 for Malgaard & Nielsen ApS.,"Vi har udfÃ¸rt udvidet gennemgang af Ã¥rsregnskabet for Malgaard & Nielsen ApS for regnskabsÃ¥ret 1. januar - 31. december 2014. Ãrsregnskabet, der omfatter anvendt regnskabspraksis, resultatopgÃ¸relse, balance og noter, udarbejdes efter Ã¥rsregnskabsloven.",Ãrsrapport,,"Ledelsesberetningen indeholder efter vores opfattelse en retvisende redegÃ¸relse for de forhold, som beretningen omhandler.",Dan Hinnerup,Erik Braad,Jacob Jacobsen,"BRANDT, Statsautoriseret Revisionspartnerselskab",Spar Nord Bank,Malgaard & Nielsen ApS,"BRANDT, Statsautoriseret Revisionspartnerselskab","Baseret pÃ¥ det udfÃ¸rte arbejde er det vores opfattelse, at Ã¥rsregnskabet giver et retvisende billede af selskabets aktiver, passiver og finansielle stilling pr. 31. december 2014 samt af resultatet af selskabets aktiviteter for regnskabsÃ¥ret 1. januar - 31. december 2014 i overensstemmelse med Ã¥rsregnskabsloven.",Fjerritslev,Ãrsrapporten indstilles til generalforsamlingens godkendelse.,Fjerritslev,Fjerritslev Autocenter ApS i likvidation,Fjerritslev,2014-12-31,2014-01-01,100.0,2015-05-08,Fjerritslev,"Ledelsen har ansvaret for udarbejdelsen af et Ã¥rsregnskab, der giver et retvisende billede i overensstemmelse med Ã¥rsregnskabsloven. Ledelsen har endvidere ansvaret for den interne kontrol, som ledelsen anser nÃ¸dvendig for at udarbejde et Ã¥rsregnskab uden vÃ¦sentlig fejlinformation, uanset om denne skyldes besvigelser eller fejl.","Vi har i henhold til Ã¥rsregnskabsloven gennemlÃ¦st ledelsesberetningen. Vi har ikke foretaget yderligere handlinger i tillÃ¦g til den udfÃ¸rte udvidede gennemgang af Ã¥rsregnskabet. Det er pÃ¥ denne baggrund vores opfattelse, at oplysningerne i ledelsesberetningen er i overensstemmelse med Ã¥rsregnskabet.",98213811.0,formand,ErklÃ¦ring om udvidet gennemgang,urn:ofk:oid:5260307,indberetninger-20180424,2.5124297,13530289.0,,2018-03-30T12:58:54.002Z,2015-05-19T13:28:35.910Z,regnskab,0.0,,2014-12-31,2014-01-01,X15-AB-88-XR,2015-05-19T13:28:35.986Z,,,,,,,,,,,,,,,100000.0,96600.0,,,,,,,,,,,,,,,,,,,,,,,,
13530289,2014-01-01,2014-12-31,c32,,http://regnskaber.virk.dk/98203531/ZG9rdW1lbnRsYWdlcjovLzAzLzliLzVjLzc5L2NmLzhlMmEtNDYxZS1iMGE3LTg3NTM1MjM1MzcxNQ.pdf,http://regnskaber.virk.dk/98203531/ZG9rdW1lbnRsYWdlcjovLzAzLzZiLzRlLzI5LzcyLzU0M2MtNDUzMC04ZTUyLTFkZDU5Y2U2MDcwZQ.xml,,Danmark,Fjerritslev,9690.0,3.0,Borups AllÃ©,Fjerritslev,9690.0,21.0,Valmuemarken,"9690, Fjerritslev","Borups AllÃ©, 3",kapitalejeren,Regnskabsklasse B,Ãrsrapporten er aflagt i overensstemmelse med Ã¥rsregnskabsloven.,"Vi anser den valgte regnskabspraksis for hensigtsmÃ¦ssig, og efter vores opfattelse giver Ã¥rsregnskabet et retvisende billede af selskabets aktiver, passiver og finansielle stilling pr. 31. december 2014 samt af resultatet af selskabets aktiviteter for regnskabsÃ¥ret 1. januar - 31. december 2014.",2015-05-08,2015-05-08,1989-11-15,2015-05-18,statsautoriseret revisor,98213939.0,25492145.0,13530289.0,25492145.0,Bestyrelse og direktion har dags dato aflagt Ã¥rsrapporten for regnskabsÃ¥ret 1. januar - 31. december 2014 for Malgaard & Nielsen ApS.,"Vi har udfÃ¸rt udvidet gennemgang af Ã¥rsregnskabet for Malgaard & Nielsen ApS for regnskabsÃ¥ret 1. januar - 31. december 2014. Ãrsregnskabet, der omfatter anvendt regnskabspraksis, resultatopgÃ¸relse, balance og noter, udarbejdes efter Ã¥rsregnskabsloven.",Ãrsrapport,,"Ledelsesberetningen indeholder efter vores opfattelse en retvisende redegÃ¸relse for de forhold, som beretningen omhandler.",Dan Hinnerup,Erik Braad,Jacob Jacobsen,"BRANDT, Statsautoriseret Revisionspartnerselskab",Spar Nord Bank,Malgaard & Nielsen ApS,"BRANDT, Statsautoriseret Revisionspartnerselskab","Baseret pÃ¥ det udfÃ¸rte arbejde er det vores opfattelse, at Ã¥rsregnskabet giver et retvisende billede af selskabets aktiver, passiver og finansielle stilling pr. 31. december 2014 samt af resultatet af selskabets aktiviteter for regnskabsÃ¥ret 1. januar - 31. december 2014 i overensstemmelse med Ã¥rsregnskabsloven.",Fjerritslev,Ãrsrapporten indstilles til generalforsamlingens godkendelse.,Fjerritslev,Fjerritslev Autocenter ApS i likvidation,Fjerritslev,2014-12-31,2014-01-01,100.0,2015-05-08,Fjerritslev,"Ledelsen har ansvaret for udarbejdelsen af et Ã¥rsregnskab, der giver et retvisende billede i overensstemmelse med Ã¥rsregnskabsloven. Ledelsen har endvidere ansvaret for den interne kontrol, som ledelsen anser nÃ¸dvendig for at udarbejde et Ã¥rsregnskab uden vÃ¦sentlig fejlinformation, uanset om denne skyldes besvigelser eller fejl.","Vi har i henhold til Ã¥rsregnskabsloven gennemlÃ¦st ledelsesberetningen. Vi har ikke foretaget yderligere handlinger i tillÃ¦g til den udfÃ¸rte udvidede gennemgang af Ã¥rsregnskabet. Det er pÃ¥ denne baggrund vores opfattelse, at oplysningerne i ledelsesberetningen er i overensstemmelse med Ã¥rsregnskabet.",98213811.0,formand,ErklÃ¦ring om udvidet gennemgang,urn:ofk:oid:5260307,indberetninger-20180424,2.5124297,13530289.0,,2018-03-30T12:58:54.002Z,2015-05-19T13:28:35.910Z,regnskab,0.0,,2014-12-31,2014-01-01,X15-AB-88-XR,2015-05-19T13:28:35.986Z,,,,,,,,,,,,,,,,,,,,,,,,,,,,,,,,,,,,,,,,Erik Braad
13530289,2014-01-01,2014-12-31,c475,,http://regnskaber.virk.dk/98203531/ZG9rdW1lbnRsYWdlcjovLzAzLzliLzVjLzc5L2NmLzhlMmEtNDYxZS1iMGE3LTg3NTM1MjM1MzcxNQ.pdf,http://regnskaber.virk.dk/98203531/ZG9rdW1lbnRsYWdlcjovLzAzLzZiLzRlLzI5LzcyLzU0M2MtNDUzMC04ZTUyLTFkZDU5Y2U2MDcwZQ.xml,,Danmark,Fjerritslev,9690.0,3.0,Borups AllÃ©,Fjerritslev,9690.0,21.0,Valmuemarken,"9690, Fjerritslev","Borups AllÃ©, 3",kapitalejeren,Regnskabsklasse B,Ãrsrapporten er aflagt i overensstemmelse med Ã¥rsregnskabsloven.,"Vi anser den valgte regnskabspraksis for hensigtsmÃ¦ssig, og efter vores opfattelse giver Ã¥rsregnskabet et retvisende billede af selskabets aktiver, passiver og finansielle stilling pr. 31. december 2014 samt af resultatet af selskabets aktiviteter for regnskabsÃ¥ret 1. januar - 31. december 2014.",2015-05-08,2015-05-08,1989-11-15,2015-05-18,statsautoriseret revisor,98213939.0,25492145.0,13530289.0,25492145.0,Bestyrelse og direktion har dags dato aflagt Ã¥rsrapporten for regnskabsÃ¥ret 1. januar - 31. december 2014 for Malgaard & Nielsen ApS.,"Vi har udfÃ¸rt udvidet gennemgang af Ã¥rsregnskabet for Malgaard & Nielsen ApS for regnskabsÃ¥ret 1. januar - 31. december 2014. Ãrsregnskabet, der omfatter anvendt regnskabspraksis, resultatopgÃ¸relse, balance og noter, udarbejdes efter Ã¥rsregnskabsloven.",Ãrsrapport,,"Ledelsesberetningen indeholder efter vores opfattelse en retvisende redegÃ¸relse for de forhold, som beretningen omhandler.",Dan Hinnerup,Erik Braad,Jacob Jacobsen,"BRANDT, Statsautoriseret Revisionspartnerselskab",Spar Nord Bank,Malgaard & Nielsen ApS,"BRANDT, Statsautoriseret Revisionspartnerselskab","Baseret pÃ¥ det udfÃ¸rte arbejde er det vores opfattelse, at Ã¥rsregnskabet giver et retvisende billede af selskabets aktiver, passiver og finansielle stilling pr. 31. december 2014 samt af resultatet af selskabets aktiviteter for regnskabsÃ¥ret 1. januar - 31. december 2014 i overensstemmelse med Ã¥rsregnskabsloven.",Fjerritslev,Ãrsrapporten indstilles til generalforsamlingens godkendelse.,Fjerritslev,Fjerritslev Autocenter ApS i likvidation,Fjerritslev,2014-12-31,2014-01-01,100.0,2015-05-08,Fjerritslev,"Ledelsen har ansvaret for udarbejdelsen af et Ã¥rsregnskab, der giver et retvisende billede i overensstemmelse med Ã¥rsregnskabsloven. Ledelsen har endvidere ansvaret for den interne kontrol, som ledelsen anser nÃ¸dvendig for at udarbejde et Ã¥rsregnskab uden vÃ¦sentlig fejlinformation, uanset om denne skyldes besvigelser eller fejl.","Vi har i henhold til Ã¥rsregnskabsloven gennemlÃ¦st ledelsesberetningen. Vi har ikke foretaget yderligere handlinger i tillÃ¦g til den udfÃ¸rte udvidede gennemgang af Ã¥rsregnskabet. Det er pÃ¥ denne baggrund vores opfattelse, at oplysningerne i ledelsesberetningen er i overensstemmelse med Ã¥rsregnskabet.",98213811.0,formand,ErklÃ¦ring om udvidet gennemgang,urn:ofk:oid:5260307,indberetninger-20180424,2.5124297,13530289.0,,2018-03-30T12:58:54.002Z,2015-05-19T13:28:35.910Z,regnskab,0.0,,2014-12-31,2014-01-01,X15-AB-88-XR,2015-05-19T13:28:35.986Z,,,,,,,,,,,,,,,,,,,,,,,,,,,,,,,,,,,,,,,,
13530289,2014-01-01,2014-12-31,c48,,http://regnskaber.virk.dk/98203531/ZG9rdW1lbnRsYWdlcjovLzAzLzliLzVjLzc5L2NmLzhlMmEtNDYxZS1iMGE3LTg3NTM1MjM1MzcxNQ.pdf,http://regnskaber.virk.dk/98203531/ZG9rdW1lbnRsYWdlcjovLzAzLzZiLzRlLzI5LzcyLzU0M2MtNDUzMC04ZTUyLTFkZDU5Y2U2MDcwZQ.xml,,Danmark,Fjerritslev,9690.0,3.0,Borups AllÃ©,Fjerritslev,9690.0,21.0,Valmuemarken,"9690, Fjerritslev","Borups AllÃ©, 3",kapitalejeren,Regnskabsklasse B,Ãrsrapporten er aflagt i overensstemmelse med Ã¥rsregnskabsloven.,"Vi anser den valgte regnskabspraksis for hensigtsmÃ¦ssig, og efter vores opfattelse giver Ã¥rsregnskabet et retvisende billede af selskabets aktiver, passiver og finansielle stilling pr. 31. december 2014 samt af resultatet af selskabets aktiviteter for regnskabsÃ¥ret 1. januar - 31. december 2014.",2015-05-08,2015-05-08,1989-11-15,2015-05-18,statsautoriseret revisor,98213939.0,25492145.0,13530289.0,25492145.0,Bestyrelse og direktion har dags dato aflagt Ã¥rsrapporten for regnskabsÃ¥ret 1. januar - 31. december 2014 for Malgaard & Nielsen ApS.,"Vi har udfÃ¸rt udvidet gennemgang af Ã¥rsregnskabet for Malgaard & Nielsen ApS for regnskabsÃ¥ret 1. januar - 31. december 2014. Ãrsregnskabet, der omfatter anvendt regnskabspraksis, resultatopgÃ¸relse, balance og noter, udarbejdes efter Ã¥rsregnskabsloven.",Ãrsrapport,,"Ledelsesberetningen indeholder efter vores opfattelse en retvisende redegÃ¸relse for de forhold, som beretningen omhandler.",Dan Hinnerup,Erik Braad,Jacob Jacobsen,"BRANDT, Statsautoriseret Revisionspartnerselskab",Spar Nord Bank,Malgaard & Nielsen ApS,"BRANDT, Statsautoriseret Revisionspartnerselskab","Baseret pÃ¥ det udfÃ¸rte arbejde er det vores opfattelse, at Ã¥rsregnskabet giver et retvisende billede af selskabets aktiver, passiver og finansielle stilling pr. 31. december 2014 samt af resultatet af selskabets aktiviteter for regnskabsÃ¥ret 1. januar - 31. december 2014 i overensstemmelse med Ã¥rsregnskabsloven.",Fjerritslev,Ãrsrapporten indstilles til generalforsamlingens godkendelse.,Fjerritslev,Fjerritslev Autocenter ApS i likvidation,Fjerritslev,2014-12-31,2014-01-01,100.0,2015-05-08,Fjerritslev,"Ledelsen har ansvaret for udarbejdelsen af et Ã¥rsregnskab, der giver et retvisende billede i overensstemmelse med Ã¥rsregnskabsloven. Ledelsen har endvidere ansvaret for den interne kontrol, som ledelsen anser nÃ¸dvendig for at udarbejde et Ã¥rsregnskab uden vÃ¦sentlig fejlinformation, uanset om denne skyldes besvigelser eller fejl.","Vi har i henhold til Ã¥rsregnskabsloven gennemlÃ¦st ledelsesberetningen. Vi har ikke foretaget yderligere handlinger i tillÃ¦g til den udfÃ¸rte udvidede gennemgang af Ã¥rsregnskabet. Det er pÃ¥ denne baggrund vores opfattelse, at oplysningerne i ledelsesberetningen er i overensstemmelse med Ã¥rsregnskabet.",98213811.0,formand,ErklÃ¦ring om udvidet gennemgang,urn:ofk:oid:5260307,indberetninger-20180424,2.5124297,13530289.0,,2018-03-30T12:58:54.002Z,2015-05-19T13:28:35.910Z,regnskab,0.0,,2014-12-31,2014-01-01,X15-AB-88-XR,2015-05-19T13:28:35.986Z,,,,,,,,,,,,,,,,,,,,,,,,,,,,,,,,,,,,,,,,Ilse Jacobsen
13530289,2014-01-01,2014-12-31,c49,,http://regnskaber.virk.dk/98203531/ZG9rdW1lbnRsYWdlcjovLzAzLzliLzVjLzc5L2NmLzhlMmEtNDYxZS1iMGE3LTg3NTM1MjM1MzcxNQ.pdf,http://regnskaber.virk.dk/98203531/ZG9rdW1lbnRsYWdlcjovLzAzLzZiLzRlLzI5LzcyLzU0M2MtNDUzMC04ZTUyLTFkZDU5Y2U2MDcwZQ.xml,,Danmark,Fjerritslev,9690.0,3.0,Borups AllÃ©,Fjerritslev,9690.0,21.0,Valmuemarken,"9690, Fjerritslev","Borups AllÃ©, 3",kapitalejeren,Regnskabsklasse B,Ãrsrapporten er aflagt i overensstemmelse med Ã¥rsregnskabsloven.,"Vi anser den valgte regnskabspraksis for hensigtsmÃ¦ssig, og efter vores opfattelse giver Ã¥rsregnskabet et retvisende billede af selskabets aktiver, passiver og finansielle stilling pr. 31. december 2014 samt af resultatet af selskabets aktiviteter for regnskabsÃ¥ret 1. januar - 31. december 2014.",2015-05-08,2015-05-08,1989-11-15,2015-05-18,statsautoriseret revisor,98213939.0,25492145.0,13530289.0,25492145.0,Bestyrelse og direktion har dags dato aflagt Ã¥rsrapporten for regnskabsÃ¥ret 1. januar - 31. december 2014 for Malgaard & Nielsen ApS.,"Vi har udfÃ¸rt udvidet gennemgang af Ã¥rsregnskabet for Malgaard & Nielsen ApS for regnskabsÃ¥ret 1. januar - 31. december 2014. Ãrsregnskabet, der omfatter anvendt regnskabspraksis, resultatopgÃ¸relse, balance og noter, udarbejdes efter Ã¥rsregnskabsloven.",Ãrsrapport,,"Ledelsesberetningen indeholder efter vores opfattelse en retvisende redegÃ¸relse for de forhold, som beretningen omhandler.",Dan Hinnerup,Erik Braad,Jacob Jacobsen,"BRANDT, Statsautoriseret Revisionspartnerselskab",Spar Nord Bank,Malgaard & Nielsen ApS,"BRANDT, Statsautoriseret Revisionspartnerselskab","Baseret pÃ¥ det udfÃ¸rte arbejde er det vores opfattelse, at Ã¥rsregnskabet giver et retvisende billede af selskabets aktiver, passiver og finansielle stilling pr. 31. december 2014 samt af resultatet af selskabets aktiviteter for regnskabsÃ¥ret 1. januar - 31. december 2014 i overensstemmelse med Ã¥rsregnskabsloven.",Fjerritslev,Ãrsrapporten indstilles til generalforsamlingens godkendelse.,Fjerritslev,Fjerritslev Autocenter ApS i likvidation,Fjerritslev,2014-12-31,2014-01-01,100.0,2015-05-08,Fjerritslev,"Ledelsen har ansvaret for udarbejdelsen af et Ã¥rsregnskab, der giver et retvisende billede i overensstemmelse med Ã¥rsregnskabsloven. Ledelsen har endvidere ansvaret for den interne kontrol, som ledelsen anser nÃ¸dvendig for at udarbejde et Ã¥rsregnskab uden vÃ¦sentlig fejlinformation, uanset om denne skyldes besvigelser eller fejl.","Vi har i henhold til Ã¥rsregnskabsloven gennemlÃ¦st ledelsesberetningen. Vi har ikke foretaget yderligere handlinger i tillÃ¦g til den udfÃ¸rte udvidede gennemgang af Ã¥rsregnskabet. Det er pÃ¥ denne baggrund vores opfattelse, at oplysningerne i ledelsesberetningen er i overensstemmelse med Ã¥rsregnskabet.",98213811.0,formand,ErklÃ¦ring om udvidet gennemgang,urn:ofk:oid:5260307,indberetninger-20180424,2.5124297,13530289.0,,2018-03-30T12:58:54.002Z,2015-05-19T13:28:35.910Z,regnskab,0.0,,2014-12-31,2014-01-01,X15-AB-88-XR,2015-05-19T13:28:35.986Z,,,,,,,,,,,,,,,,,,,,,,,,,,,,,,,,,,,,,,,,Jacob Jacobsen
13530289,2014-01-01,2014-12-31,c71,,http://regnskaber.virk.dk/98203531/ZG9rdW1lbnRsYWdlcjovLzAzLzliLzVjLzc5L2NmLzhlMmEtNDYxZS1iMGE3LTg3NTM1MjM1MzcxNQ.pdf,http://regnskaber.virk.dk/98203531/ZG9rdW1lbnRsYWdlcjovLzAzLzZiLzRlLzI5LzcyLzU0M2MtNDUzMC04ZTUyLTFkZDU5Y2U2MDcwZQ.xml,,Danmark,Fjerritslev,9690.0,3.0,Borups AllÃ©,Fjerritslev,9690.0,21.0,Valmuemarken,"9690, Fjerritslev","Borups AllÃ©, 3",kapitalejeren,Regnskabsklasse B,Ãrsrapporten er aflagt i overensstemmelse med Ã¥rsregnskabsloven.,"Vi anser den valgte regnskabspraksis for hensigtsmÃ¦ssig, og efter vores opfattelse giver Ã¥rsregnskabet et retvisende billede af selskabets aktiver, passiver og finansielle stilling pr. 31. december 2014 samt af resultatet af selskabets aktiviteter for regnskabsÃ¥ret 1. januar - 31. december 2014.",2015-05-08,2015-05-08,1989-11-15,2015-05-18,statsautoriseret revisor,98213939.0,25492145.0,13530289.0,25492145.0,Bestyrelse og direktion har dags dato aflagt Ã¥rsrapporten for regnskabsÃ¥ret 1. januar - 31. december 2014 for Malgaard & Nielsen ApS.,"Vi har udfÃ¸rt udvidet gennemgang af Ã¥rsregnskabet for Malgaard & Nielsen ApS for regnskabsÃ¥ret 1. januar - 31. december 2014. Ãrsregnskabet, der omfatter anvendt regnskabspraksis, resultatopgÃ¸relse, balance og noter, udarbejdes efter Ã¥rsregnskabsloven.",Ãrsrapport,,"Ledelsesberetningen indeholder efter vores opfattelse en retvisende redegÃ¸relse for de forhold, som beretningen omhandler.",Dan Hinnerup,Erik Braad,Jacob Jacobsen,"BRANDT, Statsautoriseret Revisionspartnerselskab",Spar Nord Bank,Malgaard & Nielsen ApS,"BRANDT, Statsautoriseret Revisionspartnerselskab","Baseret pÃ¥ det udfÃ¸rte arbejde er det vores opfattelse, at Ã¥rsregnskabet giver et retvisende billede af selskabets aktiver, passiver og finansielle stilling pr. 31. december 2014 samt af resultatet af selskabets aktiviteter for regnskabsÃ¥ret 1. januar - 31. december 2014 i overensstemmelse med Ã¥rsregnskabsloven.",Fjerritslev,Ãrsrapporten indstilles til generalforsamlingens godkendelse.,Fjerritslev,Fjerritslev Autocenter ApS i likvidation,Fjerritslev,2014-12-31,2014-01-01,100.0,2015-05-08,Fjerritslev,"Ledelsen har ansvaret for udarbejdelsen af et Ã¥rsregnskab, der giver et retvisende billede i overensstemmelse med Ã¥rsregnskabsloven. Ledelsen har endvidere ansvaret for den interne kontrol, som ledelsen anser nÃ¸dvendig for at udarbejde et Ã¥rsregnskab uden vÃ¦sentlig fejlinformation, uanset om denne skyldes besvigelser eller fejl.","Vi har i henhold til Ã¥rsregnskabsloven gennemlÃ¦st ledelsesberetningen. Vi har ikke foretaget yderligere handlinger i tillÃ¦g til den udfÃ¸rte udvidede gennemgang af Ã¥rsregnskabet. Det er pÃ¥ denne baggrund vores opfattelse, at oplysningerne i ledelsesberetningen er i overensstemmelse med Ã¥rsregnskabet.",98213811.0,formand,ErklÃ¦ring om udvidet gennemgang,urn:ofk:oid:5260307,indberetninger-20180424,2.5124297,13530289.0,,2018-03-30T12:58:54.002Z,2015-05-19T13:28:35.910Z,regnskab,0.0,,2014-12-31,2014-01-01,X15-AB-88-XR,2015-05-19T13:28:35.986Z,,,,,,,,,,,,,,,,,,,,,,,,,,,,,,,,,,,,,,,,
13530289,2014-01-01,2014-12-31,c88,,http://regnskaber.virk.dk/98203531/ZG9rdW1lbnRsYWdlcjovLzAzLzliLzVjLzc5L2NmLzhlMmEtNDYxZS1iMGE3LTg3NTM1MjM1MzcxNQ.pdf,http://regnskaber.virk.dk/98203531/ZG9rdW1lbnRsYWdlcjovLzAzLzZiLzRlLzI5LzcyLzU0M2MtNDUzMC04ZTUyLTFkZDU5Y2U2MDcwZQ.xml,,Danmark,Fjerritslev,9690.0,3.0,Borups AllÃ©,Fjerritslev,9690.0,21.0,Valmuemarken,"9690, Fjerritslev","Borups AllÃ©, 3",kapitalejeren,Regnskabsklasse B,Ãrsrapporten er aflagt i overensstemmelse med Ã¥rsregnskabsloven.,"Vi anser den valgte regnskabspraksis for hensigtsmÃ¦ssig, og efter vores opfattelse giver Ã¥rsregnskabet et retvisende billede af selskabets aktiver, passiver og finansielle stilling pr. 31. december 2014 samt af resultatet af selskabets aktiviteter for regnskabsÃ¥ret 1. januar - 31. december 2014.",2015-05-08,2015-05-08,1989-11-15,2015-05-18,statsautoriseret revisor,98213939.0,25492145.0,13530289.0,25492145.0,Bestyrelse og direktion har dags dato aflagt Ã¥rsrapporten for regnskabsÃ¥ret 1. januar - 31. december 2014 for Malgaard & Nielsen ApS.,"Vi har udfÃ¸rt udvidet gennemgang af Ã¥rsregnskabet for Malgaard & Nielsen ApS for regnskabsÃ¥ret 1. januar - 31. december 2014. Ãrsregnskabet, der omfatter anvendt regnskabspraksis, resultatopgÃ¸relse, balance og noter, udarbejdes efter Ã¥rsregnskabsloven.",Ãrsrapport,,"Ledelsesberetningen indeholder efter vores opfattelse en retvisende redegÃ¸relse for de forhold, som beretningen omhandler.",Dan Hinnerup,Erik Braad,Jacob Jacobsen,"BRANDT, Statsautoriseret Revisionspartnerselskab",Spar Nord Bank,Malgaard & Nielsen ApS,"BRANDT, Statsautoriseret Revisionspartnerselskab","Baseret pÃ¥ det udfÃ¸rte arbejde er det vores opfattelse, at Ã¥rsregnskabet giver et retvisende billede af selskabets aktiver, passiver og finansielle stilling pr. 31. december 2014 samt af resultatet af selskabets aktiviteter for regnskabsÃ¥ret 1. januar - 31. december 2014 i overensstemmelse med Ã¥rsregnskabsloven.",Fjerritslev,Ãrsrapporten indstilles til generalforsamlingens godkendelse.,Fjerritslev,Fjerritslev Autocenter ApS i likvidation,Fjerritslev,2014-12-31,2014-01-01,100.0,2015-05-08,Fjerritslev,"Ledelsen har ansvaret for udarbejdelsen af et Ã¥rsregnskab, der giver et retvisende billede i overensstemmelse med Ã¥rsregnskabsloven. Ledelsen har endvidere ansvaret for den interne kontrol, som ledelsen anser nÃ¸dvendig for at udarbejde et Ã¥rsregnskab uden vÃ¦sentlig fejlinformation, uanset om denne skyldes besvigelser eller fejl.","Vi har i henhold til Ã¥rsregnskabsloven gennemlÃ¦st ledelsesberetningen. Vi har ikke foretaget yderligere handlinger i tillÃ¦g til den udfÃ¸rte udvidede gennemgang af Ã¥rsregnskabet. Det er pÃ¥ denne baggrund vores opfattelse, at oplysningerne i ledelsesberetningen er i overensstemmelse med Ã¥rsregnskabet.",98213811.0,formand,ErklÃ¦ring om udvidet gennemgang,urn:ofk:oid:5260307,indberetninger-20180424,2.5124297,13530289.0,,2018-03-30T12:58:54.002Z,2015-05-19T13:28:35.910Z,regnskab,0.0,,2014-12-31,2014-01-01,X15-AB-88-XR,2015-05-19T13:28:35.986Z,,,,,,,,,,,,,,,,,,,,,,,,,,,,,,,,,,,,,,,,
13530289,2014-12-31,2014-12-31,c179,,http://regnskaber.virk.dk/98203531/ZG9rdW1lbnRsYWdlcjovLzAzLzliLzVjLzc5L2NmLzhlMmEtNDYxZS1iMGE3LTg3NTM1MjM1MzcxNQ.pdf,http://regnskaber.virk.dk/98203531/ZG9rdW1lbnRsYWdlcjovLzAzLzZiLzRlLzI5LzcyLzU0M2MtNDUzMC04ZTUyLTFkZDU5Y2U2MDcwZQ.xml,275879.0,Danmark,Fjerritslev,9690.0,3.0,Borups AllÃ©,Fjerritslev,9690.0,21.0,Valmuemarken,"9690, Fjerritslev","Borups AllÃ©, 3",kapitalejeren,Regnskabsklasse B,Ãrsrapporten er aflagt i overensstemmelse med Ã¥rsregnskabsloven.,"Vi anser den valgte regnskabspraksis for hensigtsmÃ¦ssig, og efter vores opfattelse giver Ã¥rsregnskabet et retvisende billede af selskabets aktiver, passiver og finansielle stilling pr. 31. december 2014 samt af resultatet af selskabets aktiviteter for regnskabsÃ¥ret 1. januar - 31. december 2014.",2015-05-08,2015-05-08,1989-11-15,2015-05-18,statsautoriseret revisor,98213939.0,25492145.0,13530289.0,25492145.0,Bestyrelse og direktion har dags dato aflagt Ã¥rsrapporten for regnskabsÃ¥ret 1. januar - 31. december 2014 for Malgaard & Nielsen ApS.,"Vi har udfÃ¸rt udvidet gennemgang af Ã¥rsregnskabet for Malgaard & Nielsen ApS for regnskabsÃ¥ret 1. januar - 31. december 2014. Ãrsregnskabet, der omfatter anvendt regnskabspraksis, resultatopgÃ¸relse, balance og noter, udarbejdes efter Ã¥rsregnskabsloven.",Ãrsrapport,375000.0,"Ledelsesberetningen indeholder efter vores opfattelse en retvisende redegÃ¸relse for de forhold, som beretningen omhandler.",Dan Hinnerup,Erik Braad,Jacob Jacobsen,"BRANDT, Statsautoriseret Revisionspartnerselskab",Spar Nord Bank,Malgaard & Nielsen ApS,"BRANDT, Statsautoriseret Revisionspartnerselskab","Baseret pÃ¥ det udfÃ¸rte arbejde er det vores opfattelse, at Ã¥rsregnskabet giver et retvisende billede af selskabets aktiver, passiver og finansielle stilling pr. 31. december 2014 samt af resultatet af selskabets aktiviteter for regnskabsÃ¥ret 1. januar - 31. december 2014 i overensstemmelse med Ã¥rsregnskabsloven.",Fjerritslev,Ãrsrapporten indstilles til generalforsamlingens godkendelse.,Fjerritslev,Fjerritslev Autocenter ApS i likvidation,Fjerritslev,2014-12-31,2014-01-01,100.0,2015-05-08,Fjerritslev,"Ledelsen har ansvaret for udarbejdelsen af et Ã¥rsregnskab, der giver et retvisende billede i overensstemmelse med Ã¥rsregnskabsloven. Ledelsen har endvidere ansvaret for den interne kontrol, som ledelsen anser nÃ¸dvendig for at udarbejde et Ã¥rsregnskab uden vÃ¦sentlig fejlinformation, uanset om denne skyldes besvigelser eller fejl.","Vi har i henhold til Ã¥rsregnskabsloven gennemlÃ¦st ledelsesberetningen. Vi har ikke foretaget yderligere handlinger i tillÃ¦g til den udfÃ¸rte udvidede gennemgang af Ã¥rsregnskabet. Det er pÃ¥ denne baggrund vores opfattelse, at oplysningerne i ledelsesberetningen er i overensstemmelse med Ã¥rsregnskabet.",98213811.0,formand,ErklÃ¦ring om udvidet gennemgang,urn:ofk:oid:5260307,indberetninger-20180424,2.5124297,13530289.0,,2018-03-30T12:58:54.002Z,2015-05-19T13:28:35.910Z,regnskab,0.0,,2014-12-31,2014-01-01,X15-AB-88-XR,2015-05-19T13:28:35.986Z,,,,,,,,,,,,,,,,,650879.0,,,,,,,,,,,,,,,,,,,,,,,
13530289,2014-12-31,2014-12-31,c183,,http://regnskaber.virk.dk/98203531/ZG9rdW1lbnRsYWdlcjovLzAzLzliLzVjLzc5L2NmLzhlMmEtNDYxZS1iMGE3LTg3NTM1MjM1MzcxNQ.pdf,http://regnskaber.virk.dk/98203531/ZG9rdW1lbnRsYWdlcjovLzAzLzZiLzRlLzI5LzcyLzU0M2MtNDUzMC04ZTUyLTFkZDU5Y2U2MDcwZQ.xml,,Danmark,Fjerritslev,9690.0,3.0,Borups AllÃ©,Fjerritslev,9690.0,21.0,Valmuemarken,"9690, Fjerritslev","Borups AllÃ©, 3",kapitalejeren,Regnskabsklasse B,Ãrsrapporten er aflagt i overensstemmelse med Ã¥rsregnskabsloven.,"Vi anser den valgte regnskabspraksis for hensigtsmÃ¦ssig, og efter vores opfattelse giver Ã¥rsregnskabet et retvisende billede af selskabets aktiver, passiver og finansielle stilling pr. 31. december 2014 samt af resultatet af selskabets aktiviteter for regnskabsÃ¥ret 1. januar - 31. december 2014.",2015-05-08,2015-05-08,1989-11-15,2015-05-18,statsautoriseret revisor,98213939.0,25492145.0,13530289.0,25492145.0,Bestyrelse og direktion har dags dato aflagt Ã¥rsrapporten for regnskabsÃ¥ret 1. januar - 31. december 2014 for Malgaard & Nielsen ApS.,"Vi har udfÃ¸rt udvidet gennemgang af Ã¥rsregnskabet for Malgaard & Nielsen ApS for regnskabsÃ¥ret 1. januar - 31. december 2014. Ãrsregnskabet, der omfatter anvendt regnskabspraksis, resultatopgÃ¸relse, balance og noter, udarbejdes efter Ã¥rsregnskabsloven.",Ãrsrapport,,"Ledelsesberetningen indeholder efter vores opfattelse en retvisende redegÃ¸relse for de forhold, som beretningen omhandler.",Dan Hinnerup,Erik Braad,Jacob Jacobsen,"BRANDT, Statsautoriseret Revisionspartnerselskab",Spar Nord Bank,Malgaard & Nielsen ApS,"BRANDT, Statsautoriseret Revisionspartnerselskab","Baseret pÃ¥ det udfÃ¸rte arbejde er det vores opfattelse, at Ã¥rsregnskabet giver et retvisende billede af selskabets aktiver, passiver og finansielle stilling pr. 31. december 2014 samt af resultatet af selskabets aktiviteter for regnskabsÃ¥ret 1. januar - 31. december 2014 i overensstemmelse med Ã¥rsregnskabsloven.",Fjerritslev,Ãrsrapporten indstilles til generalforsamlingens godkendelse.,Fjerritslev,Fjerritslev Autocenter ApS i likvidation,Fjerritslev,2014-12-31,2014-01-01,100.0,2015-05-08,Fjerritslev,"Ledelsen har ansvaret for udarbejdelsen af et Ã¥rsregnskab, der giver et retvisende billede i overensstemmelse med Ã¥rsregnskabsloven. Ledelsen har endvidere ansvaret for den interne kontrol, som ledelsen anser nÃ¸dvendig for at udarbejde et Ã¥rsregnskab uden vÃ¦sentlig fejlinformation, uanset om denne skyldes besvigelser eller fejl.","Vi har i henhold til Ã¥rsregnskabsloven gennemlÃ¦st ledelsesberetningen. Vi har ikke foretaget yderligere handlinger i tillÃ¦g til den udfÃ¸rte udvidede gennemgang af Ã¥rsregnskabet. Det er pÃ¥ denne baggrund vores opfattelse, at oplysningerne i ledelsesberetningen er i overensstemmelse med Ã¥rsregnskabet.",98213811.0,formand,ErklÃ¦ring om udvidet gennemgang,urn:ofk:oid:5260307,indberetninger-20180424,2.5124297,13530289.0,,2018-03-30T12:58:54.002Z,2015-05-19T13:28:35.910Z,regnskab,0.0,,2014-12-31,2014-01-01,X15-AB-88-XR,2015-05-19T13:28:35.986Z,250000.0,,,,,,,,,,,,,,,,,,,,,,,,,,,,,,,,,,,,,,,
13530289,2014-12-31,2014-12-31,c194,,http://regnskaber.virk.dk/98203531/ZG9rdW1lbnRsYWdlcjovLzAzLzliLzVjLzc5L2NmLzhlMmEtNDYxZS1iMGE3LTg3NTM1MjM1MzcxNQ.pdf,http://regnskaber.virk.dk/98203531/ZG9rdW1lbnRsYWdlcjovLzAzLzZiLzRlLzI5LzcyLzU0M2MtNDUzMC04ZTUyLTFkZDU5Y2U2MDcwZQ.xml,,Danmark,Fjerritslev,9690.0,3.0,Borups AllÃ©,Fjerritslev,9690.0,21.0,Valmuemarken,"9690, Fjerritslev","Borups AllÃ©, 3",kapitalejeren,Regnskabsklasse B,Ãrsrapporten er aflagt i overensstemmelse med Ã¥rsregnskabsloven.,"Vi anser den valgte regnskabspraksis for hensigtsmÃ¦ssig, og efter vores opfattelse giver Ã¥rsregnskabet et retvisende billede af selskabets aktiver, passiver og finansielle stilling pr. 31. december 2014 samt af resultatet af selskabets aktiviteter for regnskabsÃ¥ret 1. januar - 31. december 2014.",2015-05-08,2015-05-08,1989-11-15,2015-05-18,statsautoriseret revisor,98213939.0,25492145.0,13530289.0,25492145.0,Bestyrelse og direktion har dags dato aflagt Ã¥rsrapporten for regnskabsÃ¥ret 1. januar - 31. december 2014 for Malgaard & Nielsen ApS.,"Vi har udfÃ¸rt udvidet gennemgang af Ã¥rsregnskabet for Malgaard & Nielsen ApS for regnskabsÃ¥ret 1. januar - 31. december 2014. Ãrsregnskabet, der omfatter anvendt regnskabspraksis, resultatopgÃ¸relse, balance og noter, udarbejdes efter Ã¥rsregnskabsloven.",Ãrsrapport,,"Ledelsesberetningen indeholder efter vores opfattelse en retvisende redegÃ¸relse for de forhold, som beretningen omhandler.",Dan Hinnerup,Erik Braad,Jacob Jacobsen,"BRANDT, Statsautoriseret Revisionspartnerselskab",Spar Nord Bank,Malgaard & Nielsen ApS,"BRANDT, Statsautoriseret Revisionspartnerselskab","Baseret pÃ¥ det udfÃ¸rte arbejde er det vores opfattelse, at Ã¥rsregnskabet giver et retvisende billede af selskabets aktiver, passiver og finansielle stilling pr. 31. december 2014 samt af resultatet af selskabets aktiviteter for regnskabsÃ¥ret 1. januar - 31. december 2014 i overensstemmelse med Ã¥rsregnskabsloven.",Fjerritslev,Ãrsrapporten indstilles til generalforsamlingens godkendelse.,Fjerritslev,Fjerritslev Autocenter ApS i likvidation,Fjerritslev,2014-12-31,2014-01-01,100.0,2015-05-08,Fjerritslev,"Ledelsen har ansvaret for udarbejdelsen af et Ã¥rsregnskab, der giver et retvisende billede i overensstemmelse med Ã¥rsregnskabsloven. Ledelsen har endvidere ansvaret for den interne kontrol, som ledelsen anser nÃ¸dvendig for at udarbejde et Ã¥rsregnskab uden vÃ¦sentlig fejlinformation, uanset om denne skyldes besvigelser eller fejl.","Vi har i henhold til Ã¥rsregnskabsloven gennemlÃ¦st ledelsesberetningen. Vi har ikke foretaget yderligere handlinger i tillÃ¦g til den udfÃ¸rte udvidede gennemgang af Ã¥rsregnskabet. Det er pÃ¥ denne baggrund vores opfattelse, at oplysningerne i ledelsesberetningen er i overensstemmelse med Ã¥rsregnskabet.",98213811.0,formand,ErklÃ¦ring om udvidet gennemgang,urn:ofk:oid:5260307,indberetninger-20180424,2.5124297,13530289.0,,2018-03-30T12:58:54.002Z,2015-05-19T13:28:35.910Z,regnskab,0.0,,2014-12-31,2014-01-01,X15-AB-88-XR,2015-05-19T13:28:35.986Z,275879.0,,,,,,,,,,,,,,,,,,,,,,,,,,,,,,,,,,,,,,,
13530289,2014-12-31,2014-12-31,c201,,http://regnskaber.virk.dk/98203531/ZG9rdW1lbnRsYWdlcjovLzAzLzliLzVjLzc5L2NmLzhlMmEtNDYxZS1iMGE3LTg3NTM1MjM1MzcxNQ.pdf,http://regnskaber.virk.dk/98203531/ZG9rdW1lbnRsYWdlcjovLzAzLzZiLzRlLzI5LzcyLzU0M2MtNDUzMC04ZTUyLTFkZDU5Y2U2MDcwZQ.xml,,Danmark,Fjerritslev,9690.0,3.0,Borups AllÃ©,Fjerritslev,9690.0,21.0,Valmuemarken,"9690, Fjerritslev","Borups AllÃ©, 3",kapitalejeren,Regnskabsklasse B,Ãrsrapporten er aflagt i overensstemmelse med Ã¥rsregnskabsloven.,"Vi anser den valgte regnskabspraksis for hensigtsmÃ¦ssig, og efter vores opfattelse giver Ã¥rsregnskabet et retvisende billede af selskabets aktiver, passiver og finansielle stilling pr. 31. december 2014 samt af resultatet af selskabets aktiviteter for regnskabsÃ¥ret 1. januar - 31. december 2014.",2015-05-08,2015-05-08,1989-11-15,2015-05-18,statsautoriseret revisor,98213939.0,25492145.0,13530289.0,25492145.0,Bestyrelse og direktion har dags dato aflagt Ã¥rsrapporten for regnskabsÃ¥ret 1. januar - 31. december 2014 for Malgaard & Nielsen ApS.,"Vi har udfÃ¸rt udvidet gennemgang af Ã¥rsregnskabet for Malgaard & Nielsen ApS for regnskabsÃ¥ret 1. januar - 31. december 2014. Ãrsregnskabet, der omfatter anvendt regnskabspraksis, resultatopgÃ¸relse, balance og noter, udarbejdes efter Ã¥rsregnskabsloven.",Ãrsrapport,,"Ledelsesberetningen indeholder efter vores opfattelse en retvisende redegÃ¸relse for de forhold, som beretningen omhandler.",Dan Hinnerup,Erik Braad,Jacob Jacobsen,"BRANDT, Statsautoriseret Revisionspartnerselskab",Spar Nord Bank,Malgaard & Nielsen ApS,"BRANDT, Statsautoriseret Revisionspartnerselskab","Baseret pÃ¥ det udfÃ¸rte arbejde er det vores opfattelse, at Ã¥rsregnskabet giver et retvisende billede af selskabets aktiver, passiver og finansielle stilling pr. 31. december 2014 samt af resultatet af selskabets aktiviteter for regnskabsÃ¥ret 1. januar - 31. december 2014 i overensstemmelse med Ã¥rsregnskabsloven.",Fjerritslev,Ãrsrapporten indstilles til generalforsamlingens godkendelse.,Fjerritslev,Fjerritslev Autocenter ApS i likvidation,Fjerritslev,2014-12-31,2014-01-01,100.0,2015-05-08,Fjerritslev,"Ledelsen har ansvaret for udarbejdelsen af et Ã¥rsregnskab, der giver et retvisende billede i overensstemmelse med Ã¥rsregnskabsloven. Ledelsen har endvidere ansvaret for den interne kontrol, som ledelsen anser nÃ¸dvendig for at udarbejde et Ã¥rsregnskab uden vÃ¦sentlig fejlinformation, uanset om denne skyldes besvigelser eller fejl.","Vi har i henhold til Ã¥rsregnskabsloven gennemlÃ¦st ledelsesberetningen. Vi har ikke foretaget yderligere handlinger i tillÃ¦g til den udfÃ¸rte udvidede gennemgang af Ã¥rsregnskabet. Det er pÃ¥ denne baggrund vores opfattelse, at oplysningerne i ledelsesberetningen er i overensstemmelse med Ã¥rsregnskabet.",98213811.0,formand,ErklÃ¦ring om udvidet gennemgang,urn:ofk:oid:5260307,indberetninger-20180424,2.5124297,13530289.0,,2018-03-30T12:58:54.002Z,2015-05-19T13:28:35.910Z,regnskab,0.0,,2014-12-31,2014-01-01,X15-AB-88-XR,2015-05-19T13:28:35.986Z,1234297.0,,,,,,,,,,,,,,,,,,,,,,,,,,,,,,,,,,,,,,,
13530289,2014-12-31,2014-12-31,c204,,http://regnskaber.virk.dk/98203531/ZG9rdW1lbnRsYWdlcjovLzAzLzliLzVjLzc5L2NmLzhlMmEtNDYxZS1iMGE3LTg3NTM1MjM1MzcxNQ.pdf,http://regnskaber.virk.dk/98203531/ZG9rdW1lbnRsYWdlcjovLzAzLzZiLzRlLzI5LzcyLzU0M2MtNDUzMC04ZTUyLTFkZDU5Y2U2MDcwZQ.xml,,Danmark,Fjerritslev,9690.0,3.0,Borups AllÃ©,Fjerritslev,9690.0,21.0,Valmuemarken,"9690, Fjerritslev","Borups AllÃ©, 3",kapitalejeren,Regnskabsklasse B,Ãrsrapporten er aflagt i overensstemmelse med Ã¥rsregnskabsloven.,"Vi anser den valgte regnskabspraksis for hensigtsmÃ¦ssig, og efter vores opfattelse giver Ã¥rsregnskabet et retvisende billede af selskabets aktiver, passiver og finansielle stilling pr. 31. december 2014 samt af resultatet af selskabets aktiviteter for regnskabsÃ¥ret 1. januar - 31. december 2014.",2015-05-08,2015-05-08,1989-11-15,2015-05-18,statsautoriseret revisor,98213939.0,25492145.0,13530289.0,25492145.0,Bestyrelse og direktion har dags dato aflagt Ã¥rsrapporten for regnskabsÃ¥ret 1. januar - 31. december 2014 for Malgaard & Nielsen ApS.,"Vi har udfÃ¸rt udvidet gennemgang af Ã¥rsregnskabet for Malgaard & Nielsen ApS for regnskabsÃ¥ret 1. januar - 31. december 2014. Ãrsregnskabet, der omfatter anvendt regnskabspraksis, resultatopgÃ¸relse, balance og noter, udarbejdes efter Ã¥rsregnskabsloven.",Ãrsrapport,,"Ledelsesberetningen indeholder efter vores opfattelse en retvisende redegÃ¸relse for de forhold, som beretningen omhandler.",Dan Hinnerup,Erik Braad,Jacob Jacobsen,"BRANDT, Statsautoriseret Revisionspartnerselskab",Spar Nord Bank,Malgaard & Nielsen ApS,"BRANDT, Statsautoriseret Revisionspartnerselskab","Baseret pÃ¥ det udfÃ¸rte arbejde er det vores opfattelse, at Ã¥rsregnskabet giver et retvisende billede af selskabets aktiver, passiver og finansielle stilling pr. 31. december 2014 samt af resultatet af selskabets aktiviteter for regnskabsÃ¥ret 1. januar - 31. december 2014 i overensstemmelse med Ã¥rsregnskabsloven.",Fjerritslev,Ãrsrapporten indstilles til generalforsamlingens godkendelse.,Fjerritslev,Fjerritslev Autocenter ApS i likvidation,Fjerritslev,2014-12-31,2014-01-01,100.0,2015-05-08,Fjerritslev,"Ledelsen har ansvaret for udarbejdelsen af et Ã¥rsregnskab, der giver et retvisende billede i overensstemmelse med Ã¥rsregnskabsloven. Ledelsen har endvidere ansvaret for den interne kontrol, som ledelsen anser nÃ¸dvendig for at udarbejde et Ã¥rsregnskab uden vÃ¦sentlig fejlinformation, uanset om denne skyldes besvigelser eller fejl.","Vi har i henhold til Ã¥rsregnskabsloven gennemlÃ¦st ledelsesberetningen. Vi har ikke foretaget yderligere handlinger i tillÃ¦g til den udfÃ¸rte udvidede gennemgang af Ã¥rsregnskabet. Det er pÃ¥ denne baggrund vores opfattelse, at oplysningerne i ledelsesberetningen er i overensstemmelse med Ã¥rsregnskabet.",98213811.0,formand,ErklÃ¦ring om udvidet gennemgang,urn:ofk:oid:5260307,indberetninger-20180424,2.5124297,13530289.0,,2018-03-30T12:58:54.002Z,2015-05-19T13:28:35.910Z,regnskab,0.0,,2014-12-31,2014-01-01,X15-AB-88-XR,2015-05-19T13:28:35.986Z,100000.0,,,,,,,,,,,,,,,,,,,,,,,,,,,,,,,,,,,,,,,
13530289,2014-12-31,2014-12-31,c476,,http://regnskaber.virk.dk/98203531/ZG9rdW1lbnRsYWdlcjovLzAzLzliLzVjLzc5L2NmLzhlMmEtNDYxZS1iMGE3LTg3NTM1MjM1MzcxNQ.pdf,http://regnskaber.virk.dk/98203531/ZG9rdW1lbnRsYWdlcjovLzAzLzZiLzRlLzI5LzcyLzU0M2MtNDUzMC04ZTUyLTFkZDU5Y2U2MDcwZQ.xml,,Danmark,Fjerritslev,9690.0,3.0,Borups AllÃ©,Fjerritslev,9690.0,21.0,Valmuemarken,"9690, Fjerritslev","Borups AllÃ©, 3",kapitalejeren,Regnskabsklasse B,Ãrsrapporten er aflagt i overensstemmelse med Ã¥rsregnskabsloven.,"Vi anser den valgte regnskabspraksis for hensigtsmÃ¦ssig, og efter vores opfattelse giver Ã¥rsregnskabet et retvisende billede af selskabets aktiver, passiver og finansielle stilling pr. 31. december 2014 samt af resultatet af selskabets aktiviteter for regnskabsÃ¥ret 1. januar - 31. december 2014.",2015-05-08,2015-05-08,1989-11-15,2015-05-18,statsautoriseret revisor,98213939.0,25492145.0,13530289.0,25492145.0,Bestyrelse og direktion har dags dato aflagt Ã¥rsrapporten for regnskabsÃ¥ret 1. januar - 31. december 2014 for Malgaard & Nielsen ApS.,"Vi har udfÃ¸rt udvidet gennemgang af Ã¥rsregnskabet for Malgaard & Nielsen ApS for regnskabsÃ¥ret 1. januar - 31. december 2014. Ãrsregnskabet, der omfatter anvendt regnskabspraksis, resultatopgÃ¸relse, balance og noter, udarbejdes efter Ã¥rsregnskabsloven.",Ãrsrapport,,"Ledelsesberetningen indeholder efter vores opfattelse en retvisende redegÃ¸relse for de forhold, som beretningen omhandler.",Dan Hinnerup,Erik Braad,Jacob Jacobsen,"BRANDT, Statsautoriseret Revisionspartnerselskab",Spar Nord Bank,Malgaard & Nielsen ApS,"BRANDT, Statsautoriseret Revisionspartnerselskab","Baseret pÃ¥ det udfÃ¸rte arbejde er det vores opfattelse, at Ã¥rsregnskabet giver et retvisende billede af selskabets aktiver, passiver og finansielle stilling pr. 31. december 2014 samt af resultatet af selskabets aktiviteter for regnskabsÃ¥ret 1. januar - 31. december 2014 i overensstemmelse med Ã¥rsregnskabsloven.",Fjerritslev,Ãrsrapporten indstilles til generalforsamlingens godkendelse.,Fjerritslev,Fjerritslev Autocenter ApS i likvidation,Fjerritslev,2014-12-31,2014-01-01,100.0,2015-05-08,Fjerritslev,"Ledelsen har ansvaret for udarbejdelsen af et Ã¥rsregnskab, der giver et retvisende billede i overensstemmelse med Ã¥rsregnskabsloven. Ledelsen har endvidere ansvaret for den interne kontrol, som ledelsen anser nÃ¸dvendig for at udarbejde et Ã¥rsregnskab uden vÃ¦sentlig fejlinformation, uanset om denne skyldes besvigelser eller fejl.","Vi har i henhold til Ã¥rsregnskabsloven gennemlÃ¦st ledelsesberetningen. Vi har ikke foretaget yderligere handlinger i tillÃ¦g til den udfÃ¸rte udvidede gennemgang af Ã¥rsregnskabet. Det er pÃ¥ denne baggrund vores opfattelse, at oplysningerne i ledelsesberetningen er i overensstemmelse med Ã¥rsregnskabet.",98213811.0,formand,ErklÃ¦ring om udvidet gennemgang,urn:ofk:oid:5260307,indberetninger-20180424,2.5124297,13530289.0,,2018-03-30T12:58:54.002Z,2015-05-19T13:28:35.910Z,regnskab,0.0,,2014-12-31,2014-01-01,X15-AB-88-XR,2015-05-19T13:28:35.986Z,,,,,,,,,,,,,,,,,,,,,,,,,,,,,,,,,,,,,,,,
13530289,2014-12-31,2014-12-31,c6,,http://regnskaber.virk.dk/98203531/ZG9rdW1lbnRsYWdlcjovLzAzLzliLzVjLzc5L2NmLzhlMmEtNDYxZS1iMGE3LTg3NTM1MjM1MzcxNQ.pdf,http://regnskaber.virk.dk/98203531/ZG9rdW1lbnRsYWdlcjovLzAzLzZiLzRlLzI5LzcyLzU0M2MtNDUzMC04ZTUyLTFkZDU5Y2U2MDcwZQ.xml,,Danmark,Fjerritslev,9690.0,3.0,Borups AllÃ©,Fjerritslev,9690.0,21.0,Valmuemarken,"9690, Fjerritslev","Borups AllÃ©, 3",kapitalejeren,Regnskabsklasse B,Ãrsrapporten er aflagt i overensstemmelse med Ã¥rsregnskabsloven.,"Vi anser den valgte regnskabspraksis for hensigtsmÃ¦ssig, og efter vores opfattelse giver Ã¥rsregnskabet et retvisende billede af selskabets aktiver, passiver og finansielle stilling pr. 31. december 2014 samt af resultatet af selskabets aktiviteter for regnskabsÃ¥ret 1. januar - 31. december 2014.",2015-05-08,2015-05-08,1989-11-15,2015-05-18,statsautoriseret revisor,98213939.0,25492145.0,13530289.0,25492145.0,Bestyrelse og direktion har dags dato aflagt Ã¥rsrapporten for regnskabsÃ¥ret 1. januar - 31. december 2014 for Malgaard & Nielsen ApS.,"Vi har udfÃ¸rt udvidet gennemgang af Ã¥rsregnskabet for Malgaard & Nielsen ApS for regnskabsÃ¥ret 1. januar - 31. december 2014. Ãrsregnskabet, der omfatter anvendt regnskabspraksis, resultatopgÃ¸relse, balance og noter, udarbejdes efter Ã¥rsregnskabsloven.",Ãrsrapport,,"Ledelsesberetningen indeholder efter vores opfattelse en retvisende redegÃ¸relse for de forhold, som beretningen omhandler.",Dan Hinnerup,Erik Braad,Jacob Jacobsen,"BRANDT, Statsautoriseret Revisionspartnerselskab",Spar Nord Bank,Malgaard & Nielsen ApS,"BRANDT, Statsautoriseret Revisionspartnerselskab","Baseret pÃ¥ det udfÃ¸rte arbejde er det vores opfattelse, at Ã¥rsregnskabet giver et retvisende billede af selskabets aktiver, passiver og finansielle stilling pr. 31. december 2014 samt af resultatet af selskabets aktiviteter for regnskabsÃ¥ret 1. januar - 31. december 2014 i overensstemmelse med Ã¥rsregnskabsloven.",Fjerritslev,Ãrsrapporten indstilles til generalforsamlingens godkendelse.,Fjerritslev,Fjerritslev Autocenter ApS i likvidation,Fjerritslev,2014-12-31,2014-01-01,100.0,2015-05-08,Fjerritslev,"Ledelsen har ansvaret for udarbejdelsen af et Ã¥rsregnskab, der giver et retvisende billede i overensstemmelse med Ã¥rsregnskabsloven. Ledelsen har endvidere ansvaret for den interne kontrol, som ledelsen anser nÃ¸dvendig for at udarbejde et Ã¥rsregnskab uden vÃ¦sentlig fejlinformation, uanset om denne skyldes besvigelser eller fejl.","Vi har i henhold til Ã¥rsregnskabsloven gennemlÃ¦st ledelsesberetningen. Vi har ikke foretaget yderligere handlinger i tillÃ¦g til den udfÃ¸rte udvidede gennemgang af Ã¥rsregnskabet. Det er pÃ¥ denne baggrund vores opfattelse, at oplysningerne i ledelsesberetningen er i overensstemmelse med Ã¥rsregnskabet.",98213811.0,formand,ErklÃ¦ring om udvidet gennemgang,urn:ofk:oid:5260307,indberetninger-20180424,2.5124297,13530289.0,,2018-03-30T12:58:54.002Z,2015-05-19T13:28:35.910Z,regnskab,0.0,,2014-12-31,2014-01-01,X15-AB-88-XR,2015-05-19T13:28:35.986Z,1860176.0,,,,,,,,,,,,,,,,660879.0,1946420.0,289245.0,250000.0,1285541.0,1946420.0,86244.0,650879.0,660879.0,10000.0,985958.0,10338.0,100000.0,275879.0,1234297.0,985958.0,86244.0,40896.0,10338.0,0.0,39848.0,0.0,5500.0,
