entity,start_date,end_date,context,AARSRAPPORT_pdf,AARSRAPPORT_xml,AddressOfAuditorCountry,AddressOfAuditorDistrictName,AddressOfAuditorPostCodeIdentifier,AddressOfAuditorStreetBuildingIdentifier,AddressOfAuditorStreetName,AddressOfReportingEntityDistrictName,AddressOfReportingEntityPostCodeIdentifier,AddressOfReportingEntityStreetBuildingIdentifier,AddressOfReportingEntityStreetName,AddressOfSubmittingEnterprisePostcodeAndTown,AddressOfSubmittingEnterpriseStreetAndNumber,AddresseeOfAuditorsReportOnExtendedReviewOfFinancialStatements,AdjustmentsForCurrentTaxRelatingToTaxRateChangesOrImpositionOfNewTaxes,AdjustmentsForDeferredTax,ClassOfReportingEntity,ConfirmationThatAnnualReportIsPresentedInAccordanceWithRequirementsProvidedForByLegislationAnyStandardsAndRequirementsProvidedByArticlesOfAssociationOrByAgreement,ConfirmationThatFinancialStatementGivesTrueAndFairViewOfAssetsLiabilitiesEquityFinancialPositionAndResults,DateOfApprovalOfAnnualReport,DateOfApprovalOfReport,DateOfGeneralMeeting,DepreciationAmortisationExpenseAndImpairmentLossesOfPropertyPlantAndEquipmentAndIntangibleAssetsRecognisedInProfitOrLoss,DescriptionOfAuditor,DescriptionOfClassOfIssuedShares,DescriptionOfDevelopmentInActivitiesAndFinancialAffairs,DescriptionOfMethodsOfImpairmentLossesAndDepreciation,DescriptionOfMethodsOfRecognitionAndMeasurementBasisOfCashAndCashEquivalents,DescriptionOfMethodsOfRecognitionAndMeasurementBasisOfCostOfSales,DescriptionOfMethodsOfRecognitionAndMeasurementBasisOfDeferredIncomeAssets,DescriptionOfMethodsOfRecognitionAndMeasurementBasisOfEmployeeBenefitExpense,DescriptionOfMethodsOfRecognitionAndMeasurementBasisOfExternalExpenses,DescriptionOfMethodsOfRecognitionAndMeasurementBasisOfFinanceIncomeAndExpenses,DescriptionOfMethodsOfRecognitionAndMeasurementBasisOfIncomeStatementItems,DescriptionOfMethodsOfRecognitionAndMeasurementBasisOfLiabilitiesOtherThanProvisions,DescriptionOfMethodsOfRecognitionAndMeasurementBasisOfReceivables,DescriptionOfMethodsOfRecognitionAndMeasurementBasisOfRevenue,DescriptionOfMethodsOfRecognitionAndMeasurementBasisOfTaxExpenses,DescriptionOfPrimaryActivitiesOfEntity,DescriptionOfSignificantEventsOccurringAfterEndOfReportingPeriod,DisclosureOfAccountingPolicies,DisclosureOfContingentLiabilities,DisclosureOfMortgagesAndCollaterals,EmailOfReportingEntity,EmployeeBenefitsExpense,GrossProfitLoss,IdentificationNumberCvrOfAuditFirm,IdentificationNumberCvrOfReportingEntity,IdentificationNumberCvrOfSubmittingEnterprise,IdentificationOfApprovedAnnualReport,IdentificationOfFinancialStatementsAndDescriptionOfFinancialReportingFrameworkAppliedInPreparationOfFinancialStatementsExtendedReview,InformationOnReportingClassOfEntity,InformationOnTypeOfSubmittedReport,ManagementsStatementAboutManagementsReview,NameAndSurnameOfAuditor,NameAndSurnameOfChairmanOfGeneralMeeting,NameAndSurnameOfMemberOfExecutiveBoard,NameAndSurnameOfPerformerOfInternalAudit,NameOfAuditFirm,NameOfReportingEntity,NameOfSubmittingEnterprise,OpinionOnFinancialStatementsExtendedReview,OtherEmployeeExpense,OtherFinanceIncome,PlaceOfSignatureOfStatement,PostemploymentBenefitExpense,ProfitLoss,ProfitLossFromOrdinaryActivitiesAfterTax,ProfitLossFromOrdinaryActivitiesBeforeTax,ProfitLossFromOrdinaryOperatingActivities,RecommendationForApprovalOfAnnualReportByGeneralMeeting,RegisteredOfficeOfReportingEntity,ReportingPeriodEndDate,ReportingPeriodStartDate,RestOfOtherFinanceExpenses,ShorttermPayablesToGroupEnterprises,ShorttermReceivablesFromGroupEnterprises,SignatureInternalAuditPlace,SignatureOfAuditorsDate,SignatureOfAuditorsPlace,SocialSecurityContributions,StatementOfExecutiveAndSupervisoryBoardsResponsibilityForFinancialStatementsExtendedReview,StatementOnManagementsReviewAuditorsReportOnExtendedReviewFinancialStatementsExtendedReview,TaxExpenseOnOrdinaryActivities,TelephoneNumberOfAuditor,TitleOfPerformerOfInternalAudit,TypeOfAuditorAssistance,WagesAndSalaries,_id,_index,_score,cvrNummer,indlaesningsId,indlaesningsTidspunkt,offentliggoerelsesTidspunkt,offentliggoerelsestype,omgoerelse,regNummer,regnskabsperiode_slutDato,regnskabsperiode_startDato,sagsNummer,sidstOpdateret,Assets,CashAndCashEquivalents,ContractWorkInProgress,ContributedCapital,CurrentAssets,DeferredIncomeAssets,Equity,FixturesFittingsToolsAndEquipment,Inventories,LandAndBuildings,LiabilitiesAndEquity,LiabilitiesOtherThanProvisions,NoncurrentAssets,OtherReceivables,OtherShorttermPayables,OtherShorttermReceivables,PropertyPlantAndEquipment,Provisions,ProvisionsForDeferredTax,RawMaterialsAndConsumables,RetainedEarnings,RevaluationReserve,ShorttermDebtToBanks,ShorttermLiabilitiesOtherThanProvisions,ShorttermReceivables,ShorttermTradePayables,ShorttermTradeReceivables,AccumulatedImpairmentLossesAndDepreciationOfPropertyPlantAndEquipment,PropertyPlantAndEquipmentGross,AccumulatedRevaluationOfPropertyPlantAndEquipment,DepreciationOfPropertyPlantAndEquipment,NominalValueOfIssuedShares,NumberOfIssuedShares
84060712,2012-07-01,2013-06-30,D-2012M7-2013M6,http://regnskaber.virk.dk/21706048/Y3ZyLmRrOi8vcGRmcy84NDA2MDcxMjtBcFMyOTk3OTsyMDEzMDcwMTsyMDE0MDYzMDtSO1I.pdf,http://regnskaber.virk.dk/21706048/Y3ZyLmRrOi8veGJybHMvWC00RUUxRTIwOC0yMDE0MTExM18xNDU0MzhfMjYx.xml,Denmark,Aars,9600.0,14.0,LÃ¸gstÃ¸rvej,MÃ¸ldrup,9632.0,6.0,Erhvervsvej,9600 Aars,LÃ¸gstÃ¸rvej Postboks 46,Til kapitalejerne i MÃ¸ldrup TÃ¸mrer- og Snedkerforretning ApS,41300.0,40400.0,Regnskabsklasse B,Ãrsrapporten aflÃ¦gges i overensstemmelse med Ã¥rsregnskabsloven.,"Det er min opfattelse, at Ã¥rsregnskabet giver et retvisende billede af virksomhedens aktiver, passiver og finansielle stilling pr. 30.06.2014 samt af resultatet af virksomhedens aktiviteter for regnskabsÃ¥ret 01.07.2013 - 30.06.2014.",2014-10-27,2014-11-12,2014-11-12,161377.0,statsautoriseret revisor,OrdinÃ¦re anparter,"2013/14 blev et utilfredsstillende Ã¥r for MÃ¸ldrup TÃ¸mrer- og Snedkerforretning ApS. Ãrets resultat blev pÃ¥ (43) t.kr, hvilket er en forbedring i forhold til sidste Ã¥r pÃ¥ 36 t.kr.",Af- og nedskrivninger af materielle anlÃ¦gsaktiver bestÃ¥r af regnskabsÃ¥rets af- og nedskrivninger opgjort ud fra henholdsvis de fastsatte restvÃ¦rdier og brugstider for de enkelte aktiver og gennemfÃ¸rte nedskrivningstest og af gevinster og tab ved salg af materielle anlÃ¦gsaktiver.,Likvide beholdninger omfatter kontante beholdninger og bankindestÃ¥ender.,"Vareforbrug omfatter regnskabsÃ¥rets vareforbrug mÃ¥lt til kostpris, reguleret for sÃ¦dvanlige lagernedskrivninger.","PeriodeafgrÃ¦nsningsposter indregnet under aktiver omfatter afholdte omkostninger, der vedrÃ¸rer efterfÃ¸lgende regnskabsÃ¥r. PeriodeafgrÃ¦nsningsposter mÃ¥les til kostpris.","Personaleomkostninger omfatter lÃ¸n og gager sÃ¥vel som omkostninger til social sikring, pensioner o.l. for virksomhedens medarbejdere.","Andre eksterne omkostninger omfatter omkostninger, der vedrÃ¸rer virksomhedens primÃ¦re aktiviteter, herunder lokaleomkostninger, kontorholdsomkostninger, salgsfremmende omkostninger mv. I posten indgÃ¥r endvidere nedskrivninger af tilgodehavender indregnet under omsÃ¦tningsaktiver.","Andre finansielle indtÃ¦gter bestÃ¥r af renteindtÃ¦gter, herunder renteindtÃ¦gter fra tilgodehavender hos tilknyttede virksomheder mv. Andre finansielle omkostninger bestÃ¥r af renteomkostninger, herunder renteomkostninger fra gÃ¦ld til tilknyttede virksomheder mv.","Bruttofortjeneste eller -tab omfatter nettoomsÃ¦tning, Ã¦ndring i lagre af fÃ¦rdigvarer og varer under fremstilling, andre driftsindtÃ¦gter, omkostninger til rÃ¥varer og hjÃ¦lpematerialer og eksterne omkostninger.","Andre finansielle forpligtelser mÃ¥les til amortiseret kostpris, der sÃ¦dvanligvis svarer til nominel vÃ¦rdi.","Tilgodehavender mÃ¥les til amortiseret kostpris, der sÃ¦dvanligvis svarer til nominel vÃ¦rdi, med fradrag af nedskrivninger til imÃ¸degÃ¥else af forventede tab.","NettoomsÃ¦tning ved salg af tjenesteydelser indregnes i resultatopgÃ¸relsen, nÃ¥r levering til kÃ¸ber har fundet sted. NettoomsÃ¦tning indregnes eksklusive moms, afgifter og rabatter i forbindelse med salget og mÃ¥les til dagsvÃ¦rdien af det fastsatte vederlag. IgangvÃ¦rende arbejder for fremmed regning indregnes i nettoomsÃ¦tningen, i takt med at produktionen udfÃ¸res, sÃ¥ledes at nettoomsÃ¦tningen svarer til salgsvÃ¦rdien af det i regnskabsÃ¥ret udfÃ¸rte arbejde (produktionsmetoden).","Ãrets skat, der bestÃ¥r af Ã¥rets aktuelle skat og Ã¦ndring af udskudt skat, indregnes i resultatopgÃ¸relsen med den del, der kan henfÃ¸res til Ã¥rets resultat, og direkte pÃ¥ egenkapitalen med den del, der kan henfÃ¸res til posteringer direkte pÃ¥ egenkapitalen. Selskabet er sambeskattet med moderselskabet. Den aktuelle danske selskabsskat fordeles mellem de sambeskattede virksomheder i forhold til disses skattepligtige indkom ster (fuld fordeling med refusion vedrÃ¸rende skattemÃ¦ssige underskud).",Selskabets aktivitet bestÃ¥r i tÃ¸mrer- og snedkerforretning.,"Der er fra balancedagen og frem til i dag ikke indtrÃ¥dt forhold, som forrykker vurderingen af Ã¥rsrapporten.",Ãrsregnskabet er aflagt efter samme regnskabspraksis som sidste Ã¥r.,"Selskabet indgÃ¥r i en dansk sambeskatning med Erling K. SÃ¸rensen Holding ApS som administrationsselskab. Selskabet hÃ¦fter derfor i henhold til selskabsskattelovens regler herom fra og med regnskabsÃ¥ret 2013 for indkomstskatter mv. for de sambeskattede selskaber og fra og med 1. juli 2012 ligeledes for eventuelle forpligtelser til at indeholde kildeskat pÃ¥ renter, royalties og udbytter for de sambeskattede selskaber.",Ingen.,erling.k.sÃ¸rensen@mail.dk,1455796.0,1445224.0,33963556.0,84060712.0,33963556.0,Direktionen har dags dato behandlet og godkendt Ã¥rsrapporten for regnskabsÃ¥ret 01.07.2013 - 30.06.2014 for MÃ¸ldrup TÃ¸mrer- og Snedkerforretning ApS .,"Vi har udfÃ¸rt udvidet gennemgang af Ã¥rsregnskabet for MÃ¸ldrup TÃ¸mrer- og Snedkerforretning ApS  for regnskabsÃ¥ret 01.07.2013 - 30.06.2014. Ãrsregnskabet, der omfatter anvendt regnskabspraksis, resultatopgÃ¸relse, balance, egenkapitalopgÃ¸relse og noter, udarbejdes efter Ã¥rsregnskabsloven.",Ãrsrapporten er aflagt i overensstemmelse med Ã¥rsregnskabslovens bestemmelser for regnskabsklasse B med tilvalg af enkelte bestemmelser for regnskabsklasse C.,Ãrsrapport,"Ledelsesberetningen indeholder efter min opfattelse en retvisende redegÃ¸relse for de forhold, beretningen omhandler.",Ove NÃ¸rskov,Erling Kjeldgaard SÃ¸rensen,Erling Kjeldgaard SÃ¸rensen,Underskrivende revisor 1,Deloitte Statsautoriseret Revisionspartnerselskab,MÃ¸ldrup TÃ¸mrer- og Snedkerforretning ApS,Deloitte Statsautoriseret Revisionspartnerselskab,"Baseret pÃ¥ det udfÃ¸rte arbejde er det vores opfattelse, at Ã¥rsregnskabet giver et retvisende billede af selskabets aktiver, passiver og finansielle stilling pr. 30.06.2014 samt af resultatet af selskabets aktiviteter for regnskabsÃ¥ret 01.07.2013 - 30.06.2014 i overensstemmelse med Ã¥rsregnskabsloven.",44491.0,16717.0,MÃ¸ldrup,121497.0,-79314.0,-79314.0,-161014.0,-171949.0,Ãrsrapporten indstilles til generalforsamlingens god kendelse.,Viborg,2014-06-30,2013-07-01,5782.0,15947.0,30104.0,Sted,2014-10-27,Aars,5743.0,"Ledelsen har ansvaret for udarbejdelsen af et Ã¥rsregnskab, der giver et retvisende billede i overensstemmelse med Ã¥rsregnskabsloven. Ledelsen har endvidere ansvaret for den interne kontrol, som ledelsen anser nÃ¸dvendig for at udarbejde et Ã¥rsregnskab uden vÃ¦sentlig fejlinformation, uanset om denne skyldes besvigelser eller fejl.","Vi har i henhold til Ã¥rsregnskabsloven gennemlÃ¦st ledelsesberetningen. Vi har ikke foretaget yderligere handlinger i tillÃ¦g til den udvidede gennemgang af Ã¥rsregnskabet.Det er pÃ¥ denne baggrund vores opfattelse, at oplysningerne i ledelsesberetningen er i overensstemmelse med Ã¥rsregnskabet.",81700.0,96 98 23 00,statsautoriseret revisor,ErklÃ¦ring om udvidet gennemgang,1284065.0,urn:ofk:oid:13544115,indberetninger-20180424,2.5118417999999996,84060712.0,,2018-03-31T21:40:34.420Z,2014-11-13T23:00:00.000Z,regnskab,0.0,,2014-06-30,2013-07-01,14-276.340,2014-11-13T23:00:00.000Z,,,,,,,,,,,,,,,,,,,,,,,,,,,,,,,,,
84060712,2012-07-01,2013-06-30,D-2012M7-2013M6-dim-FixturesFittingsTool,http://regnskaber.virk.dk/21706048/Y3ZyLmRrOi8vcGRmcy84NDA2MDcxMjtBcFMyOTk3OTsyMDEzMDcwMTsyMDE0MDYzMDtSO1I.pdf,http://regnskaber.virk.dk/21706048/Y3ZyLmRrOi8veGJybHMvWC00RUUxRTIwOC0yMDE0MTExM18xNDU0MzhfMjYx.xml,Denmark,Aars,9600.0,14.0,LÃ¸gstÃ¸rvej,MÃ¸ldrup,9632.0,6.0,Erhvervsvej,9600 Aars,LÃ¸gstÃ¸rvej Postboks 46,Til kapitalejerne i MÃ¸ldrup TÃ¸mrer- og Snedkerforretning ApS,,,Regnskabsklasse B,Ãrsrapporten aflÃ¦gges i overensstemmelse med Ã¥rsregnskabsloven.,"Det er min opfattelse, at Ã¥rsregnskabet giver et retvisende billede af virksomhedens aktiver, passiver og finansielle stilling pr. 30.06.2014 samt af resultatet af virksomhedens aktiviteter for regnskabsÃ¥ret 01.07.2013 - 30.06.2014.",2014-10-27,2014-11-12,2014-11-12,,statsautoriseret revisor,OrdinÃ¦re anparter,"2013/14 blev et utilfredsstillende Ã¥r for MÃ¸ldrup TÃ¸mrer- og Snedkerforretning ApS. Ãrets resultat blev pÃ¥ (43) t.kr, hvilket er en forbedring i forhold til sidste Ã¥r pÃ¥ 36 t.kr.",Af- og nedskrivninger af materielle anlÃ¦gsaktiver bestÃ¥r af regnskabsÃ¥rets af- og nedskrivninger opgjort ud fra henholdsvis de fastsatte restvÃ¦rdier og brugstider for de enkelte aktiver og gennemfÃ¸rte nedskrivningstest og af gevinster og tab ved salg af materielle anlÃ¦gsaktiver.,Likvide beholdninger omfatter kontante beholdninger og bankindestÃ¥ender.,"Vareforbrug omfatter regnskabsÃ¥rets vareforbrug mÃ¥lt til kostpris, reguleret for sÃ¦dvanlige lagernedskrivninger.","PeriodeafgrÃ¦nsningsposter indregnet under aktiver omfatter afholdte omkostninger, der vedrÃ¸rer efterfÃ¸lgende regnskabsÃ¥r. PeriodeafgrÃ¦nsningsposter mÃ¥les til kostpris.","Personaleomkostninger omfatter lÃ¸n og gager sÃ¥vel som omkostninger til social sikring, pensioner o.l. for virksomhedens medarbejdere.","Andre eksterne omkostninger omfatter omkostninger, der vedrÃ¸rer virksomhedens primÃ¦re aktiviteter, herunder lokaleomkostninger, kontorholdsomkostninger, salgsfremmende omkostninger mv. I posten indgÃ¥r endvidere nedskrivninger af tilgodehavender indregnet under omsÃ¦tningsaktiver.","Andre finansielle indtÃ¦gter bestÃ¥r af renteindtÃ¦gter, herunder renteindtÃ¦gter fra tilgodehavender hos tilknyttede virksomheder mv. Andre finansielle omkostninger bestÃ¥r af renteomkostninger, herunder renteomkostninger fra gÃ¦ld til tilknyttede virksomheder mv.","Bruttofortjeneste eller -tab omfatter nettoomsÃ¦tning, Ã¦ndring i lagre af fÃ¦rdigvarer og varer under fremstilling, andre driftsindtÃ¦gter, omkostninger til rÃ¥varer og hjÃ¦lpematerialer og eksterne omkostninger.","Andre finansielle forpligtelser mÃ¥les til amortiseret kostpris, der sÃ¦dvanligvis svarer til nominel vÃ¦rdi.","Tilgodehavender mÃ¥les til amortiseret kostpris, der sÃ¦dvanligvis svarer til nominel vÃ¦rdi, med fradrag af nedskrivninger til imÃ¸degÃ¥else af forventede tab.","NettoomsÃ¦tning ved salg af tjenesteydelser indregnes i resultatopgÃ¸relsen, nÃ¥r levering til kÃ¸ber har fundet sted. NettoomsÃ¦tning indregnes eksklusive moms, afgifter og rabatter i forbindelse med salget og mÃ¥les til dagsvÃ¦rdien af det fastsatte vederlag. IgangvÃ¦rende arbejder for fremmed regning indregnes i nettoomsÃ¦tningen, i takt med at produktionen udfÃ¸res, sÃ¥ledes at nettoomsÃ¦tningen svarer til salgsvÃ¦rdien af det i regnskabsÃ¥ret udfÃ¸rte arbejde (produktionsmetoden).","Ãrets skat, der bestÃ¥r af Ã¥rets aktuelle skat og Ã¦ndring af udskudt skat, indregnes i resultatopgÃ¸relsen med den del, der kan henfÃ¸res til Ã¥rets resultat, og direkte pÃ¥ egenkapitalen med den del, der kan henfÃ¸res til posteringer direkte pÃ¥ egenkapitalen. Selskabet er sambeskattet med moderselskabet. Den aktuelle danske selskabsskat fordeles mellem de sambeskattede virksomheder i forhold til disses skattepligtige indkom ster (fuld fordeling med refusion vedrÃ¸rende skattemÃ¦ssige underskud).",Selskabets aktivitet bestÃ¥r i tÃ¸mrer- og snedkerforretning.,"Der er fra balancedagen og frem til i dag ikke indtrÃ¥dt forhold, som forrykker vurderingen af Ã¥rsrapporten.",Ãrsregnskabet er aflagt efter samme regnskabspraksis som sidste Ã¥r.,"Selskabet indgÃ¥r i en dansk sambeskatning med Erling K. SÃ¸rensen Holding ApS som administrationsselskab. Selskabet hÃ¦fter derfor i henhold til selskabsskattelovens regler herom fra og med regnskabsÃ¥ret 2013 for indkomstskatter mv. for de sambeskattede selskaber og fra og med 1. juli 2012 ligeledes for eventuelle forpligtelser til at indeholde kildeskat pÃ¥ renter, royalties og udbytter for de sambeskattede selskaber.",Ingen.,erling.k.sÃ¸rensen@mail.dk,,,33963556.0,84060712.0,33963556.0,Direktionen har dags dato behandlet og godkendt Ã¥rsrapporten for regnskabsÃ¥ret 01.07.2013 - 30.06.2014 for MÃ¸ldrup TÃ¸mrer- og Snedkerforretning ApS .,"Vi har udfÃ¸rt udvidet gennemgang af Ã¥rsregnskabet for MÃ¸ldrup TÃ¸mrer- og Snedkerforretning ApS  for regnskabsÃ¥ret 01.07.2013 - 30.06.2014. Ãrsregnskabet, der omfatter anvendt regnskabspraksis, resultatopgÃ¸relse, balance, egenkapitalopgÃ¸relse og noter, udarbejdes efter Ã¥rsregnskabsloven.",Ãrsrapporten er aflagt i overensstemmelse med Ã¥rsregnskabslovens bestemmelser for regnskabsklasse B med tilvalg af enkelte bestemmelser for regnskabsklasse C.,Ãrsrapport,"Ledelsesberetningen indeholder efter min opfattelse en retvisende redegÃ¸relse for de forhold, beretningen omhandler.",Ove NÃ¸rskov,Erling Kjeldgaard SÃ¸rensen,Erling Kjeldgaard SÃ¸rensen,Underskrivende revisor 1,Deloitte Statsautoriseret Revisionspartnerselskab,MÃ¸ldrup TÃ¸mrer- og Snedkerforretning ApS,Deloitte Statsautoriseret Revisionspartnerselskab,"Baseret pÃ¥ det udfÃ¸rte arbejde er det vores opfattelse, at Ã¥rsregnskabet giver et retvisende billede af selskabets aktiver, passiver og finansielle stilling pr. 30.06.2014 samt af resultatet af selskabets aktiviteter for regnskabsÃ¥ret 01.07.2013 - 30.06.2014 i overensstemmelse med Ã¥rsregnskabsloven.",,,MÃ¸ldrup,,,,,,Ãrsrapporten indstilles til generalforsamlingens god kendelse.,Viborg,2014-06-30,2013-07-01,,15947.0,30104.0,Sted,2014-10-27,Aars,,"Ledelsen har ansvaret for udarbejdelsen af et Ã¥rsregnskab, der giver et retvisende billede i overensstemmelse med Ã¥rsregnskabsloven. Ledelsen har endvidere ansvaret for den interne kontrol, som ledelsen anser nÃ¸dvendig for at udarbejde et Ã¥rsregnskab uden vÃ¦sentlig fejlinformation, uanset om denne skyldes besvigelser eller fejl.","Vi har i henhold til Ã¥rsregnskabsloven gennemlÃ¦st ledelsesberetningen. Vi har ikke foretaget yderligere handlinger i tillÃ¦g til den udvidede gennemgang af Ã¥rsregnskabet.Det er pÃ¥ denne baggrund vores opfattelse, at oplysningerne i ledelsesberetningen er i overensstemmelse med Ã¥rsregnskabet.",,96 98 23 00,statsautoriseret revisor,ErklÃ¦ring om udvidet gennemgang,,urn:ofk:oid:13544115,indberetninger-20180424,2.5118417999999996,84060712.0,,2018-03-31T21:40:34.420Z,2014-11-13T23:00:00.000Z,regnskab,0.0,,2014-06-30,2013-07-01,14-276.340,2014-11-13T23:00:00.000Z,,,,,,,,,,,,,,,,,,,,,,,,,,,,,,,,,
84060712,2012-07-01,2013-06-30,D-2012M7-2013M6-dim-LandAndBuildingsMemb,http://regnskaber.virk.dk/21706048/Y3ZyLmRrOi8vcGRmcy84NDA2MDcxMjtBcFMyOTk3OTsyMDEzMDcwMTsyMDE0MDYzMDtSO1I.pdf,http://regnskaber.virk.dk/21706048/Y3ZyLmRrOi8veGJybHMvWC00RUUxRTIwOC0yMDE0MTExM18xNDU0MzhfMjYx.xml,Denmark,Aars,9600.0,14.0,LÃ¸gstÃ¸rvej,MÃ¸ldrup,9632.0,6.0,Erhvervsvej,9600 Aars,LÃ¸gstÃ¸rvej Postboks 46,Til kapitalejerne i MÃ¸ldrup TÃ¸mrer- og Snedkerforretning ApS,,,Regnskabsklasse B,Ãrsrapporten aflÃ¦gges i overensstemmelse med Ã¥rsregnskabsloven.,"Det er min opfattelse, at Ã¥rsregnskabet giver et retvisende billede af virksomhedens aktiver, passiver og finansielle stilling pr. 30.06.2014 samt af resultatet af virksomhedens aktiviteter for regnskabsÃ¥ret 01.07.2013 - 30.06.2014.",2014-10-27,2014-11-12,2014-11-12,,statsautoriseret revisor,OrdinÃ¦re anparter,"2013/14 blev et utilfredsstillende Ã¥r for MÃ¸ldrup TÃ¸mrer- og Snedkerforretning ApS. Ãrets resultat blev pÃ¥ (43) t.kr, hvilket er en forbedring i forhold til sidste Ã¥r pÃ¥ 36 t.kr.",Af- og nedskrivninger af materielle anlÃ¦gsaktiver bestÃ¥r af regnskabsÃ¥rets af- og nedskrivninger opgjort ud fra henholdsvis de fastsatte restvÃ¦rdier og brugstider for de enkelte aktiver og gennemfÃ¸rte nedskrivningstest og af gevinster og tab ved salg af materielle anlÃ¦gsaktiver.,Likvide beholdninger omfatter kontante beholdninger og bankindestÃ¥ender.,"Vareforbrug omfatter regnskabsÃ¥rets vareforbrug mÃ¥lt til kostpris, reguleret for sÃ¦dvanlige lagernedskrivninger.","PeriodeafgrÃ¦nsningsposter indregnet under aktiver omfatter afholdte omkostninger, der vedrÃ¸rer efterfÃ¸lgende regnskabsÃ¥r. PeriodeafgrÃ¦nsningsposter mÃ¥les til kostpris.","Personaleomkostninger omfatter lÃ¸n og gager sÃ¥vel som omkostninger til social sikring, pensioner o.l. for virksomhedens medarbejdere.","Andre eksterne omkostninger omfatter omkostninger, der vedrÃ¸rer virksomhedens primÃ¦re aktiviteter, herunder lokaleomkostninger, kontorholdsomkostninger, salgsfremmende omkostninger mv. I posten indgÃ¥r endvidere nedskrivninger af tilgodehavender indregnet under omsÃ¦tningsaktiver.","Andre finansielle indtÃ¦gter bestÃ¥r af renteindtÃ¦gter, herunder renteindtÃ¦gter fra tilgodehavender hos tilknyttede virksomheder mv. Andre finansielle omkostninger bestÃ¥r af renteomkostninger, herunder renteomkostninger fra gÃ¦ld til tilknyttede virksomheder mv.","Bruttofortjeneste eller -tab omfatter nettoomsÃ¦tning, Ã¦ndring i lagre af fÃ¦rdigvarer og varer under fremstilling, andre driftsindtÃ¦gter, omkostninger til rÃ¥varer og hjÃ¦lpematerialer og eksterne omkostninger.","Andre finansielle forpligtelser mÃ¥les til amortiseret kostpris, der sÃ¦dvanligvis svarer til nominel vÃ¦rdi.","Tilgodehavender mÃ¥les til amortiseret kostpris, der sÃ¦dvanligvis svarer til nominel vÃ¦rdi, med fradrag af nedskrivninger til imÃ¸degÃ¥else af forventede tab.","NettoomsÃ¦tning ved salg af tjenesteydelser indregnes i resultatopgÃ¸relsen, nÃ¥r levering til kÃ¸ber har fundet sted. NettoomsÃ¦tning indregnes eksklusive moms, afgifter og rabatter i forbindelse med salget og mÃ¥les til dagsvÃ¦rdien af det fastsatte vederlag. IgangvÃ¦rende arbejder for fremmed regning indregnes i nettoomsÃ¦tningen, i takt med at produktionen udfÃ¸res, sÃ¥ledes at nettoomsÃ¦tningen svarer til salgsvÃ¦rdien af det i regnskabsÃ¥ret udfÃ¸rte arbejde (produktionsmetoden).","Ãrets skat, der bestÃ¥r af Ã¥rets aktuelle skat og Ã¦ndring af udskudt skat, indregnes i resultatopgÃ¸relsen med den del, der kan henfÃ¸res til Ã¥rets resultat, og direkte pÃ¥ egenkapitalen med den del, der kan henfÃ¸res til posteringer direkte pÃ¥ egenkapitalen. Selskabet er sambeskattet med moderselskabet. Den aktuelle danske selskabsskat fordeles mellem de sambeskattede virksomheder i forhold til disses skattepligtige indkom ster (fuld fordeling med refusion vedrÃ¸rende skattemÃ¦ssige underskud).",Selskabets aktivitet bestÃ¥r i tÃ¸mrer- og snedkerforretning.,"Der er fra balancedagen og frem til i dag ikke indtrÃ¥dt forhold, som forrykker vurderingen af Ã¥rsrapporten.",Ãrsregnskabet er aflagt efter samme regnskabspraksis som sidste Ã¥r.,"Selskabet indgÃ¥r i en dansk sambeskatning med Erling K. SÃ¸rensen Holding ApS som administrationsselskab. Selskabet hÃ¦fter derfor i henhold til selskabsskattelovens regler herom fra og med regnskabsÃ¥ret 2013 for indkomstskatter mv. for de sambeskattede selskaber og fra og med 1. juli 2012 ligeledes for eventuelle forpligtelser til at indeholde kildeskat pÃ¥ renter, royalties og udbytter for de sambeskattede selskaber.",Ingen.,erling.k.sÃ¸rensen@mail.dk,,,33963556.0,84060712.0,33963556.0,Direktionen har dags dato behandlet og godkendt Ã¥rsrapporten for regnskabsÃ¥ret 01.07.2013 - 30.06.2014 for MÃ¸ldrup TÃ¸mrer- og Snedkerforretning ApS .,"Vi har udfÃ¸rt udvidet gennemgang af Ã¥rsregnskabet for MÃ¸ldrup TÃ¸mrer- og Snedkerforretning ApS  for regnskabsÃ¥ret 01.07.2013 - 30.06.2014. Ãrsregnskabet, der omfatter anvendt regnskabspraksis, resultatopgÃ¸relse, balance, egenkapitalopgÃ¸relse og noter, udarbejdes efter Ã¥rsregnskabsloven.",Ãrsrapporten er aflagt i overensstemmelse med Ã¥rsregnskabslovens bestemmelser for regnskabsklasse B med tilvalg af enkelte bestemmelser for regnskabsklasse C.,Ãrsrapport,"Ledelsesberetningen indeholder efter min opfattelse en retvisende redegÃ¸relse for de forhold, beretningen omhandler.",Ove NÃ¸rskov,Erling Kjeldgaard SÃ¸rensen,Erling Kjeldgaard SÃ¸rensen,Underskrivende revisor 1,Deloitte Statsautoriseret Revisionspartnerselskab,MÃ¸ldrup TÃ¸mrer- og Snedkerforretning ApS,Deloitte Statsautoriseret Revisionspartnerselskab,"Baseret pÃ¥ det udfÃ¸rte arbejde er det vores opfattelse, at Ã¥rsregnskabet giver et retvisende billede af selskabets aktiver, passiver og finansielle stilling pr. 30.06.2014 samt af resultatet af selskabets aktiviteter for regnskabsÃ¥ret 01.07.2013 - 30.06.2014 i overensstemmelse med Ã¥rsregnskabsloven.",,,MÃ¸ldrup,,,,,,Ãrsrapporten indstilles til generalforsamlingens god kendelse.,Viborg,2014-06-30,2013-07-01,,15947.0,30104.0,Sted,2014-10-27,Aars,,"Ledelsen har ansvaret for udarbejdelsen af et Ã¥rsregnskab, der giver et retvisende billede i overensstemmelse med Ã¥rsregnskabsloven. Ledelsen har endvidere ansvaret for den interne kontrol, som ledelsen anser nÃ¸dvendig for at udarbejde et Ã¥rsregnskab uden vÃ¦sentlig fejlinformation, uanset om denne skyldes besvigelser eller fejl.","Vi har i henhold til Ã¥rsregnskabsloven gennemlÃ¦st ledelsesberetningen. Vi har ikke foretaget yderligere handlinger i tillÃ¦g til den udvidede gennemgang af Ã¥rsregnskabet.Det er pÃ¥ denne baggrund vores opfattelse, at oplysningerne i ledelsesberetningen er i overensstemmelse med Ã¥rsregnskabet.",,96 98 23 00,statsautoriseret revisor,ErklÃ¦ring om udvidet gennemgang,,urn:ofk:oid:13544115,indberetninger-20180424,2.5118417999999996,84060712.0,,2018-03-31T21:40:34.420Z,2014-11-13T23:00:00.000Z,regnskab,0.0,,2014-06-30,2013-07-01,14-276.340,2014-11-13T23:00:00.000Z,,,,,,,,,,,,,,,,,,,,,,,,,,,,,,,,,
84060712,2012-07-01,2013-06-30,D-2012M7-2013M6-dim-ProposedDividendReco,http://regnskaber.virk.dk/21706048/Y3ZyLmRrOi8vcGRmcy84NDA2MDcxMjtBcFMyOTk3OTsyMDEzMDcwMTsyMDE0MDYzMDtSO1I.pdf,http://regnskaber.virk.dk/21706048/Y3ZyLmRrOi8veGJybHMvWC00RUUxRTIwOC0yMDE0MTExM18xNDU0MzhfMjYx.xml,Denmark,Aars,9600.0,14.0,LÃ¸gstÃ¸rvej,MÃ¸ldrup,9632.0,6.0,Erhvervsvej,9600 Aars,LÃ¸gstÃ¸rvej Postboks 46,Til kapitalejerne i MÃ¸ldrup TÃ¸mrer- og Snedkerforretning ApS,,,Regnskabsklasse B,Ãrsrapporten aflÃ¦gges i overensstemmelse med Ã¥rsregnskabsloven.,"Det er min opfattelse, at Ã¥rsregnskabet giver et retvisende billede af virksomhedens aktiver, passiver og finansielle stilling pr. 30.06.2014 samt af resultatet af virksomhedens aktiviteter for regnskabsÃ¥ret 01.07.2013 - 30.06.2014.",2014-10-27,2014-11-12,2014-11-12,,statsautoriseret revisor,OrdinÃ¦re anparter,"2013/14 blev et utilfredsstillende Ã¥r for MÃ¸ldrup TÃ¸mrer- og Snedkerforretning ApS. Ãrets resultat blev pÃ¥ (43) t.kr, hvilket er en forbedring i forhold til sidste Ã¥r pÃ¥ 36 t.kr.",Af- og nedskrivninger af materielle anlÃ¦gsaktiver bestÃ¥r af regnskabsÃ¥rets af- og nedskrivninger opgjort ud fra henholdsvis de fastsatte restvÃ¦rdier og brugstider for de enkelte aktiver og gennemfÃ¸rte nedskrivningstest og af gevinster og tab ved salg af materielle anlÃ¦gsaktiver.,Likvide beholdninger omfatter kontante beholdninger og bankindestÃ¥ender.,"Vareforbrug omfatter regnskabsÃ¥rets vareforbrug mÃ¥lt til kostpris, reguleret for sÃ¦dvanlige lagernedskrivninger.","PeriodeafgrÃ¦nsningsposter indregnet under aktiver omfatter afholdte omkostninger, der vedrÃ¸rer efterfÃ¸lgende regnskabsÃ¥r. PeriodeafgrÃ¦nsningsposter mÃ¥les til kostpris.","Personaleomkostninger omfatter lÃ¸n og gager sÃ¥vel som omkostninger til social sikring, pensioner o.l. for virksomhedens medarbejdere.","Andre eksterne omkostninger omfatter omkostninger, der vedrÃ¸rer virksomhedens primÃ¦re aktiviteter, herunder lokaleomkostninger, kontorholdsomkostninger, salgsfremmende omkostninger mv. I posten indgÃ¥r endvidere nedskrivninger af tilgodehavender indregnet under omsÃ¦tningsaktiver.","Andre finansielle indtÃ¦gter bestÃ¥r af renteindtÃ¦gter, herunder renteindtÃ¦gter fra tilgodehavender hos tilknyttede virksomheder mv. Andre finansielle omkostninger bestÃ¥r af renteomkostninger, herunder renteomkostninger fra gÃ¦ld til tilknyttede virksomheder mv.","Bruttofortjeneste eller -tab omfatter nettoomsÃ¦tning, Ã¦ndring i lagre af fÃ¦rdigvarer og varer under fremstilling, andre driftsindtÃ¦gter, omkostninger til rÃ¥varer og hjÃ¦lpematerialer og eksterne omkostninger.","Andre finansielle forpligtelser mÃ¥les til amortiseret kostpris, der sÃ¦dvanligvis svarer til nominel vÃ¦rdi.","Tilgodehavender mÃ¥les til amortiseret kostpris, der sÃ¦dvanligvis svarer til nominel vÃ¦rdi, med fradrag af nedskrivninger til imÃ¸degÃ¥else af forventede tab.","NettoomsÃ¦tning ved salg af tjenesteydelser indregnes i resultatopgÃ¸relsen, nÃ¥r levering til kÃ¸ber har fundet sted. NettoomsÃ¦tning indregnes eksklusive moms, afgifter og rabatter i forbindelse med salget og mÃ¥les til dagsvÃ¦rdien af det fastsatte vederlag. IgangvÃ¦rende arbejder for fremmed regning indregnes i nettoomsÃ¦tningen, i takt med at produktionen udfÃ¸res, sÃ¥ledes at nettoomsÃ¦tningen svarer til salgsvÃ¦rdien af det i regnskabsÃ¥ret udfÃ¸rte arbejde (produktionsmetoden).","Ãrets skat, der bestÃ¥r af Ã¥rets aktuelle skat og Ã¦ndring af udskudt skat, indregnes i resultatopgÃ¸relsen med den del, der kan henfÃ¸res til Ã¥rets resultat, og direkte pÃ¥ egenkapitalen med den del, der kan henfÃ¸res til posteringer direkte pÃ¥ egenkapitalen. Selskabet er sambeskattet med moderselskabet. Den aktuelle danske selskabsskat fordeles mellem de sambeskattede virksomheder i forhold til disses skattepligtige indkom ster (fuld fordeling med refusion vedrÃ¸rende skattemÃ¦ssige underskud).",Selskabets aktivitet bestÃ¥r i tÃ¸mrer- og snedkerforretning.,"Der er fra balancedagen og frem til i dag ikke indtrÃ¥dt forhold, som forrykker vurderingen af Ã¥rsrapporten.",Ãrsregnskabet er aflagt efter samme regnskabspraksis som sidste Ã¥r.,"Selskabet indgÃ¥r i en dansk sambeskatning med Erling K. SÃ¸rensen Holding ApS som administrationsselskab. Selskabet hÃ¦fter derfor i henhold til selskabsskattelovens regler herom fra og med regnskabsÃ¥ret 2013 for indkomstskatter mv. for de sambeskattede selskaber og fra og med 1. juli 2012 ligeledes for eventuelle forpligtelser til at indeholde kildeskat pÃ¥ renter, royalties og udbytter for de sambeskattede selskaber.",Ingen.,erling.k.sÃ¸rensen@mail.dk,,,33963556.0,84060712.0,33963556.0,Direktionen har dags dato behandlet og godkendt Ã¥rsrapporten for regnskabsÃ¥ret 01.07.2013 - 30.06.2014 for MÃ¸ldrup TÃ¸mrer- og Snedkerforretning ApS .,"Vi har udfÃ¸rt udvidet gennemgang af Ã¥rsregnskabet for MÃ¸ldrup TÃ¸mrer- og Snedkerforretning ApS  for regnskabsÃ¥ret 01.07.2013 - 30.06.2014. Ãrsregnskabet, der omfatter anvendt regnskabspraksis, resultatopgÃ¸relse, balance, egenkapitalopgÃ¸relse og noter, udarbejdes efter Ã¥rsregnskabsloven.",Ãrsrapporten er aflagt i overensstemmelse med Ã¥rsregnskabslovens bestemmelser for regnskabsklasse B med tilvalg af enkelte bestemmelser for regnskabsklasse C.,Ãrsrapport,"Ledelsesberetningen indeholder efter min opfattelse en retvisende redegÃ¸relse for de forhold, beretningen omhandler.",Ove NÃ¸rskov,Erling Kjeldgaard SÃ¸rensen,Erling Kjeldgaard SÃ¸rensen,Underskrivende revisor 1,Deloitte Statsautoriseret Revisionspartnerselskab,MÃ¸ldrup TÃ¸mrer- og Snedkerforretning ApS,Deloitte Statsautoriseret Revisionspartnerselskab,"Baseret pÃ¥ det udfÃ¸rte arbejde er det vores opfattelse, at Ã¥rsregnskabet giver et retvisende billede af selskabets aktiver, passiver og finansielle stilling pr. 30.06.2014 samt af resultatet af selskabets aktiviteter for regnskabsÃ¥ret 01.07.2013 - 30.06.2014 i overensstemmelse med Ã¥rsregnskabsloven.",,,MÃ¸ldrup,,,,,,Ãrsrapporten indstilles til generalforsamlingens god kendelse.,Viborg,2014-06-30,2013-07-01,,15947.0,30104.0,Sted,2014-10-27,Aars,,"Ledelsen har ansvaret for udarbejdelsen af et Ã¥rsregnskab, der giver et retvisende billede i overensstemmelse med Ã¥rsregnskabsloven. Ledelsen har endvidere ansvaret for den interne kontrol, som ledelsen anser nÃ¸dvendig for at udarbejde et Ã¥rsregnskab uden vÃ¦sentlig fejlinformation, uanset om denne skyldes besvigelser eller fejl.","Vi har i henhold til Ã¥rsregnskabsloven gennemlÃ¦st ledelsesberetningen. Vi har ikke foretaget yderligere handlinger i tillÃ¦g til den udvidede gennemgang af Ã¥rsregnskabet.Det er pÃ¥ denne baggrund vores opfattelse, at oplysningerne i ledelsesberetningen er i overensstemmelse med Ã¥rsregnskabet.",,96 98 23 00,statsautoriseret revisor,ErklÃ¦ring om udvidet gennemgang,,urn:ofk:oid:13544115,indberetninger-20180424,2.5118417999999996,84060712.0,,2018-03-31T21:40:34.420Z,2014-11-13T23:00:00.000Z,regnskab,0.0,,2014-06-30,2013-07-01,14-276.340,2014-11-13T23:00:00.000Z,,,,,,,,,,,,,,,,,,,,,,,,,,,,,,,,,
84060712,2012-07-01,2013-06-30,D-2012M7-2013M6-dim-RetainedEarningsMemb,http://regnskaber.virk.dk/21706048/Y3ZyLmRrOi8vcGRmcy84NDA2MDcxMjtBcFMyOTk3OTsyMDEzMDcwMTsyMDE0MDYzMDtSO1I.pdf,http://regnskaber.virk.dk/21706048/Y3ZyLmRrOi8veGJybHMvWC00RUUxRTIwOC0yMDE0MTExM18xNDU0MzhfMjYx.xml,Denmark,Aars,9600.0,14.0,LÃ¸gstÃ¸rvej,MÃ¸ldrup,9632.0,6.0,Erhvervsvej,9600 Aars,LÃ¸gstÃ¸rvej Postboks 46,Til kapitalejerne i MÃ¸ldrup TÃ¸mrer- og Snedkerforretning ApS,,,Regnskabsklasse B,Ãrsrapporten aflÃ¦gges i overensstemmelse med Ã¥rsregnskabsloven.,"Det er min opfattelse, at Ã¥rsregnskabet giver et retvisende billede af virksomhedens aktiver, passiver og finansielle stilling pr. 30.06.2014 samt af resultatet af virksomhedens aktiviteter for regnskabsÃ¥ret 01.07.2013 - 30.06.2014.",2014-10-27,2014-11-12,2014-11-12,,statsautoriseret revisor,OrdinÃ¦re anparter,"2013/14 blev et utilfredsstillende Ã¥r for MÃ¸ldrup TÃ¸mrer- og Snedkerforretning ApS. Ãrets resultat blev pÃ¥ (43) t.kr, hvilket er en forbedring i forhold til sidste Ã¥r pÃ¥ 36 t.kr.",Af- og nedskrivninger af materielle anlÃ¦gsaktiver bestÃ¥r af regnskabsÃ¥rets af- og nedskrivninger opgjort ud fra henholdsvis de fastsatte restvÃ¦rdier og brugstider for de enkelte aktiver og gennemfÃ¸rte nedskrivningstest og af gevinster og tab ved salg af materielle anlÃ¦gsaktiver.,Likvide beholdninger omfatter kontante beholdninger og bankindestÃ¥ender.,"Vareforbrug omfatter regnskabsÃ¥rets vareforbrug mÃ¥lt til kostpris, reguleret for sÃ¦dvanlige lagernedskrivninger.","PeriodeafgrÃ¦nsningsposter indregnet under aktiver omfatter afholdte omkostninger, der vedrÃ¸rer efterfÃ¸lgende regnskabsÃ¥r. PeriodeafgrÃ¦nsningsposter mÃ¥les til kostpris.","Personaleomkostninger omfatter lÃ¸n og gager sÃ¥vel som omkostninger til social sikring, pensioner o.l. for virksomhedens medarbejdere.","Andre eksterne omkostninger omfatter omkostninger, der vedrÃ¸rer virksomhedens primÃ¦re aktiviteter, herunder lokaleomkostninger, kontorholdsomkostninger, salgsfremmende omkostninger mv. I posten indgÃ¥r endvidere nedskrivninger af tilgodehavender indregnet under omsÃ¦tningsaktiver.","Andre finansielle indtÃ¦gter bestÃ¥r af renteindtÃ¦gter, herunder renteindtÃ¦gter fra tilgodehavender hos tilknyttede virksomheder mv. Andre finansielle omkostninger bestÃ¥r af renteomkostninger, herunder renteomkostninger fra gÃ¦ld til tilknyttede virksomheder mv.","Bruttofortjeneste eller -tab omfatter nettoomsÃ¦tning, Ã¦ndring i lagre af fÃ¦rdigvarer og varer under fremstilling, andre driftsindtÃ¦gter, omkostninger til rÃ¥varer og hjÃ¦lpematerialer og eksterne omkostninger.","Andre finansielle forpligtelser mÃ¥les til amortiseret kostpris, der sÃ¦dvanligvis svarer til nominel vÃ¦rdi.","Tilgodehavender mÃ¥les til amortiseret kostpris, der sÃ¦dvanligvis svarer til nominel vÃ¦rdi, med fradrag af nedskrivninger til imÃ¸degÃ¥else af forventede tab.","NettoomsÃ¦tning ved salg af tjenesteydelser indregnes i resultatopgÃ¸relsen, nÃ¥r levering til kÃ¸ber har fundet sted. NettoomsÃ¦tning indregnes eksklusive moms, afgifter og rabatter i forbindelse med salget og mÃ¥les til dagsvÃ¦rdien af det fastsatte vederlag. IgangvÃ¦rende arbejder for fremmed regning indregnes i nettoomsÃ¦tningen, i takt med at produktionen udfÃ¸res, sÃ¥ledes at nettoomsÃ¦tningen svarer til salgsvÃ¦rdien af det i regnskabsÃ¥ret udfÃ¸rte arbejde (produktionsmetoden).","Ãrets skat, der bestÃ¥r af Ã¥rets aktuelle skat og Ã¦ndring af udskudt skat, indregnes i resultatopgÃ¸relsen med den del, der kan henfÃ¸res til Ã¥rets resultat, og direkte pÃ¥ egenkapitalen med den del, der kan henfÃ¸res til posteringer direkte pÃ¥ egenkapitalen. Selskabet er sambeskattet med moderselskabet. Den aktuelle danske selskabsskat fordeles mellem de sambeskattede virksomheder i forhold til disses skattepligtige indkom ster (fuld fordeling med refusion vedrÃ¸rende skattemÃ¦ssige underskud).",Selskabets aktivitet bestÃ¥r i tÃ¸mrer- og snedkerforretning.,"Der er fra balancedagen og frem til i dag ikke indtrÃ¥dt forhold, som forrykker vurderingen af Ã¥rsrapporten.",Ãrsregnskabet er aflagt efter samme regnskabspraksis som sidste Ã¥r.,"Selskabet indgÃ¥r i en dansk sambeskatning med Erling K. SÃ¸rensen Holding ApS som administrationsselskab. Selskabet hÃ¦fter derfor i henhold til selskabsskattelovens regler herom fra og med regnskabsÃ¥ret 2013 for indkomstskatter mv. for de sambeskattede selskaber og fra og med 1. juli 2012 ligeledes for eventuelle forpligtelser til at indeholde kildeskat pÃ¥ renter, royalties og udbytter for de sambeskattede selskaber.",Ingen.,erling.k.sÃ¸rensen@mail.dk,,,33963556.0,84060712.0,33963556.0,Direktionen har dags dato behandlet og godkendt Ã¥rsrapporten for regnskabsÃ¥ret 01.07.2013 - 30.06.2014 for MÃ¸ldrup TÃ¸mrer- og Snedkerforretning ApS .,"Vi har udfÃ¸rt udvidet gennemgang af Ã¥rsregnskabet for MÃ¸ldrup TÃ¸mrer- og Snedkerforretning ApS  for regnskabsÃ¥ret 01.07.2013 - 30.06.2014. Ãrsregnskabet, der omfatter anvendt regnskabspraksis, resultatopgÃ¸relse, balance, egenkapitalopgÃ¸relse og noter, udarbejdes efter Ã¥rsregnskabsloven.",Ãrsrapporten er aflagt i overensstemmelse med Ã¥rsregnskabslovens bestemmelser for regnskabsklasse B med tilvalg af enkelte bestemmelser for regnskabsklasse C.,Ãrsrapport,"Ledelsesberetningen indeholder efter min opfattelse en retvisende redegÃ¸relse for de forhold, beretningen omhandler.",Ove NÃ¸rskov,Erling Kjeldgaard SÃ¸rensen,Erling Kjeldgaard SÃ¸rensen,Underskrivende revisor 1,Deloitte Statsautoriseret Revisionspartnerselskab,MÃ¸ldrup TÃ¸mrer- og Snedkerforretning ApS,Deloitte Statsautoriseret Revisionspartnerselskab,"Baseret pÃ¥ det udfÃ¸rte arbejde er det vores opfattelse, at Ã¥rsregnskabet giver et retvisende billede af selskabets aktiver, passiver og finansielle stilling pr. 30.06.2014 samt af resultatet af selskabets aktiviteter for regnskabsÃ¥ret 01.07.2013 - 30.06.2014 i overensstemmelse med Ã¥rsregnskabsloven.",,,MÃ¸ldrup,,-79314.0,,,,Ãrsrapporten indstilles til generalforsamlingens god kendelse.,Viborg,2014-06-30,2013-07-01,,15947.0,30104.0,Sted,2014-10-27,Aars,,"Ledelsen har ansvaret for udarbejdelsen af et Ã¥rsregnskab, der giver et retvisende billede i overensstemmelse med Ã¥rsregnskabsloven. Ledelsen har endvidere ansvaret for den interne kontrol, som ledelsen anser nÃ¸dvendig for at udarbejde et Ã¥rsregnskab uden vÃ¦sentlig fejlinformation, uanset om denne skyldes besvigelser eller fejl.","Vi har i henhold til Ã¥rsregnskabsloven gennemlÃ¦st ledelsesberetningen. Vi har ikke foretaget yderligere handlinger i tillÃ¦g til den udvidede gennemgang af Ã¥rsregnskabet.Det er pÃ¥ denne baggrund vores opfattelse, at oplysningerne i ledelsesberetningen er i overensstemmelse med Ã¥rsregnskabet.",,96 98 23 00,statsautoriseret revisor,ErklÃ¦ring om udvidet gennemgang,,urn:ofk:oid:13544115,indberetninger-20180424,2.5118417999999996,84060712.0,,2018-03-31T21:40:34.420Z,2014-11-13T23:00:00.000Z,regnskab,0.0,,2014-06-30,2013-07-01,14-276.340,2014-11-13T23:00:00.000Z,,,,,,,,,,,,,,,,,,,,,,,,,,,,,,,,,
84060712,2012-07-01,2013-06-30,D-2012M7-2013M6-dim-RetainedEarningsMemb.1,http://regnskaber.virk.dk/21706048/Y3ZyLmRrOi8vcGRmcy84NDA2MDcxMjtBcFMyOTk3OTsyMDEzMDcwMTsyMDE0MDYzMDtSO1I.pdf,http://regnskaber.virk.dk/21706048/Y3ZyLmRrOi8veGJybHMvWC00RUUxRTIwOC0yMDE0MTExM18xNDU0MzhfMjYx.xml,Denmark,Aars,9600.0,14.0,LÃ¸gstÃ¸rvej,MÃ¸ldrup,9632.0,6.0,Erhvervsvej,9600 Aars,LÃ¸gstÃ¸rvej Postboks 46,Til kapitalejerne i MÃ¸ldrup TÃ¸mrer- og Snedkerforretning ApS,,,Regnskabsklasse B,Ãrsrapporten aflÃ¦gges i overensstemmelse med Ã¥rsregnskabsloven.,"Det er min opfattelse, at Ã¥rsregnskabet giver et retvisende billede af virksomhedens aktiver, passiver og finansielle stilling pr. 30.06.2014 samt af resultatet af virksomhedens aktiviteter for regnskabsÃ¥ret 01.07.2013 - 30.06.2014.",2014-10-27,2014-11-12,2014-11-12,,statsautoriseret revisor,OrdinÃ¦re anparter,"2013/14 blev et utilfredsstillende Ã¥r for MÃ¸ldrup TÃ¸mrer- og Snedkerforretning ApS. Ãrets resultat blev pÃ¥ (43) t.kr, hvilket er en forbedring i forhold til sidste Ã¥r pÃ¥ 36 t.kr.",Af- og nedskrivninger af materielle anlÃ¦gsaktiver bestÃ¥r af regnskabsÃ¥rets af- og nedskrivninger opgjort ud fra henholdsvis de fastsatte restvÃ¦rdier og brugstider for de enkelte aktiver og gennemfÃ¸rte nedskrivningstest og af gevinster og tab ved salg af materielle anlÃ¦gsaktiver.,Likvide beholdninger omfatter kontante beholdninger og bankindestÃ¥ender.,"Vareforbrug omfatter regnskabsÃ¥rets vareforbrug mÃ¥lt til kostpris, reguleret for sÃ¦dvanlige lagernedskrivninger.","PeriodeafgrÃ¦nsningsposter indregnet under aktiver omfatter afholdte omkostninger, der vedrÃ¸rer efterfÃ¸lgende regnskabsÃ¥r. PeriodeafgrÃ¦nsningsposter mÃ¥les til kostpris.","Personaleomkostninger omfatter lÃ¸n og gager sÃ¥vel som omkostninger til social sikring, pensioner o.l. for virksomhedens medarbejdere.","Andre eksterne omkostninger omfatter omkostninger, der vedrÃ¸rer virksomhedens primÃ¦re aktiviteter, herunder lokaleomkostninger, kontorholdsomkostninger, salgsfremmende omkostninger mv. I posten indgÃ¥r endvidere nedskrivninger af tilgodehavender indregnet under omsÃ¦tningsaktiver.","Andre finansielle indtÃ¦gter bestÃ¥r af renteindtÃ¦gter, herunder renteindtÃ¦gter fra tilgodehavender hos tilknyttede virksomheder mv. Andre finansielle omkostninger bestÃ¥r af renteomkostninger, herunder renteomkostninger fra gÃ¦ld til tilknyttede virksomheder mv.","Bruttofortjeneste eller -tab omfatter nettoomsÃ¦tning, Ã¦ndring i lagre af fÃ¦rdigvarer og varer under fremstilling, andre driftsindtÃ¦gter, omkostninger til rÃ¥varer og hjÃ¦lpematerialer og eksterne omkostninger.","Andre finansielle forpligtelser mÃ¥les til amortiseret kostpris, der sÃ¦dvanligvis svarer til nominel vÃ¦rdi.","Tilgodehavender mÃ¥les til amortiseret kostpris, der sÃ¦dvanligvis svarer til nominel vÃ¦rdi, med fradrag af nedskrivninger til imÃ¸degÃ¥else af forventede tab.","NettoomsÃ¦tning ved salg af tjenesteydelser indregnes i resultatopgÃ¸relsen, nÃ¥r levering til kÃ¸ber har fundet sted. NettoomsÃ¦tning indregnes eksklusive moms, afgifter og rabatter i forbindelse med salget og mÃ¥les til dagsvÃ¦rdien af det fastsatte vederlag. IgangvÃ¦rende arbejder for fremmed regning indregnes i nettoomsÃ¦tningen, i takt med at produktionen udfÃ¸res, sÃ¥ledes at nettoomsÃ¦tningen svarer til salgsvÃ¦rdien af det i regnskabsÃ¥ret udfÃ¸rte arbejde (produktionsmetoden).","Ãrets skat, der bestÃ¥r af Ã¥rets aktuelle skat og Ã¦ndring af udskudt skat, indregnes i resultatopgÃ¸relsen med den del, der kan henfÃ¸res til Ã¥rets resultat, og direkte pÃ¥ egenkapitalen med den del, der kan henfÃ¸res til posteringer direkte pÃ¥ egenkapitalen. Selskabet er sambeskattet med moderselskabet. Den aktuelle danske selskabsskat fordeles mellem de sambeskattede virksomheder i forhold til disses skattepligtige indkom ster (fuld fordeling med refusion vedrÃ¸rende skattemÃ¦ssige underskud).",Selskabets aktivitet bestÃ¥r i tÃ¸mrer- og snedkerforretning.,"Der er fra balancedagen og frem til i dag ikke indtrÃ¥dt forhold, som forrykker vurderingen af Ã¥rsrapporten.",Ãrsregnskabet er aflagt efter samme regnskabspraksis som sidste Ã¥r.,"Selskabet indgÃ¥r i en dansk sambeskatning med Erling K. SÃ¸rensen Holding ApS som administrationsselskab. Selskabet hÃ¦fter derfor i henhold til selskabsskattelovens regler herom fra og med regnskabsÃ¥ret 2013 for indkomstskatter mv. for de sambeskattede selskaber og fra og med 1. juli 2012 ligeledes for eventuelle forpligtelser til at indeholde kildeskat pÃ¥ renter, royalties og udbytter for de sambeskattede selskaber.",Ingen.,erling.k.sÃ¸rensen@mail.dk,,,33963556.0,84060712.0,33963556.0,Direktionen har dags dato behandlet og godkendt Ã¥rsrapporten for regnskabsÃ¥ret 01.07.2013 - 30.06.2014 for MÃ¸ldrup TÃ¸mrer- og Snedkerforretning ApS .,"Vi har udfÃ¸rt udvidet gennemgang af Ã¥rsregnskabet for MÃ¸ldrup TÃ¸mrer- og Snedkerforretning ApS  for regnskabsÃ¥ret 01.07.2013 - 30.06.2014. Ãrsregnskabet, der omfatter anvendt regnskabspraksis, resultatopgÃ¸relse, balance, egenkapitalopgÃ¸relse og noter, udarbejdes efter Ã¥rsregnskabsloven.",Ãrsrapporten er aflagt i overensstemmelse med Ã¥rsregnskabslovens bestemmelser for regnskabsklasse B med tilvalg af enkelte bestemmelser for regnskabsklasse C.,Ãrsrapport,"Ledelsesberetningen indeholder efter min opfattelse en retvisende redegÃ¸relse for de forhold, beretningen omhandler.",Ove NÃ¸rskov,Erling Kjeldgaard SÃ¸rensen,Erling Kjeldgaard SÃ¸rensen,Underskrivende revisor 1,Deloitte Statsautoriseret Revisionspartnerselskab,MÃ¸ldrup TÃ¸mrer- og Snedkerforretning ApS,Deloitte Statsautoriseret Revisionspartnerselskab,"Baseret pÃ¥ det udfÃ¸rte arbejde er det vores opfattelse, at Ã¥rsregnskabet giver et retvisende billede af selskabets aktiver, passiver og finansielle stilling pr. 30.06.2014 samt af resultatet af selskabets aktiviteter for regnskabsÃ¥ret 01.07.2013 - 30.06.2014 i overensstemmelse med Ã¥rsregnskabsloven.",,,MÃ¸ldrup,,-79314.0,,,,Ãrsrapporten indstilles til generalforsamlingens god kendelse.,Viborg,2014-06-30,2013-07-01,,15947.0,30104.0,Sted,2014-10-27,Aars,,"Ledelsen har ansvaret for udarbejdelsen af et Ã¥rsregnskab, der giver et retvisende billede i overensstemmelse med Ã¥rsregnskabsloven. Ledelsen har endvidere ansvaret for den interne kontrol, som ledelsen anser nÃ¸dvendig for at udarbejde et Ã¥rsregnskab uden vÃ¦sentlig fejlinformation, uanset om denne skyldes besvigelser eller fejl.","Vi har i henhold til Ã¥rsregnskabsloven gennemlÃ¦st ledelsesberetningen. Vi har ikke foretaget yderligere handlinger i tillÃ¦g til den udvidede gennemgang af Ã¥rsregnskabet.Det er pÃ¥ denne baggrund vores opfattelse, at oplysningerne i ledelsesberetningen er i overensstemmelse med Ã¥rsregnskabet.",,96 98 23 00,statsautoriseret revisor,ErklÃ¦ring om udvidet gennemgang,,urn:ofk:oid:13544115,indberetninger-20180424,2.5118417999999996,84060712.0,,2018-03-31T21:40:34.420Z,2014-11-13T23:00:00.000Z,regnskab,0.0,,2014-06-30,2013-07-01,14-276.340,2014-11-13T23:00:00.000Z,,,,,,,,,,,,,,,,,,,,,,,,,,,,,,,,,
84060712,2013-06-30,2013-06-30,I-2013-6-E,http://regnskaber.virk.dk/21706048/Y3ZyLmRrOi8vcGRmcy84NDA2MDcxMjtBcFMyOTk3OTsyMDEzMDcwMTsyMDE0MDYzMDtSO1I.pdf,http://regnskaber.virk.dk/21706048/Y3ZyLmRrOi8veGJybHMvWC00RUUxRTIwOC0yMDE0MTExM18xNDU0MzhfMjYx.xml,Denmark,Aars,9600.0,14.0,LÃ¸gstÃ¸rvej,MÃ¸ldrup,9632.0,6.0,Erhvervsvej,9600 Aars,LÃ¸gstÃ¸rvej Postboks 46,Til kapitalejerne i MÃ¸ldrup TÃ¸mrer- og Snedkerforretning ApS,,,Regnskabsklasse B,Ãrsrapporten aflÃ¦gges i overensstemmelse med Ã¥rsregnskabsloven.,"Det er min opfattelse, at Ã¥rsregnskabet giver et retvisende billede af virksomhedens aktiver, passiver og finansielle stilling pr. 30.06.2014 samt af resultatet af virksomhedens aktiviteter for regnskabsÃ¥ret 01.07.2013 - 30.06.2014.",2014-10-27,2014-11-12,2014-11-12,,statsautoriseret revisor,OrdinÃ¦re anparter,"2013/14 blev et utilfredsstillende Ã¥r for MÃ¸ldrup TÃ¸mrer- og Snedkerforretning ApS. Ãrets resultat blev pÃ¥ (43) t.kr, hvilket er en forbedring i forhold til sidste Ã¥r pÃ¥ 36 t.kr.",Af- og nedskrivninger af materielle anlÃ¦gsaktiver bestÃ¥r af regnskabsÃ¥rets af- og nedskrivninger opgjort ud fra henholdsvis de fastsatte restvÃ¦rdier og brugstider for de enkelte aktiver og gennemfÃ¸rte nedskrivningstest og af gevinster og tab ved salg af materielle anlÃ¦gsaktiver.,Likvide beholdninger omfatter kontante beholdninger og bankindestÃ¥ender.,"Vareforbrug omfatter regnskabsÃ¥rets vareforbrug mÃ¥lt til kostpris, reguleret for sÃ¦dvanlige lagernedskrivninger.","PeriodeafgrÃ¦nsningsposter indregnet under aktiver omfatter afholdte omkostninger, der vedrÃ¸rer efterfÃ¸lgende regnskabsÃ¥r. PeriodeafgrÃ¦nsningsposter mÃ¥les til kostpris.","Personaleomkostninger omfatter lÃ¸n og gager sÃ¥vel som omkostninger til social sikring, pensioner o.l. for virksomhedens medarbejdere.","Andre eksterne omkostninger omfatter omkostninger, der vedrÃ¸rer virksomhedens primÃ¦re aktiviteter, herunder lokaleomkostninger, kontorholdsomkostninger, salgsfremmende omkostninger mv. I posten indgÃ¥r endvidere nedskrivninger af tilgodehavender indregnet under omsÃ¦tningsaktiver.","Andre finansielle indtÃ¦gter bestÃ¥r af renteindtÃ¦gter, herunder renteindtÃ¦gter fra tilgodehavender hos tilknyttede virksomheder mv. Andre finansielle omkostninger bestÃ¥r af renteomkostninger, herunder renteomkostninger fra gÃ¦ld til tilknyttede virksomheder mv.","Bruttofortjeneste eller -tab omfatter nettoomsÃ¦tning, Ã¦ndring i lagre af fÃ¦rdigvarer og varer under fremstilling, andre driftsindtÃ¦gter, omkostninger til rÃ¥varer og hjÃ¦lpematerialer og eksterne omkostninger.","Andre finansielle forpligtelser mÃ¥les til amortiseret kostpris, der sÃ¦dvanligvis svarer til nominel vÃ¦rdi.","Tilgodehavender mÃ¥les til amortiseret kostpris, der sÃ¦dvanligvis svarer til nominel vÃ¦rdi, med fradrag af nedskrivninger til imÃ¸degÃ¥else af forventede tab.","NettoomsÃ¦tning ved salg af tjenesteydelser indregnes i resultatopgÃ¸relsen, nÃ¥r levering til kÃ¸ber har fundet sted. NettoomsÃ¦tning indregnes eksklusive moms, afgifter og rabatter i forbindelse med salget og mÃ¥les til dagsvÃ¦rdien af det fastsatte vederlag. IgangvÃ¦rende arbejder for fremmed regning indregnes i nettoomsÃ¦tningen, i takt med at produktionen udfÃ¸res, sÃ¥ledes at nettoomsÃ¦tningen svarer til salgsvÃ¦rdien af det i regnskabsÃ¥ret udfÃ¸rte arbejde (produktionsmetoden).","Ãrets skat, der bestÃ¥r af Ã¥rets aktuelle skat og Ã¦ndring af udskudt skat, indregnes i resultatopgÃ¸relsen med den del, der kan henfÃ¸res til Ã¥rets resultat, og direkte pÃ¥ egenkapitalen med den del, der kan henfÃ¸res til posteringer direkte pÃ¥ egenkapitalen. Selskabet er sambeskattet med moderselskabet. Den aktuelle danske selskabsskat fordeles mellem de sambeskattede virksomheder i forhold til disses skattepligtige indkom ster (fuld fordeling med refusion vedrÃ¸rende skattemÃ¦ssige underskud).",Selskabets aktivitet bestÃ¥r i tÃ¸mrer- og snedkerforretning.,"Der er fra balancedagen og frem til i dag ikke indtrÃ¥dt forhold, som forrykker vurderingen af Ã¥rsrapporten.",Ãrsregnskabet er aflagt efter samme regnskabspraksis som sidste Ã¥r.,"Selskabet indgÃ¥r i en dansk sambeskatning med Erling K. SÃ¸rensen Holding ApS som administrationsselskab. Selskabet hÃ¦fter derfor i henhold til selskabsskattelovens regler herom fra og med regnskabsÃ¥ret 2013 for indkomstskatter mv. for de sambeskattede selskaber og fra og med 1. juli 2012 ligeledes for eventuelle forpligtelser til at indeholde kildeskat pÃ¥ renter, royalties og udbytter for de sambeskattede selskaber.",Ingen.,erling.k.sÃ¸rensen@mail.dk,,,33963556.0,84060712.0,33963556.0,Direktionen har dags dato behandlet og godkendt Ã¥rsrapporten for regnskabsÃ¥ret 01.07.2013 - 30.06.2014 for MÃ¸ldrup TÃ¸mrer- og Snedkerforretning ApS .,"Vi har udfÃ¸rt udvidet gennemgang af Ã¥rsregnskabet for MÃ¸ldrup TÃ¸mrer- og Snedkerforretning ApS  for regnskabsÃ¥ret 01.07.2013 - 30.06.2014. Ãrsregnskabet, der omfatter anvendt regnskabspraksis, resultatopgÃ¸relse, balance, egenkapitalopgÃ¸relse og noter, udarbejdes efter Ã¥rsregnskabsloven.",Ãrsrapporten er aflagt i overensstemmelse med Ã¥rsregnskabslovens bestemmelser for regnskabsklasse B med tilvalg af enkelte bestemmelser for regnskabsklasse C.,Ãrsrapport,"Ledelsesberetningen indeholder efter min opfattelse en retvisende redegÃ¸relse for de forhold, beretningen omhandler.",Ove NÃ¸rskov,Erling Kjeldgaard SÃ¸rensen,Erling Kjeldgaard SÃ¸rensen,Underskrivende revisor 1,Deloitte Statsautoriseret Revisionspartnerselskab,MÃ¸ldrup TÃ¸mrer- og Snedkerforretning ApS,Deloitte Statsautoriseret Revisionspartnerselskab,"Baseret pÃ¥ det udfÃ¸rte arbejde er det vores opfattelse, at Ã¥rsregnskabet giver et retvisende billede af selskabets aktiver, passiver og finansielle stilling pr. 30.06.2014 samt af resultatet af selskabets aktiviteter for regnskabsÃ¥ret 01.07.2013 - 30.06.2014 i overensstemmelse med Ã¥rsregnskabsloven.",,,MÃ¸ldrup,,,,,,Ãrsrapporten indstilles til generalforsamlingens god kendelse.,Viborg,2014-06-30,2013-07-01,,15947.0,30104.0,Sted,2014-10-27,Aars,,"Ledelsen har ansvaret for udarbejdelsen af et Ã¥rsregnskab, der giver et retvisende billede i overensstemmelse med Ã¥rsregnskabsloven. Ledelsen har endvidere ansvaret for den interne kontrol, som ledelsen anser nÃ¸dvendig for at udarbejde et Ã¥rsregnskab uden vÃ¦sentlig fejlinformation, uanset om denne skyldes besvigelser eller fejl.","Vi har i henhold til Ã¥rsregnskabsloven gennemlÃ¦st ledelsesberetningen. Vi har ikke foretaget yderligere handlinger i tillÃ¦g til den udvidede gennemgang af Ã¥rsregnskabet.Det er pÃ¥ denne baggrund vores opfattelse, at oplysningerne i ledelsesberetningen er i overensstemmelse med Ã¥rsregnskabet.",,96 98 23 00,statsautoriseret revisor,ErklÃ¦ring om udvidet gennemgang,,urn:ofk:oid:13544115,indberetninger-20180424,2.5118417999999996,84060712.0,,2018-03-31T21:40:34.420Z,2014-11-13T23:00:00.000Z,regnskab,0.0,,2014-06-30,2013-07-01,14-276.340,2014-11-13T23:00:00.000Z,2695604.0,1000.0,137600.0,125000.0,853241.0,44644.0,1564074.0,456935.0,155839.0,1385428.0,2695604.0,823230.0,1842363.0,4720.0,332931.0,4720.0,1842363.0,308300.0,308300.0,155839.0,513459.0,925615.0,316208.0,823230.0,696402.0,158144.0,509438.0,,,,,,
84060712,2013-06-30,2013-06-30,I-2013-6-E-dim-ContributedCapitalMe,http://regnskaber.virk.dk/21706048/Y3ZyLmRrOi8vcGRmcy84NDA2MDcxMjtBcFMyOTk3OTsyMDEzMDcwMTsyMDE0MDYzMDtSO1I.pdf,http://regnskaber.virk.dk/21706048/Y3ZyLmRrOi8veGJybHMvWC00RUUxRTIwOC0yMDE0MTExM18xNDU0MzhfMjYx.xml,Denmark,Aars,9600.0,14.0,LÃ¸gstÃ¸rvej,MÃ¸ldrup,9632.0,6.0,Erhvervsvej,9600 Aars,LÃ¸gstÃ¸rvej Postboks 46,Til kapitalejerne i MÃ¸ldrup TÃ¸mrer- og Snedkerforretning ApS,,,Regnskabsklasse B,Ãrsrapporten aflÃ¦gges i overensstemmelse med Ã¥rsregnskabsloven.,"Det er min opfattelse, at Ã¥rsregnskabet giver et retvisende billede af virksomhedens aktiver, passiver og finansielle stilling pr. 30.06.2014 samt af resultatet af virksomhedens aktiviteter for regnskabsÃ¥ret 01.07.2013 - 30.06.2014.",2014-10-27,2014-11-12,2014-11-12,,statsautoriseret revisor,OrdinÃ¦re anparter,"2013/14 blev et utilfredsstillende Ã¥r for MÃ¸ldrup TÃ¸mrer- og Snedkerforretning ApS. Ãrets resultat blev pÃ¥ (43) t.kr, hvilket er en forbedring i forhold til sidste Ã¥r pÃ¥ 36 t.kr.",Af- og nedskrivninger af materielle anlÃ¦gsaktiver bestÃ¥r af regnskabsÃ¥rets af- og nedskrivninger opgjort ud fra henholdsvis de fastsatte restvÃ¦rdier og brugstider for de enkelte aktiver og gennemfÃ¸rte nedskrivningstest og af gevinster og tab ved salg af materielle anlÃ¦gsaktiver.,Likvide beholdninger omfatter kontante beholdninger og bankindestÃ¥ender.,"Vareforbrug omfatter regnskabsÃ¥rets vareforbrug mÃ¥lt til kostpris, reguleret for sÃ¦dvanlige lagernedskrivninger.","PeriodeafgrÃ¦nsningsposter indregnet under aktiver omfatter afholdte omkostninger, der vedrÃ¸rer efterfÃ¸lgende regnskabsÃ¥r. PeriodeafgrÃ¦nsningsposter mÃ¥les til kostpris.","Personaleomkostninger omfatter lÃ¸n og gager sÃ¥vel som omkostninger til social sikring, pensioner o.l. for virksomhedens medarbejdere.","Andre eksterne omkostninger omfatter omkostninger, der vedrÃ¸rer virksomhedens primÃ¦re aktiviteter, herunder lokaleomkostninger, kontorholdsomkostninger, salgsfremmende omkostninger mv. I posten indgÃ¥r endvidere nedskrivninger af tilgodehavender indregnet under omsÃ¦tningsaktiver.","Andre finansielle indtÃ¦gter bestÃ¥r af renteindtÃ¦gter, herunder renteindtÃ¦gter fra tilgodehavender hos tilknyttede virksomheder mv. Andre finansielle omkostninger bestÃ¥r af renteomkostninger, herunder renteomkostninger fra gÃ¦ld til tilknyttede virksomheder mv.","Bruttofortjeneste eller -tab omfatter nettoomsÃ¦tning, Ã¦ndring i lagre af fÃ¦rdigvarer og varer under fremstilling, andre driftsindtÃ¦gter, omkostninger til rÃ¥varer og hjÃ¦lpematerialer og eksterne omkostninger.","Andre finansielle forpligtelser mÃ¥les til amortiseret kostpris, der sÃ¦dvanligvis svarer til nominel vÃ¦rdi.","Tilgodehavender mÃ¥les til amortiseret kostpris, der sÃ¦dvanligvis svarer til nominel vÃ¦rdi, med fradrag af nedskrivninger til imÃ¸degÃ¥else af forventede tab.","NettoomsÃ¦tning ved salg af tjenesteydelser indregnes i resultatopgÃ¸relsen, nÃ¥r levering til kÃ¸ber har fundet sted. NettoomsÃ¦tning indregnes eksklusive moms, afgifter og rabatter i forbindelse med salget og mÃ¥les til dagsvÃ¦rdien af det fastsatte vederlag. IgangvÃ¦rende arbejder for fremmed regning indregnes i nettoomsÃ¦tningen, i takt med at produktionen udfÃ¸res, sÃ¥ledes at nettoomsÃ¦tningen svarer til salgsvÃ¦rdien af det i regnskabsÃ¥ret udfÃ¸rte arbejde (produktionsmetoden).","Ãrets skat, der bestÃ¥r af Ã¥rets aktuelle skat og Ã¦ndring af udskudt skat, indregnes i resultatopgÃ¸relsen med den del, der kan henfÃ¸res til Ã¥rets resultat, og direkte pÃ¥ egenkapitalen med den del, der kan henfÃ¸res til posteringer direkte pÃ¥ egenkapitalen. Selskabet er sambeskattet med moderselskabet. Den aktuelle danske selskabsskat fordeles mellem de sambeskattede virksomheder i forhold til disses skattepligtige indkom ster (fuld fordeling med refusion vedrÃ¸rende skattemÃ¦ssige underskud).",Selskabets aktivitet bestÃ¥r i tÃ¸mrer- og snedkerforretning.,"Der er fra balancedagen og frem til i dag ikke indtrÃ¥dt forhold, som forrykker vurderingen af Ã¥rsrapporten.",Ãrsregnskabet er aflagt efter samme regnskabspraksis som sidste Ã¥r.,"Selskabet indgÃ¥r i en dansk sambeskatning med Erling K. SÃ¸rensen Holding ApS som administrationsselskab. Selskabet hÃ¦fter derfor i henhold til selskabsskattelovens regler herom fra og med regnskabsÃ¥ret 2013 for indkomstskatter mv. for de sambeskattede selskaber og fra og med 1. juli 2012 ligeledes for eventuelle forpligtelser til at indeholde kildeskat pÃ¥ renter, royalties og udbytter for de sambeskattede selskaber.",Ingen.,erling.k.sÃ¸rensen@mail.dk,,,33963556.0,84060712.0,33963556.0,Direktionen har dags dato behandlet og godkendt Ã¥rsrapporten for regnskabsÃ¥ret 01.07.2013 - 30.06.2014 for MÃ¸ldrup TÃ¸mrer- og Snedkerforretning ApS .,"Vi har udfÃ¸rt udvidet gennemgang af Ã¥rsregnskabet for MÃ¸ldrup TÃ¸mrer- og Snedkerforretning ApS  for regnskabsÃ¥ret 01.07.2013 - 30.06.2014. Ãrsregnskabet, der omfatter anvendt regnskabspraksis, resultatopgÃ¸relse, balance, egenkapitalopgÃ¸relse og noter, udarbejdes efter Ã¥rsregnskabsloven.",Ãrsrapporten er aflagt i overensstemmelse med Ã¥rsregnskabslovens bestemmelser for regnskabsklasse B med tilvalg af enkelte bestemmelser for regnskabsklasse C.,Ãrsrapport,"Ledelsesberetningen indeholder efter min opfattelse en retvisende redegÃ¸relse for de forhold, beretningen omhandler.",Ove NÃ¸rskov,Erling Kjeldgaard SÃ¸rensen,Erling Kjeldgaard SÃ¸rensen,Underskrivende revisor 1,Deloitte Statsautoriseret Revisionspartnerselskab,MÃ¸ldrup TÃ¸mrer- og Snedkerforretning ApS,Deloitte Statsautoriseret Revisionspartnerselskab,"Baseret pÃ¥ det udfÃ¸rte arbejde er det vores opfattelse, at Ã¥rsregnskabet giver et retvisende billede af selskabets aktiver, passiver og finansielle stilling pr. 30.06.2014 samt af resultatet af selskabets aktiviteter for regnskabsÃ¥ret 01.07.2013 - 30.06.2014 i overensstemmelse med Ã¥rsregnskabsloven.",,,MÃ¸ldrup,,,,,,Ãrsrapporten indstilles til generalforsamlingens god kendelse.,Viborg,2014-06-30,2013-07-01,,15947.0,30104.0,Sted,2014-10-27,Aars,,"Ledelsen har ansvaret for udarbejdelsen af et Ã¥rsregnskab, der giver et retvisende billede i overensstemmelse med Ã¥rsregnskabsloven. Ledelsen har endvidere ansvaret for den interne kontrol, som ledelsen anser nÃ¸dvendig for at udarbejde et Ã¥rsregnskab uden vÃ¦sentlig fejlinformation, uanset om denne skyldes besvigelser eller fejl.","Vi har i henhold til Ã¥rsregnskabsloven gennemlÃ¦st ledelsesberetningen. Vi har ikke foretaget yderligere handlinger i tillÃ¦g til den udvidede gennemgang af Ã¥rsregnskabet.Det er pÃ¥ denne baggrund vores opfattelse, at oplysningerne i ledelsesberetningen er i overensstemmelse med Ã¥rsregnskabet.",,96 98 23 00,statsautoriseret revisor,ErklÃ¦ring om udvidet gennemgang,,urn:ofk:oid:13544115,indberetninger-20180424,2.5118417999999996,84060712.0,,2018-03-31T21:40:34.420Z,2014-11-13T23:00:00.000Z,regnskab,0.0,,2014-06-30,2013-07-01,14-276.340,2014-11-13T23:00:00.000Z,,,,,,,125000.0,,,,,,,,,,,,,,,,,,,,,,,,,,
84060712,2013-06-30,2013-06-30,I-2013-6-E-dim-FixturesFittingsTool,http://regnskaber.virk.dk/21706048/Y3ZyLmRrOi8vcGRmcy84NDA2MDcxMjtBcFMyOTk3OTsyMDEzMDcwMTsyMDE0MDYzMDtSO1I.pdf,http://regnskaber.virk.dk/21706048/Y3ZyLmRrOi8veGJybHMvWC00RUUxRTIwOC0yMDE0MTExM18xNDU0MzhfMjYx.xml,Denmark,Aars,9600.0,14.0,LÃ¸gstÃ¸rvej,MÃ¸ldrup,9632.0,6.0,Erhvervsvej,9600 Aars,LÃ¸gstÃ¸rvej Postboks 46,Til kapitalejerne i MÃ¸ldrup TÃ¸mrer- og Snedkerforretning ApS,,,Regnskabsklasse B,Ãrsrapporten aflÃ¦gges i overensstemmelse med Ã¥rsregnskabsloven.,"Det er min opfattelse, at Ã¥rsregnskabet giver et retvisende billede af virksomhedens aktiver, passiver og finansielle stilling pr. 30.06.2014 samt af resultatet af virksomhedens aktiviteter for regnskabsÃ¥ret 01.07.2013 - 30.06.2014.",2014-10-27,2014-11-12,2014-11-12,,statsautoriseret revisor,OrdinÃ¦re anparter,"2013/14 blev et utilfredsstillende Ã¥r for MÃ¸ldrup TÃ¸mrer- og Snedkerforretning ApS. Ãrets resultat blev pÃ¥ (43) t.kr, hvilket er en forbedring i forhold til sidste Ã¥r pÃ¥ 36 t.kr.",Af- og nedskrivninger af materielle anlÃ¦gsaktiver bestÃ¥r af regnskabsÃ¥rets af- og nedskrivninger opgjort ud fra henholdsvis de fastsatte restvÃ¦rdier og brugstider for de enkelte aktiver og gennemfÃ¸rte nedskrivningstest og af gevinster og tab ved salg af materielle anlÃ¦gsaktiver.,Likvide beholdninger omfatter kontante beholdninger og bankindestÃ¥ender.,"Vareforbrug omfatter regnskabsÃ¥rets vareforbrug mÃ¥lt til kostpris, reguleret for sÃ¦dvanlige lagernedskrivninger.","PeriodeafgrÃ¦nsningsposter indregnet under aktiver omfatter afholdte omkostninger, der vedrÃ¸rer efterfÃ¸lgende regnskabsÃ¥r. PeriodeafgrÃ¦nsningsposter mÃ¥les til kostpris.","Personaleomkostninger omfatter lÃ¸n og gager sÃ¥vel som omkostninger til social sikring, pensioner o.l. for virksomhedens medarbejdere.","Andre eksterne omkostninger omfatter omkostninger, der vedrÃ¸rer virksomhedens primÃ¦re aktiviteter, herunder lokaleomkostninger, kontorholdsomkostninger, salgsfremmende omkostninger mv. I posten indgÃ¥r endvidere nedskrivninger af tilgodehavender indregnet under omsÃ¦tningsaktiver.","Andre finansielle indtÃ¦gter bestÃ¥r af renteindtÃ¦gter, herunder renteindtÃ¦gter fra tilgodehavender hos tilknyttede virksomheder mv. Andre finansielle omkostninger bestÃ¥r af renteomkostninger, herunder renteomkostninger fra gÃ¦ld til tilknyttede virksomheder mv.","Bruttofortjeneste eller -tab omfatter nettoomsÃ¦tning, Ã¦ndring i lagre af fÃ¦rdigvarer og varer under fremstilling, andre driftsindtÃ¦gter, omkostninger til rÃ¥varer og hjÃ¦lpematerialer og eksterne omkostninger.","Andre finansielle forpligtelser mÃ¥les til amortiseret kostpris, der sÃ¦dvanligvis svarer til nominel vÃ¦rdi.","Tilgodehavender mÃ¥les til amortiseret kostpris, der sÃ¦dvanligvis svarer til nominel vÃ¦rdi, med fradrag af nedskrivninger til imÃ¸degÃ¥else af forventede tab.","NettoomsÃ¦tning ved salg af tjenesteydelser indregnes i resultatopgÃ¸relsen, nÃ¥r levering til kÃ¸ber har fundet sted. NettoomsÃ¦tning indregnes eksklusive moms, afgifter og rabatter i forbindelse med salget og mÃ¥les til dagsvÃ¦rdien af det fastsatte vederlag. IgangvÃ¦rende arbejder for fremmed regning indregnes i nettoomsÃ¦tningen, i takt med at produktionen udfÃ¸res, sÃ¥ledes at nettoomsÃ¦tningen svarer til salgsvÃ¦rdien af det i regnskabsÃ¥ret udfÃ¸rte arbejde (produktionsmetoden).","Ãrets skat, der bestÃ¥r af Ã¥rets aktuelle skat og Ã¦ndring af udskudt skat, indregnes i resultatopgÃ¸relsen med den del, der kan henfÃ¸res til Ã¥rets resultat, og direkte pÃ¥ egenkapitalen med den del, der kan henfÃ¸res til posteringer direkte pÃ¥ egenkapitalen. Selskabet er sambeskattet med moderselskabet. Den aktuelle danske selskabsskat fordeles mellem de sambeskattede virksomheder i forhold til disses skattepligtige indkom ster (fuld fordeling med refusion vedrÃ¸rende skattemÃ¦ssige underskud).",Selskabets aktivitet bestÃ¥r i tÃ¸mrer- og snedkerforretning.,"Der er fra balancedagen og frem til i dag ikke indtrÃ¥dt forhold, som forrykker vurderingen af Ã¥rsrapporten.",Ãrsregnskabet er aflagt efter samme regnskabspraksis som sidste Ã¥r.,"Selskabet indgÃ¥r i en dansk sambeskatning med Erling K. SÃ¸rensen Holding ApS som administrationsselskab. Selskabet hÃ¦fter derfor i henhold til selskabsskattelovens regler herom fra og med regnskabsÃ¥ret 2013 for indkomstskatter mv. for de sambeskattede selskaber og fra og med 1. juli 2012 ligeledes for eventuelle forpligtelser til at indeholde kildeskat pÃ¥ renter, royalties og udbytter for de sambeskattede selskaber.",Ingen.,erling.k.sÃ¸rensen@mail.dk,,,33963556.0,84060712.0,33963556.0,Direktionen har dags dato behandlet og godkendt Ã¥rsrapporten for regnskabsÃ¥ret 01.07.2013 - 30.06.2014 for MÃ¸ldrup TÃ¸mrer- og Snedkerforretning ApS .,"Vi har udfÃ¸rt udvidet gennemgang af Ã¥rsregnskabet for MÃ¸ldrup TÃ¸mrer- og Snedkerforretning ApS  for regnskabsÃ¥ret 01.07.2013 - 30.06.2014. Ãrsregnskabet, der omfatter anvendt regnskabspraksis, resultatopgÃ¸relse, balance, egenkapitalopgÃ¸relse og noter, udarbejdes efter Ã¥rsregnskabsloven.",Ãrsrapporten er aflagt i overensstemmelse med Ã¥rsregnskabslovens bestemmelser for regnskabsklasse B med tilvalg af enkelte bestemmelser for regnskabsklasse C.,Ãrsrapport,"Ledelsesberetningen indeholder efter min opfattelse en retvisende redegÃ¸relse for de forhold, beretningen omhandler.",Ove NÃ¸rskov,Erling Kjeldgaard SÃ¸rensen,Erling Kjeldgaard SÃ¸rensen,Underskrivende revisor 1,Deloitte Statsautoriseret Revisionspartnerselskab,MÃ¸ldrup TÃ¸mrer- og Snedkerforretning ApS,Deloitte Statsautoriseret Revisionspartnerselskab,"Baseret pÃ¥ det udfÃ¸rte arbejde er det vores opfattelse, at Ã¥rsregnskabet giver et retvisende billede af selskabets aktiver, passiver og finansielle stilling pr. 30.06.2014 samt af resultatet af selskabets aktiviteter for regnskabsÃ¥ret 01.07.2013 - 30.06.2014 i overensstemmelse med Ã¥rsregnskabsloven.",,,MÃ¸ldrup,,,,,,Ãrsrapporten indstilles til generalforsamlingens god kendelse.,Viborg,2014-06-30,2013-07-01,,15947.0,30104.0,Sted,2014-10-27,Aars,,"Ledelsen har ansvaret for udarbejdelsen af et Ã¥rsregnskab, der giver et retvisende billede i overensstemmelse med Ã¥rsregnskabsloven. Ledelsen har endvidere ansvaret for den interne kontrol, som ledelsen anser nÃ¸dvendig for at udarbejde et Ã¥rsregnskab uden vÃ¦sentlig fejlinformation, uanset om denne skyldes besvigelser eller fejl.","Vi har i henhold til Ã¥rsregnskabsloven gennemlÃ¦st ledelsesberetningen. Vi har ikke foretaget yderligere handlinger i tillÃ¦g til den udvidede gennemgang af Ã¥rsregnskabet.Det er pÃ¥ denne baggrund vores opfattelse, at oplysningerne i ledelsesberetningen er i overensstemmelse med Ã¥rsregnskabet.",,96 98 23 00,statsautoriseret revisor,ErklÃ¦ring om udvidet gennemgang,,urn:ofk:oid:13544115,indberetninger-20180424,2.5118417999999996,84060712.0,,2018-03-31T21:40:34.420Z,2014-11-13T23:00:00.000Z,regnskab,0.0,,2014-06-30,2013-07-01,14-276.340,2014-11-13T23:00:00.000Z,,,,,,,,,,,,,,,,,456935.0,,,,,,,,,,,-1083554.0,1540489.0,,,,
84060712,2013-06-30,2013-06-30,I-2013-6-E-dim-LandAndBuildingsMemb,http://regnskaber.virk.dk/21706048/Y3ZyLmRrOi8vcGRmcy84NDA2MDcxMjtBcFMyOTk3OTsyMDEzMDcwMTsyMDE0MDYzMDtSO1I.pdf,http://regnskaber.virk.dk/21706048/Y3ZyLmRrOi8veGJybHMvWC00RUUxRTIwOC0yMDE0MTExM18xNDU0MzhfMjYx.xml,Denmark,Aars,9600.0,14.0,LÃ¸gstÃ¸rvej,MÃ¸ldrup,9632.0,6.0,Erhvervsvej,9600 Aars,LÃ¸gstÃ¸rvej Postboks 46,Til kapitalejerne i MÃ¸ldrup TÃ¸mrer- og Snedkerforretning ApS,,,Regnskabsklasse B,Ãrsrapporten aflÃ¦gges i overensstemmelse med Ã¥rsregnskabsloven.,"Det er min opfattelse, at Ã¥rsregnskabet giver et retvisende billede af virksomhedens aktiver, passiver og finansielle stilling pr. 30.06.2014 samt af resultatet af virksomhedens aktiviteter for regnskabsÃ¥ret 01.07.2013 - 30.06.2014.",2014-10-27,2014-11-12,2014-11-12,,statsautoriseret revisor,OrdinÃ¦re anparter,"2013/14 blev et utilfredsstillende Ã¥r for MÃ¸ldrup TÃ¸mrer- og Snedkerforretning ApS. Ãrets resultat blev pÃ¥ (43) t.kr, hvilket er en forbedring i forhold til sidste Ã¥r pÃ¥ 36 t.kr.",Af- og nedskrivninger af materielle anlÃ¦gsaktiver bestÃ¥r af regnskabsÃ¥rets af- og nedskrivninger opgjort ud fra henholdsvis de fastsatte restvÃ¦rdier og brugstider for de enkelte aktiver og gennemfÃ¸rte nedskrivningstest og af gevinster og tab ved salg af materielle anlÃ¦gsaktiver.,Likvide beholdninger omfatter kontante beholdninger og bankindestÃ¥ender.,"Vareforbrug omfatter regnskabsÃ¥rets vareforbrug mÃ¥lt til kostpris, reguleret for sÃ¦dvanlige lagernedskrivninger.","PeriodeafgrÃ¦nsningsposter indregnet under aktiver omfatter afholdte omkostninger, der vedrÃ¸rer efterfÃ¸lgende regnskabsÃ¥r. PeriodeafgrÃ¦nsningsposter mÃ¥les til kostpris.","Personaleomkostninger omfatter lÃ¸n og gager sÃ¥vel som omkostninger til social sikring, pensioner o.l. for virksomhedens medarbejdere.","Andre eksterne omkostninger omfatter omkostninger, der vedrÃ¸rer virksomhedens primÃ¦re aktiviteter, herunder lokaleomkostninger, kontorholdsomkostninger, salgsfremmende omkostninger mv. I posten indgÃ¥r endvidere nedskrivninger af tilgodehavender indregnet under omsÃ¦tningsaktiver.","Andre finansielle indtÃ¦gter bestÃ¥r af renteindtÃ¦gter, herunder renteindtÃ¦gter fra tilgodehavender hos tilknyttede virksomheder mv. Andre finansielle omkostninger bestÃ¥r af renteomkostninger, herunder renteomkostninger fra gÃ¦ld til tilknyttede virksomheder mv.","Bruttofortjeneste eller -tab omfatter nettoomsÃ¦tning, Ã¦ndring i lagre af fÃ¦rdigvarer og varer under fremstilling, andre driftsindtÃ¦gter, omkostninger til rÃ¥varer og hjÃ¦lpematerialer og eksterne omkostninger.","Andre finansielle forpligtelser mÃ¥les til amortiseret kostpris, der sÃ¦dvanligvis svarer til nominel vÃ¦rdi.","Tilgodehavender mÃ¥les til amortiseret kostpris, der sÃ¦dvanligvis svarer til nominel vÃ¦rdi, med fradrag af nedskrivninger til imÃ¸degÃ¥else af forventede tab.","NettoomsÃ¦tning ved salg af tjenesteydelser indregnes i resultatopgÃ¸relsen, nÃ¥r levering til kÃ¸ber har fundet sted. NettoomsÃ¦tning indregnes eksklusive moms, afgifter og rabatter i forbindelse med salget og mÃ¥les til dagsvÃ¦rdien af det fastsatte vederlag. IgangvÃ¦rende arbejder for fremmed regning indregnes i nettoomsÃ¦tningen, i takt med at produktionen udfÃ¸res, sÃ¥ledes at nettoomsÃ¦tningen svarer til salgsvÃ¦rdien af det i regnskabsÃ¥ret udfÃ¸rte arbejde (produktionsmetoden).","Ãrets skat, der bestÃ¥r af Ã¥rets aktuelle skat og Ã¦ndring af udskudt skat, indregnes i resultatopgÃ¸relsen med den del, der kan henfÃ¸res til Ã¥rets resultat, og direkte pÃ¥ egenkapitalen med den del, der kan henfÃ¸res til posteringer direkte pÃ¥ egenkapitalen. Selskabet er sambeskattet med moderselskabet. Den aktuelle danske selskabsskat fordeles mellem de sambeskattede virksomheder i forhold til disses skattepligtige indkom ster (fuld fordeling med refusion vedrÃ¸rende skattemÃ¦ssige underskud).",Selskabets aktivitet bestÃ¥r i tÃ¸mrer- og snedkerforretning.,"Der er fra balancedagen og frem til i dag ikke indtrÃ¥dt forhold, som forrykker vurderingen af Ã¥rsrapporten.",Ãrsregnskabet er aflagt efter samme regnskabspraksis som sidste Ã¥r.,"Selskabet indgÃ¥r i en dansk sambeskatning med Erling K. SÃ¸rensen Holding ApS som administrationsselskab. Selskabet hÃ¦fter derfor i henhold til selskabsskattelovens regler herom fra og med regnskabsÃ¥ret 2013 for indkomstskatter mv. for de sambeskattede selskaber og fra og med 1. juli 2012 ligeledes for eventuelle forpligtelser til at indeholde kildeskat pÃ¥ renter, royalties og udbytter for de sambeskattede selskaber.",Ingen.,erling.k.sÃ¸rensen@mail.dk,,,33963556.0,84060712.0,33963556.0,Direktionen har dags dato behandlet og godkendt Ã¥rsrapporten for regnskabsÃ¥ret 01.07.2013 - 30.06.2014 for MÃ¸ldrup TÃ¸mrer- og Snedkerforretning ApS .,"Vi har udfÃ¸rt udvidet gennemgang af Ã¥rsregnskabet for MÃ¸ldrup TÃ¸mrer- og Snedkerforretning ApS  for regnskabsÃ¥ret 01.07.2013 - 30.06.2014. Ãrsregnskabet, der omfatter anvendt regnskabspraksis, resultatopgÃ¸relse, balance, egenkapitalopgÃ¸relse og noter, udarbejdes efter Ã¥rsregnskabsloven.",Ãrsrapporten er aflagt i overensstemmelse med Ã¥rsregnskabslovens bestemmelser for regnskabsklasse B med tilvalg af enkelte bestemmelser for regnskabsklasse C.,Ãrsrapport,"Ledelsesberetningen indeholder efter min opfattelse en retvisende redegÃ¸relse for de forhold, beretningen omhandler.",Ove NÃ¸rskov,Erling Kjeldgaard SÃ¸rensen,Erling Kjeldgaard SÃ¸rensen,Underskrivende revisor 1,Deloitte Statsautoriseret Revisionspartnerselskab,MÃ¸ldrup TÃ¸mrer- og Snedkerforretning ApS,Deloitte Statsautoriseret Revisionspartnerselskab,"Baseret pÃ¥ det udfÃ¸rte arbejde er det vores opfattelse, at Ã¥rsregnskabet giver et retvisende billede af selskabets aktiver, passiver og finansielle stilling pr. 30.06.2014 samt af resultatet af selskabets aktiviteter for regnskabsÃ¥ret 01.07.2013 - 30.06.2014 i overensstemmelse med Ã¥rsregnskabsloven.",,,MÃ¸ldrup,,,,,,Ãrsrapporten indstilles til generalforsamlingens god kendelse.,Viborg,2014-06-30,2013-07-01,,15947.0,30104.0,Sted,2014-10-27,Aars,,"Ledelsen har ansvaret for udarbejdelsen af et Ã¥rsregnskab, der giver et retvisende billede i overensstemmelse med Ã¥rsregnskabsloven. Ledelsen har endvidere ansvaret for den interne kontrol, som ledelsen anser nÃ¸dvendig for at udarbejde et Ã¥rsregnskab uden vÃ¦sentlig fejlinformation, uanset om denne skyldes besvigelser eller fejl.","Vi har i henhold til Ã¥rsregnskabsloven gennemlÃ¦st ledelsesberetningen. Vi har ikke foretaget yderligere handlinger i tillÃ¦g til den udvidede gennemgang af Ã¥rsregnskabet.Det er pÃ¥ denne baggrund vores opfattelse, at oplysningerne i ledelsesberetningen er i overensstemmelse med Ã¥rsregnskabet.",,96 98 23 00,statsautoriseret revisor,ErklÃ¦ring om udvidet gennemgang,,urn:ofk:oid:13544115,indberetninger-20180424,2.5118417999999996,84060712.0,,2018-03-31T21:40:34.420Z,2014-11-13T23:00:00.000Z,regnskab,0.0,,2014-06-30,2013-07-01,14-276.340,2014-11-13T23:00:00.000Z,,,,,,,,,,,,,,,,,1385428.0,,,,,,,,,,,-737175.0,937820.0,1184783.0,,,
84060712,2013-06-30,2013-06-30,I-2013-6-E-dim-RetainedEarningsMemb,http://regnskaber.virk.dk/21706048/Y3ZyLmRrOi8vcGRmcy84NDA2MDcxMjtBcFMyOTk3OTsyMDEzMDcwMTsyMDE0MDYzMDtSO1I.pdf,http://regnskaber.virk.dk/21706048/Y3ZyLmRrOi8veGJybHMvWC00RUUxRTIwOC0yMDE0MTExM18xNDU0MzhfMjYx.xml,Denmark,Aars,9600.0,14.0,LÃ¸gstÃ¸rvej,MÃ¸ldrup,9632.0,6.0,Erhvervsvej,9600 Aars,LÃ¸gstÃ¸rvej Postboks 46,Til kapitalejerne i MÃ¸ldrup TÃ¸mrer- og Snedkerforretning ApS,,,Regnskabsklasse B,Ãrsrapporten aflÃ¦gges i overensstemmelse med Ã¥rsregnskabsloven.,"Det er min opfattelse, at Ã¥rsregnskabet giver et retvisende billede af virksomhedens aktiver, passiver og finansielle stilling pr. 30.06.2014 samt af resultatet af virksomhedens aktiviteter for regnskabsÃ¥ret 01.07.2013 - 30.06.2014.",2014-10-27,2014-11-12,2014-11-12,,statsautoriseret revisor,OrdinÃ¦re anparter,"2013/14 blev et utilfredsstillende Ã¥r for MÃ¸ldrup TÃ¸mrer- og Snedkerforretning ApS. Ãrets resultat blev pÃ¥ (43) t.kr, hvilket er en forbedring i forhold til sidste Ã¥r pÃ¥ 36 t.kr.",Af- og nedskrivninger af materielle anlÃ¦gsaktiver bestÃ¥r af regnskabsÃ¥rets af- og nedskrivninger opgjort ud fra henholdsvis de fastsatte restvÃ¦rdier og brugstider for de enkelte aktiver og gennemfÃ¸rte nedskrivningstest og af gevinster og tab ved salg af materielle anlÃ¦gsaktiver.,Likvide beholdninger omfatter kontante beholdninger og bankindestÃ¥ender.,"Vareforbrug omfatter regnskabsÃ¥rets vareforbrug mÃ¥lt til kostpris, reguleret for sÃ¦dvanlige lagernedskrivninger.","PeriodeafgrÃ¦nsningsposter indregnet under aktiver omfatter afholdte omkostninger, der vedrÃ¸rer efterfÃ¸lgende regnskabsÃ¥r. PeriodeafgrÃ¦nsningsposter mÃ¥les til kostpris.","Personaleomkostninger omfatter lÃ¸n og gager sÃ¥vel som omkostninger til social sikring, pensioner o.l. for virksomhedens medarbejdere.","Andre eksterne omkostninger omfatter omkostninger, der vedrÃ¸rer virksomhedens primÃ¦re aktiviteter, herunder lokaleomkostninger, kontorholdsomkostninger, salgsfremmende omkostninger mv. I posten indgÃ¥r endvidere nedskrivninger af tilgodehavender indregnet under omsÃ¦tningsaktiver.","Andre finansielle indtÃ¦gter bestÃ¥r af renteindtÃ¦gter, herunder renteindtÃ¦gter fra tilgodehavender hos tilknyttede virksomheder mv. Andre finansielle omkostninger bestÃ¥r af renteomkostninger, herunder renteomkostninger fra gÃ¦ld til tilknyttede virksomheder mv.","Bruttofortjeneste eller -tab omfatter nettoomsÃ¦tning, Ã¦ndring i lagre af fÃ¦rdigvarer og varer under fremstilling, andre driftsindtÃ¦gter, omkostninger til rÃ¥varer og hjÃ¦lpematerialer og eksterne omkostninger.","Andre finansielle forpligtelser mÃ¥les til amortiseret kostpris, der sÃ¦dvanligvis svarer til nominel vÃ¦rdi.","Tilgodehavender mÃ¥les til amortiseret kostpris, der sÃ¦dvanligvis svarer til nominel vÃ¦rdi, med fradrag af nedskrivninger til imÃ¸degÃ¥else af forventede tab.","NettoomsÃ¦tning ved salg af tjenesteydelser indregnes i resultatopgÃ¸relsen, nÃ¥r levering til kÃ¸ber har fundet sted. NettoomsÃ¦tning indregnes eksklusive moms, afgifter og rabatter i forbindelse med salget og mÃ¥les til dagsvÃ¦rdien af det fastsatte vederlag. IgangvÃ¦rende arbejder for fremmed regning indregnes i nettoomsÃ¦tningen, i takt med at produktionen udfÃ¸res, sÃ¥ledes at nettoomsÃ¦tningen svarer til salgsvÃ¦rdien af det i regnskabsÃ¥ret udfÃ¸rte arbejde (produktionsmetoden).","Ãrets skat, der bestÃ¥r af Ã¥rets aktuelle skat og Ã¦ndring af udskudt skat, indregnes i resultatopgÃ¸relsen med den del, der kan henfÃ¸res til Ã¥rets resultat, og direkte pÃ¥ egenkapitalen med den del, der kan henfÃ¸res til posteringer direkte pÃ¥ egenkapitalen. Selskabet er sambeskattet med moderselskabet. Den aktuelle danske selskabsskat fordeles mellem de sambeskattede virksomheder i forhold til disses skattepligtige indkom ster (fuld fordeling med refusion vedrÃ¸rende skattemÃ¦ssige underskud).",Selskabets aktivitet bestÃ¥r i tÃ¸mrer- og snedkerforretning.,"Der er fra balancedagen og frem til i dag ikke indtrÃ¥dt forhold, som forrykker vurderingen af Ã¥rsrapporten.",Ãrsregnskabet er aflagt efter samme regnskabspraksis som sidste Ã¥r.,"Selskabet indgÃ¥r i en dansk sambeskatning med Erling K. SÃ¸rensen Holding ApS som administrationsselskab. Selskabet hÃ¦fter derfor i henhold til selskabsskattelovens regler herom fra og med regnskabsÃ¥ret 2013 for indkomstskatter mv. for de sambeskattede selskaber og fra og med 1. juli 2012 ligeledes for eventuelle forpligtelser til at indeholde kildeskat pÃ¥ renter, royalties og udbytter for de sambeskattede selskaber.",Ingen.,erling.k.sÃ¸rensen@mail.dk,,,33963556.0,84060712.0,33963556.0,Direktionen har dags dato behandlet og godkendt Ã¥rsrapporten for regnskabsÃ¥ret 01.07.2013 - 30.06.2014 for MÃ¸ldrup TÃ¸mrer- og Snedkerforretning ApS .,"Vi har udfÃ¸rt udvidet gennemgang af Ã¥rsregnskabet for MÃ¸ldrup TÃ¸mrer- og Snedkerforretning ApS  for regnskabsÃ¥ret 01.07.2013 - 30.06.2014. Ãrsregnskabet, der omfatter anvendt regnskabspraksis, resultatopgÃ¸relse, balance, egenkapitalopgÃ¸relse og noter, udarbejdes efter Ã¥rsregnskabsloven.",Ãrsrapporten er aflagt i overensstemmelse med Ã¥rsregnskabslovens bestemmelser for regnskabsklasse B med tilvalg af enkelte bestemmelser for regnskabsklasse C.,Ãrsrapport,"Ledelsesberetningen indeholder efter min opfattelse en retvisende redegÃ¸relse for de forhold, beretningen omhandler.",Ove NÃ¸rskov,Erling Kjeldgaard SÃ¸rensen,Erling Kjeldgaard SÃ¸rensen,Underskrivende revisor 1,Deloitte Statsautoriseret Revisionspartnerselskab,MÃ¸ldrup TÃ¸mrer- og Snedkerforretning ApS,Deloitte Statsautoriseret Revisionspartnerselskab,"Baseret pÃ¥ det udfÃ¸rte arbejde er det vores opfattelse, at Ã¥rsregnskabet giver et retvisende billede af selskabets aktiver, passiver og finansielle stilling pr. 30.06.2014 samt af resultatet af selskabets aktiviteter for regnskabsÃ¥ret 01.07.2013 - 30.06.2014 i overensstemmelse med Ã¥rsregnskabsloven.",,,MÃ¸ldrup,,,,,,Ãrsrapporten indstilles til generalforsamlingens god kendelse.,Viborg,2014-06-30,2013-07-01,,15947.0,30104.0,Sted,2014-10-27,Aars,,"Ledelsen har ansvaret for udarbejdelsen af et Ã¥rsregnskab, der giver et retvisende billede i overensstemmelse med Ã¥rsregnskabsloven. Ledelsen har endvidere ansvaret for den interne kontrol, som ledelsen anser nÃ¸dvendig for at udarbejde et Ã¥rsregnskab uden vÃ¦sentlig fejlinformation, uanset om denne skyldes besvigelser eller fejl.","Vi har i henhold til Ã¥rsregnskabsloven gennemlÃ¦st ledelsesberetningen. Vi har ikke foretaget yderligere handlinger i tillÃ¦g til den udvidede gennemgang af Ã¥rsregnskabet.Det er pÃ¥ denne baggrund vores opfattelse, at oplysningerne i ledelsesberetningen er i overensstemmelse med Ã¥rsregnskabet.",,96 98 23 00,statsautoriseret revisor,ErklÃ¦ring om udvidet gennemgang,,urn:ofk:oid:13544115,indberetninger-20180424,2.5118417999999996,84060712.0,,2018-03-31T21:40:34.420Z,2014-11-13T23:00:00.000Z,regnskab,0.0,,2014-06-30,2013-07-01,14-276.340,2014-11-13T23:00:00.000Z,,,,,,,513459.0,,,,,,,,,,,,,,,,,,,,,,,,,,
84060712,2013-06-30,2013-06-30,I-2013-6-E-dim-RevaluationReserveMe,http://regnskaber.virk.dk/21706048/Y3ZyLmRrOi8vcGRmcy84NDA2MDcxMjtBcFMyOTk3OTsyMDEzMDcwMTsyMDE0MDYzMDtSO1I.pdf,http://regnskaber.virk.dk/21706048/Y3ZyLmRrOi8veGJybHMvWC00RUUxRTIwOC0yMDE0MTExM18xNDU0MzhfMjYx.xml,Denmark,Aars,9600.0,14.0,LÃ¸gstÃ¸rvej,MÃ¸ldrup,9632.0,6.0,Erhvervsvej,9600 Aars,LÃ¸gstÃ¸rvej Postboks 46,Til kapitalejerne i MÃ¸ldrup TÃ¸mrer- og Snedkerforretning ApS,,,Regnskabsklasse B,Ãrsrapporten aflÃ¦gges i overensstemmelse med Ã¥rsregnskabsloven.,"Det er min opfattelse, at Ã¥rsregnskabet giver et retvisende billede af virksomhedens aktiver, passiver og finansielle stilling pr. 30.06.2014 samt af resultatet af virksomhedens aktiviteter for regnskabsÃ¥ret 01.07.2013 - 30.06.2014.",2014-10-27,2014-11-12,2014-11-12,,statsautoriseret revisor,OrdinÃ¦re anparter,"2013/14 blev et utilfredsstillende Ã¥r for MÃ¸ldrup TÃ¸mrer- og Snedkerforretning ApS. Ãrets resultat blev pÃ¥ (43) t.kr, hvilket er en forbedring i forhold til sidste Ã¥r pÃ¥ 36 t.kr.",Af- og nedskrivninger af materielle anlÃ¦gsaktiver bestÃ¥r af regnskabsÃ¥rets af- og nedskrivninger opgjort ud fra henholdsvis de fastsatte restvÃ¦rdier og brugstider for de enkelte aktiver og gennemfÃ¸rte nedskrivningstest og af gevinster og tab ved salg af materielle anlÃ¦gsaktiver.,Likvide beholdninger omfatter kontante beholdninger og bankindestÃ¥ender.,"Vareforbrug omfatter regnskabsÃ¥rets vareforbrug mÃ¥lt til kostpris, reguleret for sÃ¦dvanlige lagernedskrivninger.","PeriodeafgrÃ¦nsningsposter indregnet under aktiver omfatter afholdte omkostninger, der vedrÃ¸rer efterfÃ¸lgende regnskabsÃ¥r. PeriodeafgrÃ¦nsningsposter mÃ¥les til kostpris.","Personaleomkostninger omfatter lÃ¸n og gager sÃ¥vel som omkostninger til social sikring, pensioner o.l. for virksomhedens medarbejdere.","Andre eksterne omkostninger omfatter omkostninger, der vedrÃ¸rer virksomhedens primÃ¦re aktiviteter, herunder lokaleomkostninger, kontorholdsomkostninger, salgsfremmende omkostninger mv. I posten indgÃ¥r endvidere nedskrivninger af tilgodehavender indregnet under omsÃ¦tningsaktiver.","Andre finansielle indtÃ¦gter bestÃ¥r af renteindtÃ¦gter, herunder renteindtÃ¦gter fra tilgodehavender hos tilknyttede virksomheder mv. Andre finansielle omkostninger bestÃ¥r af renteomkostninger, herunder renteomkostninger fra gÃ¦ld til tilknyttede virksomheder mv.","Bruttofortjeneste eller -tab omfatter nettoomsÃ¦tning, Ã¦ndring i lagre af fÃ¦rdigvarer og varer under fremstilling, andre driftsindtÃ¦gter, omkostninger til rÃ¥varer og hjÃ¦lpematerialer og eksterne omkostninger.","Andre finansielle forpligtelser mÃ¥les til amortiseret kostpris, der sÃ¦dvanligvis svarer til nominel vÃ¦rdi.","Tilgodehavender mÃ¥les til amortiseret kostpris, der sÃ¦dvanligvis svarer til nominel vÃ¦rdi, med fradrag af nedskrivninger til imÃ¸degÃ¥else af forventede tab.","NettoomsÃ¦tning ved salg af tjenesteydelser indregnes i resultatopgÃ¸relsen, nÃ¥r levering til kÃ¸ber har fundet sted. NettoomsÃ¦tning indregnes eksklusive moms, afgifter og rabatter i forbindelse med salget og mÃ¥les til dagsvÃ¦rdien af det fastsatte vederlag. IgangvÃ¦rende arbejder for fremmed regning indregnes i nettoomsÃ¦tningen, i takt med at produktionen udfÃ¸res, sÃ¥ledes at nettoomsÃ¦tningen svarer til salgsvÃ¦rdien af det i regnskabsÃ¥ret udfÃ¸rte arbejde (produktionsmetoden).","Ãrets skat, der bestÃ¥r af Ã¥rets aktuelle skat og Ã¦ndring af udskudt skat, indregnes i resultatopgÃ¸relsen med den del, der kan henfÃ¸res til Ã¥rets resultat, og direkte pÃ¥ egenkapitalen med den del, der kan henfÃ¸res til posteringer direkte pÃ¥ egenkapitalen. Selskabet er sambeskattet med moderselskabet. Den aktuelle danske selskabsskat fordeles mellem de sambeskattede virksomheder i forhold til disses skattepligtige indkom ster (fuld fordeling med refusion vedrÃ¸rende skattemÃ¦ssige underskud).",Selskabets aktivitet bestÃ¥r i tÃ¸mrer- og snedkerforretning.,"Der er fra balancedagen og frem til i dag ikke indtrÃ¥dt forhold, som forrykker vurderingen af Ã¥rsrapporten.",Ãrsregnskabet er aflagt efter samme regnskabspraksis som sidste Ã¥r.,"Selskabet indgÃ¥r i en dansk sambeskatning med Erling K. SÃ¸rensen Holding ApS som administrationsselskab. Selskabet hÃ¦fter derfor i henhold til selskabsskattelovens regler herom fra og med regnskabsÃ¥ret 2013 for indkomstskatter mv. for de sambeskattede selskaber og fra og med 1. juli 2012 ligeledes for eventuelle forpligtelser til at indeholde kildeskat pÃ¥ renter, royalties og udbytter for de sambeskattede selskaber.",Ingen.,erling.k.sÃ¸rensen@mail.dk,,,33963556.0,84060712.0,33963556.0,Direktionen har dags dato behandlet og godkendt Ã¥rsrapporten for regnskabsÃ¥ret 01.07.2013 - 30.06.2014 for MÃ¸ldrup TÃ¸mrer- og Snedkerforretning ApS .,"Vi har udfÃ¸rt udvidet gennemgang af Ã¥rsregnskabet for MÃ¸ldrup TÃ¸mrer- og Snedkerforretning ApS  for regnskabsÃ¥ret 01.07.2013 - 30.06.2014. Ãrsregnskabet, der omfatter anvendt regnskabspraksis, resultatopgÃ¸relse, balance, egenkapitalopgÃ¸relse og noter, udarbejdes efter Ã¥rsregnskabsloven.",Ãrsrapporten er aflagt i overensstemmelse med Ã¥rsregnskabslovens bestemmelser for regnskabsklasse B med tilvalg af enkelte bestemmelser for regnskabsklasse C.,Ãrsrapport,"Ledelsesberetningen indeholder efter min opfattelse en retvisende redegÃ¸relse for de forhold, beretningen omhandler.",Ove NÃ¸rskov,Erling Kjeldgaard SÃ¸rensen,Erling Kjeldgaard SÃ¸rensen,Underskrivende revisor 1,Deloitte Statsautoriseret Revisionspartnerselskab,MÃ¸ldrup TÃ¸mrer- og Snedkerforretning ApS,Deloitte Statsautoriseret Revisionspartnerselskab,"Baseret pÃ¥ det udfÃ¸rte arbejde er det vores opfattelse, at Ã¥rsregnskabet giver et retvisende billede af selskabets aktiver, passiver og finansielle stilling pr. 30.06.2014 samt af resultatet af selskabets aktiviteter for regnskabsÃ¥ret 01.07.2013 - 30.06.2014 i overensstemmelse med Ã¥rsregnskabsloven.",,,MÃ¸ldrup,,,,,,Ãrsrapporten indstilles til generalforsamlingens god kendelse.,Viborg,2014-06-30,2013-07-01,,15947.0,30104.0,Sted,2014-10-27,Aars,,"Ledelsen har ansvaret for udarbejdelsen af et Ã¥rsregnskab, der giver et retvisende billede i overensstemmelse med Ã¥rsregnskabsloven. Ledelsen har endvidere ansvaret for den interne kontrol, som ledelsen anser nÃ¸dvendig for at udarbejde et Ã¥rsregnskab uden vÃ¦sentlig fejlinformation, uanset om denne skyldes besvigelser eller fejl.","Vi har i henhold til Ã¥rsregnskabsloven gennemlÃ¦st ledelsesberetningen. Vi har ikke foretaget yderligere handlinger i tillÃ¦g til den udvidede gennemgang af Ã¥rsregnskabet.Det er pÃ¥ denne baggrund vores opfattelse, at oplysningerne i ledelsesberetningen er i overensstemmelse med Ã¥rsregnskabet.",,96 98 23 00,statsautoriseret revisor,ErklÃ¦ring om udvidet gennemgang,,urn:ofk:oid:13544115,indberetninger-20180424,2.5118417999999996,84060712.0,,2018-03-31T21:40:34.420Z,2014-11-13T23:00:00.000Z,regnskab,0.0,,2014-06-30,2013-07-01,14-276.340,2014-11-13T23:00:00.000Z,,,,,,,925615.0,,,,,,,,,,,,,,,,,,,,,,,,,,
84060712,2013-07-01,2014-06-30,D-2013M7-2014M6,http://regnskaber.virk.dk/21706048/Y3ZyLmRrOi8vcGRmcy84NDA2MDcxMjtBcFMyOTk3OTsyMDEzMDcwMTsyMDE0MDYzMDtSO1I.pdf,http://regnskaber.virk.dk/21706048/Y3ZyLmRrOi8veGJybHMvWC00RUUxRTIwOC0yMDE0MTExM18xNDU0MzhfMjYx.xml,Denmark,Aars,9600.0,14.0,LÃ¸gstÃ¸rvej,MÃ¸ldrup,9632.0,6.0,Erhvervsvej,9600 Aars,LÃ¸gstÃ¸rvej Postboks 46,Til kapitalejerne i MÃ¸ldrup TÃ¸mrer- og Snedkerforretning ApS,39180.0,-21180.0,Regnskabsklasse B,Ãrsrapporten aflÃ¦gges i overensstemmelse med Ã¥rsregnskabsloven.,"Det er min opfattelse, at Ã¥rsregnskabet giver et retvisende billede af virksomhedens aktiver, passiver og finansielle stilling pr. 30.06.2014 samt af resultatet af virksomhedens aktiviteter for regnskabsÃ¥ret 01.07.2013 - 30.06.2014.",2014-10-27,2014-11-12,2014-11-12,146186.0,statsautoriseret revisor,OrdinÃ¦re anparter,"2013/14 blev et utilfredsstillende Ã¥r for MÃ¸ldrup TÃ¸mrer- og Snedkerforretning ApS. Ãrets resultat blev pÃ¥ (43) t.kr, hvilket er en forbedring i forhold til sidste Ã¥r pÃ¥ 36 t.kr.",Af- og nedskrivninger af materielle anlÃ¦gsaktiver bestÃ¥r af regnskabsÃ¥rets af- og nedskrivninger opgjort ud fra henholdsvis de fastsatte restvÃ¦rdier og brugstider for de enkelte aktiver og gennemfÃ¸rte nedskrivningstest og af gevinster og tab ved salg af materielle anlÃ¦gsaktiver.,Likvide beholdninger omfatter kontante beholdninger og bankindestÃ¥ender.,"Vareforbrug omfatter regnskabsÃ¥rets vareforbrug mÃ¥lt til kostpris, reguleret for sÃ¦dvanlige lagernedskrivninger.","PeriodeafgrÃ¦nsningsposter indregnet under aktiver omfatter afholdte omkostninger, der vedrÃ¸rer efterfÃ¸lgende regnskabsÃ¥r. PeriodeafgrÃ¦nsningsposter mÃ¥les til kostpris.","Personaleomkostninger omfatter lÃ¸n og gager sÃ¥vel som omkostninger til social sikring, pensioner o.l. for virksomhedens medarbejdere.","Andre eksterne omkostninger omfatter omkostninger, der vedrÃ¸rer virksomhedens primÃ¦re aktiviteter, herunder lokaleomkostninger, kontorholdsomkostninger, salgsfremmende omkostninger mv. I posten indgÃ¥r endvidere nedskrivninger af tilgodehavender indregnet under omsÃ¦tningsaktiver.","Andre finansielle indtÃ¦gter bestÃ¥r af renteindtÃ¦gter, herunder renteindtÃ¦gter fra tilgodehavender hos tilknyttede virksomheder mv. Andre finansielle omkostninger bestÃ¥r af renteomkostninger, herunder renteomkostninger fra gÃ¦ld til tilknyttede virksomheder mv.","Bruttofortjeneste eller -tab omfatter nettoomsÃ¦tning, Ã¦ndring i lagre af fÃ¦rdigvarer og varer under fremstilling, andre driftsindtÃ¦gter, omkostninger til rÃ¥varer og hjÃ¦lpematerialer og eksterne omkostninger.","Andre finansielle forpligtelser mÃ¥les til amortiseret kostpris, der sÃ¦dvanligvis svarer til nominel vÃ¦rdi.","Tilgodehavender mÃ¥les til amortiseret kostpris, der sÃ¦dvanligvis svarer til nominel vÃ¦rdi, med fradrag af nedskrivninger til imÃ¸degÃ¥else af forventede tab.","NettoomsÃ¦tning ved salg af tjenesteydelser indregnes i resultatopgÃ¸relsen, nÃ¥r levering til kÃ¸ber har fundet sted. NettoomsÃ¦tning indregnes eksklusive moms, afgifter og rabatter i forbindelse med salget og mÃ¥les til dagsvÃ¦rdien af det fastsatte vederlag. IgangvÃ¦rende arbejder for fremmed regning indregnes i nettoomsÃ¦tningen, i takt med at produktionen udfÃ¸res, sÃ¥ledes at nettoomsÃ¦tningen svarer til salgsvÃ¦rdien af det i regnskabsÃ¥ret udfÃ¸rte arbejde (produktionsmetoden).","Ãrets skat, der bestÃ¥r af Ã¥rets aktuelle skat og Ã¦ndring af udskudt skat, indregnes i resultatopgÃ¸relsen med den del, der kan henfÃ¸res til Ã¥rets resultat, og direkte pÃ¥ egenkapitalen med den del, der kan henfÃ¸res til posteringer direkte pÃ¥ egenkapitalen. Selskabet er sambeskattet med moderselskabet. Den aktuelle danske selskabsskat fordeles mellem de sambeskattede virksomheder i forhold til disses skattepligtige indkom ster (fuld fordeling med refusion vedrÃ¸rende skattemÃ¦ssige underskud).",Selskabets aktivitet bestÃ¥r i tÃ¸mrer- og snedkerforretning.,"Der er fra balancedagen og frem til i dag ikke indtrÃ¥dt forhold, som forrykker vurderingen af Ã¥rsrapporten.",Ãrsregnskabet er aflagt efter samme regnskabspraksis som sidste Ã¥r.,"Selskabet indgÃ¥r i en dansk sambeskatning med Erling K. SÃ¸rensen Holding ApS som administrationsselskab. Selskabet hÃ¦fter derfor i henhold til selskabsskattelovens regler herom fra og med regnskabsÃ¥ret 2013 for indkomstskatter mv. for de sambeskattede selskaber og fra og med 1. juli 2012 ligeledes for eventuelle forpligtelser til at indeholde kildeskat pÃ¥ renter, royalties og udbytter for de sambeskattede selskaber.",Ingen.,erling.k.sÃ¸rensen@mail.dk,926332.0,1011938.0,33963556.0,84060712.0,33963556.0,Direktionen har dags dato behandlet og godkendt Ã¥rsrapporten for regnskabsÃ¥ret 01.07.2013 - 30.06.2014 for MÃ¸ldrup TÃ¸mrer- og Snedkerforretning ApS .,"Vi har udfÃ¸rt udvidet gennemgang af Ã¥rsregnskabet for MÃ¸ldrup TÃ¸mrer- og Snedkerforretning ApS  for regnskabsÃ¥ret 01.07.2013 - 30.06.2014. Ãrsregnskabet, der omfatter anvendt regnskabspraksis, resultatopgÃ¸relse, balance, egenkapitalopgÃ¸relse og noter, udarbejdes efter Ã¥rsregnskabsloven.",Ãrsrapporten er aflagt i overensstemmelse med Ã¥rsregnskabslovens bestemmelser for regnskabsklasse B med tilvalg af enkelte bestemmelser for regnskabsklasse C.,Ãrsrapport,"Ledelsesberetningen indeholder efter min opfattelse en retvisende redegÃ¸relse for de forhold, beretningen omhandler.",Ove NÃ¸rskov,Erling Kjeldgaard SÃ¸rensen,Erling Kjeldgaard SÃ¸rensen,Underskrivende revisor 1,Deloitte Statsautoriseret Revisionspartnerselskab,MÃ¸ldrup TÃ¸mrer- og Snedkerforretning ApS,Deloitte Statsautoriseret Revisionspartnerselskab,"Baseret pÃ¥ det udfÃ¸rte arbejde er det vores opfattelse, at Ã¥rsregnskabet giver et retvisende billede af selskabets aktiver, passiver og finansielle stilling pr. 30.06.2014 samt af resultatet af selskabets aktiviteter for regnskabsÃ¥ret 01.07.2013 - 30.06.2014 i overensstemmelse med Ã¥rsregnskabsloven.",18688.0,9756.0,MÃ¸ldrup,98551.0,-42837.0,-42837.0,-60837.0,-60580.0,Ãrsrapporten indstilles til generalforsamlingens god kendelse.,Viborg,2014-06-30,2013-07-01,10013.0,15947.0,30104.0,Sted,2014-10-27,Aars,-73275.0,"Ledelsen har ansvaret for udarbejdelsen af et Ã¥rsregnskab, der giver et retvisende billede i overensstemmelse med Ã¥rsregnskabsloven. Ledelsen har endvidere ansvaret for den interne kontrol, som ledelsen anser nÃ¸dvendig for at udarbejde et Ã¥rsregnskab uden vÃ¦sentlig fejlinformation, uanset om denne skyldes besvigelser eller fejl.","Vi har i henhold til Ã¥rsregnskabsloven gennemlÃ¦st ledelsesberetningen. Vi har ikke foretaget yderligere handlinger i tillÃ¦g til den udvidede gennemgang af Ã¥rsregnskabet.Det er pÃ¥ denne baggrund vores opfattelse, at oplysningerne i ledelsesberetningen er i overensstemmelse med Ã¥rsregnskabet.",18000.0,96 98 23 00,statsautoriseret revisor,ErklÃ¦ring om udvidet gennemgang,882368.0,urn:ofk:oid:13544115,indberetninger-20180424,2.5118417999999996,84060712.0,,2018-03-31T21:40:34.420Z,2014-11-13T23:00:00.000Z,regnskab,0.0,,2014-06-30,2013-07-01,14-276.340,2014-11-13T23:00:00.000Z,,,,,,,,,,,,,,,,,,,,,,,,,,,,,,,146186.0,,
84060712,2013-07-01,2014-06-30,D-2013M7-2014M6-dim-Direktionsmedlem1,http://regnskaber.virk.dk/21706048/Y3ZyLmRrOi8vcGRmcy84NDA2MDcxMjtBcFMyOTk3OTsyMDEzMDcwMTsyMDE0MDYzMDtSO1I.pdf,http://regnskaber.virk.dk/21706048/Y3ZyLmRrOi8veGJybHMvWC00RUUxRTIwOC0yMDE0MTExM18xNDU0MzhfMjYx.xml,Denmark,Aars,9600.0,14.0,LÃ¸gstÃ¸rvej,MÃ¸ldrup,9632.0,6.0,Erhvervsvej,9600 Aars,LÃ¸gstÃ¸rvej Postboks 46,Til kapitalejerne i MÃ¸ldrup TÃ¸mrer- og Snedkerforretning ApS,,,Regnskabsklasse B,Ãrsrapporten aflÃ¦gges i overensstemmelse med Ã¥rsregnskabsloven.,"Det er min opfattelse, at Ã¥rsregnskabet giver et retvisende billede af virksomhedens aktiver, passiver og finansielle stilling pr. 30.06.2014 samt af resultatet af virksomhedens aktiviteter for regnskabsÃ¥ret 01.07.2013 - 30.06.2014.",2014-10-27,2014-11-12,2014-11-12,,statsautoriseret revisor,OrdinÃ¦re anparter,"2013/14 blev et utilfredsstillende Ã¥r for MÃ¸ldrup TÃ¸mrer- og Snedkerforretning ApS. Ãrets resultat blev pÃ¥ (43) t.kr, hvilket er en forbedring i forhold til sidste Ã¥r pÃ¥ 36 t.kr.",Af- og nedskrivninger af materielle anlÃ¦gsaktiver bestÃ¥r af regnskabsÃ¥rets af- og nedskrivninger opgjort ud fra henholdsvis de fastsatte restvÃ¦rdier og brugstider for de enkelte aktiver og gennemfÃ¸rte nedskrivningstest og af gevinster og tab ved salg af materielle anlÃ¦gsaktiver.,Likvide beholdninger omfatter kontante beholdninger og bankindestÃ¥ender.,"Vareforbrug omfatter regnskabsÃ¥rets vareforbrug mÃ¥lt til kostpris, reguleret for sÃ¦dvanlige lagernedskrivninger.","PeriodeafgrÃ¦nsningsposter indregnet under aktiver omfatter afholdte omkostninger, der vedrÃ¸rer efterfÃ¸lgende regnskabsÃ¥r. PeriodeafgrÃ¦nsningsposter mÃ¥les til kostpris.","Personaleomkostninger omfatter lÃ¸n og gager sÃ¥vel som omkostninger til social sikring, pensioner o.l. for virksomhedens medarbejdere.","Andre eksterne omkostninger omfatter omkostninger, der vedrÃ¸rer virksomhedens primÃ¦re aktiviteter, herunder lokaleomkostninger, kontorholdsomkostninger, salgsfremmende omkostninger mv. I posten indgÃ¥r endvidere nedskrivninger af tilgodehavender indregnet under omsÃ¦tningsaktiver.","Andre finansielle indtÃ¦gter bestÃ¥r af renteindtÃ¦gter, herunder renteindtÃ¦gter fra tilgodehavender hos tilknyttede virksomheder mv. Andre finansielle omkostninger bestÃ¥r af renteomkostninger, herunder renteomkostninger fra gÃ¦ld til tilknyttede virksomheder mv.","Bruttofortjeneste eller -tab omfatter nettoomsÃ¦tning, Ã¦ndring i lagre af fÃ¦rdigvarer og varer under fremstilling, andre driftsindtÃ¦gter, omkostninger til rÃ¥varer og hjÃ¦lpematerialer og eksterne omkostninger.","Andre finansielle forpligtelser mÃ¥les til amortiseret kostpris, der sÃ¦dvanligvis svarer til nominel vÃ¦rdi.","Tilgodehavender mÃ¥les til amortiseret kostpris, der sÃ¦dvanligvis svarer til nominel vÃ¦rdi, med fradrag af nedskrivninger til imÃ¸degÃ¥else af forventede tab.","NettoomsÃ¦tning ved salg af tjenesteydelser indregnes i resultatopgÃ¸relsen, nÃ¥r levering til kÃ¸ber har fundet sted. NettoomsÃ¦tning indregnes eksklusive moms, afgifter og rabatter i forbindelse med salget og mÃ¥les til dagsvÃ¦rdien af det fastsatte vederlag. IgangvÃ¦rende arbejder for fremmed regning indregnes i nettoomsÃ¦tningen, i takt med at produktionen udfÃ¸res, sÃ¥ledes at nettoomsÃ¦tningen svarer til salgsvÃ¦rdien af det i regnskabsÃ¥ret udfÃ¸rte arbejde (produktionsmetoden).","Ãrets skat, der bestÃ¥r af Ã¥rets aktuelle skat og Ã¦ndring af udskudt skat, indregnes i resultatopgÃ¸relsen med den del, der kan henfÃ¸res til Ã¥rets resultat, og direkte pÃ¥ egenkapitalen med den del, der kan henfÃ¸res til posteringer direkte pÃ¥ egenkapitalen. Selskabet er sambeskattet med moderselskabet. Den aktuelle danske selskabsskat fordeles mellem de sambeskattede virksomheder i forhold til disses skattepligtige indkom ster (fuld fordeling med refusion vedrÃ¸rende skattemÃ¦ssige underskud).",Selskabets aktivitet bestÃ¥r i tÃ¸mrer- og snedkerforretning.,"Der er fra balancedagen og frem til i dag ikke indtrÃ¥dt forhold, som forrykker vurderingen af Ã¥rsrapporten.",Ãrsregnskabet er aflagt efter samme regnskabspraksis som sidste Ã¥r.,"Selskabet indgÃ¥r i en dansk sambeskatning med Erling K. SÃ¸rensen Holding ApS som administrationsselskab. Selskabet hÃ¦fter derfor i henhold til selskabsskattelovens regler herom fra og med regnskabsÃ¥ret 2013 for indkomstskatter mv. for de sambeskattede selskaber og fra og med 1. juli 2012 ligeledes for eventuelle forpligtelser til at indeholde kildeskat pÃ¥ renter, royalties og udbytter for de sambeskattede selskaber.",Ingen.,erling.k.sÃ¸rensen@mail.dk,,,33963556.0,84060712.0,33963556.0,Direktionen har dags dato behandlet og godkendt Ã¥rsrapporten for regnskabsÃ¥ret 01.07.2013 - 30.06.2014 for MÃ¸ldrup TÃ¸mrer- og Snedkerforretning ApS .,"Vi har udfÃ¸rt udvidet gennemgang af Ã¥rsregnskabet for MÃ¸ldrup TÃ¸mrer- og Snedkerforretning ApS  for regnskabsÃ¥ret 01.07.2013 - 30.06.2014. Ãrsregnskabet, der omfatter anvendt regnskabspraksis, resultatopgÃ¸relse, balance, egenkapitalopgÃ¸relse og noter, udarbejdes efter Ã¥rsregnskabsloven.",Ãrsrapporten er aflagt i overensstemmelse med Ã¥rsregnskabslovens bestemmelser for regnskabsklasse B med tilvalg af enkelte bestemmelser for regnskabsklasse C.,Ãrsrapport,"Ledelsesberetningen indeholder efter min opfattelse en retvisende redegÃ¸relse for de forhold, beretningen omhandler.",Ove NÃ¸rskov,Erling Kjeldgaard SÃ¸rensen,Erling Kjeldgaard SÃ¸rensen,Underskrivende revisor 1,Deloitte Statsautoriseret Revisionspartnerselskab,MÃ¸ldrup TÃ¸mrer- og Snedkerforretning ApS,Deloitte Statsautoriseret Revisionspartnerselskab,"Baseret pÃ¥ det udfÃ¸rte arbejde er det vores opfattelse, at Ã¥rsregnskabet giver et retvisende billede af selskabets aktiver, passiver og finansielle stilling pr. 30.06.2014 samt af resultatet af selskabets aktiviteter for regnskabsÃ¥ret 01.07.2013 - 30.06.2014 i overensstemmelse med Ã¥rsregnskabsloven.",,,MÃ¸ldrup,,,,,,Ãrsrapporten indstilles til generalforsamlingens god kendelse.,Viborg,2014-06-30,2013-07-01,,15947.0,30104.0,Sted,2014-10-27,Aars,,"Ledelsen har ansvaret for udarbejdelsen af et Ã¥rsregnskab, der giver et retvisende billede i overensstemmelse med Ã¥rsregnskabsloven. Ledelsen har endvidere ansvaret for den interne kontrol, som ledelsen anser nÃ¸dvendig for at udarbejde et Ã¥rsregnskab uden vÃ¦sentlig fejlinformation, uanset om denne skyldes besvigelser eller fejl.","Vi har i henhold til Ã¥rsregnskabsloven gennemlÃ¦st ledelsesberetningen. Vi har ikke foretaget yderligere handlinger i tillÃ¦g til den udvidede gennemgang af Ã¥rsregnskabet.Det er pÃ¥ denne baggrund vores opfattelse, at oplysningerne i ledelsesberetningen er i overensstemmelse med Ã¥rsregnskabet.",,96 98 23 00,statsautoriseret revisor,ErklÃ¦ring om udvidet gennemgang,,urn:ofk:oid:13544115,indberetninger-20180424,2.5118417999999996,84060712.0,,2018-03-31T21:40:34.420Z,2014-11-13T23:00:00.000Z,regnskab,0.0,,2014-06-30,2013-07-01,14-276.340,2014-11-13T23:00:00.000Z,,,,,,,,,,,,,,,,,,,,,,,,,,,,,,,,,
84060712,2013-07-01,2014-06-30,D-2013M7-2014M6-dim-FixturesFittingsTool,http://regnskaber.virk.dk/21706048/Y3ZyLmRrOi8vcGRmcy84NDA2MDcxMjtBcFMyOTk3OTsyMDEzMDcwMTsyMDE0MDYzMDtSO1I.pdf,http://regnskaber.virk.dk/21706048/Y3ZyLmRrOi8veGJybHMvWC00RUUxRTIwOC0yMDE0MTExM18xNDU0MzhfMjYx.xml,Denmark,Aars,9600.0,14.0,LÃ¸gstÃ¸rvej,MÃ¸ldrup,9632.0,6.0,Erhvervsvej,9600 Aars,LÃ¸gstÃ¸rvej Postboks 46,Til kapitalejerne i MÃ¸ldrup TÃ¸mrer- og Snedkerforretning ApS,,,Regnskabsklasse B,Ãrsrapporten aflÃ¦gges i overensstemmelse med Ã¥rsregnskabsloven.,"Det er min opfattelse, at Ã¥rsregnskabet giver et retvisende billede af virksomhedens aktiver, passiver og finansielle stilling pr. 30.06.2014 samt af resultatet af virksomhedens aktiviteter for regnskabsÃ¥ret 01.07.2013 - 30.06.2014.",2014-10-27,2014-11-12,2014-11-12,,statsautoriseret revisor,OrdinÃ¦re anparter,"2013/14 blev et utilfredsstillende Ã¥r for MÃ¸ldrup TÃ¸mrer- og Snedkerforretning ApS. Ãrets resultat blev pÃ¥ (43) t.kr, hvilket er en forbedring i forhold til sidste Ã¥r pÃ¥ 36 t.kr.",Af- og nedskrivninger af materielle anlÃ¦gsaktiver bestÃ¥r af regnskabsÃ¥rets af- og nedskrivninger opgjort ud fra henholdsvis de fastsatte restvÃ¦rdier og brugstider for de enkelte aktiver og gennemfÃ¸rte nedskrivningstest og af gevinster og tab ved salg af materielle anlÃ¦gsaktiver.,Likvide beholdninger omfatter kontante beholdninger og bankindestÃ¥ender.,"Vareforbrug omfatter regnskabsÃ¥rets vareforbrug mÃ¥lt til kostpris, reguleret for sÃ¦dvanlige lagernedskrivninger.","PeriodeafgrÃ¦nsningsposter indregnet under aktiver omfatter afholdte omkostninger, der vedrÃ¸rer efterfÃ¸lgende regnskabsÃ¥r. PeriodeafgrÃ¦nsningsposter mÃ¥les til kostpris.","Personaleomkostninger omfatter lÃ¸n og gager sÃ¥vel som omkostninger til social sikring, pensioner o.l. for virksomhedens medarbejdere.","Andre eksterne omkostninger omfatter omkostninger, der vedrÃ¸rer virksomhedens primÃ¦re aktiviteter, herunder lokaleomkostninger, kontorholdsomkostninger, salgsfremmende omkostninger mv. I posten indgÃ¥r endvidere nedskrivninger af tilgodehavender indregnet under omsÃ¦tningsaktiver.","Andre finansielle indtÃ¦gter bestÃ¥r af renteindtÃ¦gter, herunder renteindtÃ¦gter fra tilgodehavender hos tilknyttede virksomheder mv. Andre finansielle omkostninger bestÃ¥r af renteomkostninger, herunder renteomkostninger fra gÃ¦ld til tilknyttede virksomheder mv.","Bruttofortjeneste eller -tab omfatter nettoomsÃ¦tning, Ã¦ndring i lagre af fÃ¦rdigvarer og varer under fremstilling, andre driftsindtÃ¦gter, omkostninger til rÃ¥varer og hjÃ¦lpematerialer og eksterne omkostninger.","Andre finansielle forpligtelser mÃ¥les til amortiseret kostpris, der sÃ¦dvanligvis svarer til nominel vÃ¦rdi.","Tilgodehavender mÃ¥les til amortiseret kostpris, der sÃ¦dvanligvis svarer til nominel vÃ¦rdi, med fradrag af nedskrivninger til imÃ¸degÃ¥else af forventede tab.","NettoomsÃ¦tning ved salg af tjenesteydelser indregnes i resultatopgÃ¸relsen, nÃ¥r levering til kÃ¸ber har fundet sted. NettoomsÃ¦tning indregnes eksklusive moms, afgifter og rabatter i forbindelse med salget og mÃ¥les til dagsvÃ¦rdien af det fastsatte vederlag. IgangvÃ¦rende arbejder for fremmed regning indregnes i nettoomsÃ¦tningen, i takt med at produktionen udfÃ¸res, sÃ¥ledes at nettoomsÃ¦tningen svarer til salgsvÃ¦rdien af det i regnskabsÃ¥ret udfÃ¸rte arbejde (produktionsmetoden).","Ãrets skat, der bestÃ¥r af Ã¥rets aktuelle skat og Ã¦ndring af udskudt skat, indregnes i resultatopgÃ¸relsen med den del, der kan henfÃ¸res til Ã¥rets resultat, og direkte pÃ¥ egenkapitalen med den del, der kan henfÃ¸res til posteringer direkte pÃ¥ egenkapitalen. Selskabet er sambeskattet med moderselskabet. Den aktuelle danske selskabsskat fordeles mellem de sambeskattede virksomheder i forhold til disses skattepligtige indkom ster (fuld fordeling med refusion vedrÃ¸rende skattemÃ¦ssige underskud).",Selskabets aktivitet bestÃ¥r i tÃ¸mrer- og snedkerforretning.,"Der er fra balancedagen og frem til i dag ikke indtrÃ¥dt forhold, som forrykker vurderingen af Ã¥rsrapporten.",Ãrsregnskabet er aflagt efter samme regnskabspraksis som sidste Ã¥r.,"Selskabet indgÃ¥r i en dansk sambeskatning med Erling K. SÃ¸rensen Holding ApS som administrationsselskab. Selskabet hÃ¦fter derfor i henhold til selskabsskattelovens regler herom fra og med regnskabsÃ¥ret 2013 for indkomstskatter mv. for de sambeskattede selskaber og fra og med 1. juli 2012 ligeledes for eventuelle forpligtelser til at indeholde kildeskat pÃ¥ renter, royalties og udbytter for de sambeskattede selskaber.",Ingen.,erling.k.sÃ¸rensen@mail.dk,,,33963556.0,84060712.0,33963556.0,Direktionen har dags dato behandlet og godkendt Ã¥rsrapporten for regnskabsÃ¥ret 01.07.2013 - 30.06.2014 for MÃ¸ldrup TÃ¸mrer- og Snedkerforretning ApS .,"Vi har udfÃ¸rt udvidet gennemgang af Ã¥rsregnskabet for MÃ¸ldrup TÃ¸mrer- og Snedkerforretning ApS  for regnskabsÃ¥ret 01.07.2013 - 30.06.2014. Ãrsregnskabet, der omfatter anvendt regnskabspraksis, resultatopgÃ¸relse, balance, egenkapitalopgÃ¸relse og noter, udarbejdes efter Ã¥rsregnskabsloven.",Ãrsrapporten er aflagt i overensstemmelse med Ã¥rsregnskabslovens bestemmelser for regnskabsklasse B med tilvalg af enkelte bestemmelser for regnskabsklasse C.,Ãrsrapport,"Ledelsesberetningen indeholder efter min opfattelse en retvisende redegÃ¸relse for de forhold, beretningen omhandler.",Ove NÃ¸rskov,Erling Kjeldgaard SÃ¸rensen,Erling Kjeldgaard SÃ¸rensen,Underskrivende revisor 1,Deloitte Statsautoriseret Revisionspartnerselskab,MÃ¸ldrup TÃ¸mrer- og Snedkerforretning ApS,Deloitte Statsautoriseret Revisionspartnerselskab,"Baseret pÃ¥ det udfÃ¸rte arbejde er det vores opfattelse, at Ã¥rsregnskabet giver et retvisende billede af selskabets aktiver, passiver og finansielle stilling pr. 30.06.2014 samt af resultatet af selskabets aktiviteter for regnskabsÃ¥ret 01.07.2013 - 30.06.2014 i overensstemmelse med Ã¥rsregnskabsloven.",,,MÃ¸ldrup,,,,,,Ãrsrapporten indstilles til generalforsamlingens god kendelse.,Viborg,2014-06-30,2013-07-01,,15947.0,30104.0,Sted,2014-10-27,Aars,,"Ledelsen har ansvaret for udarbejdelsen af et Ã¥rsregnskab, der giver et retvisende billede i overensstemmelse med Ã¥rsregnskabsloven. Ledelsen har endvidere ansvaret for den interne kontrol, som ledelsen anser nÃ¸dvendig for at udarbejde et Ã¥rsregnskab uden vÃ¦sentlig fejlinformation, uanset om denne skyldes besvigelser eller fejl.","Vi har i henhold til Ã¥rsregnskabsloven gennemlÃ¦st ledelsesberetningen. Vi har ikke foretaget yderligere handlinger i tillÃ¦g til den udvidede gennemgang af Ã¥rsregnskabet.Det er pÃ¥ denne baggrund vores opfattelse, at oplysningerne i ledelsesberetningen er i overensstemmelse med Ã¥rsregnskabet.",,96 98 23 00,statsautoriseret revisor,ErklÃ¦ring om udvidet gennemgang,,urn:ofk:oid:13544115,indberetninger-20180424,2.5118417999999996,84060712.0,,2018-03-31T21:40:34.420Z,2014-11-13T23:00:00.000Z,regnskab,0.0,,2014-06-30,2013-07-01,14-276.340,2014-11-13T23:00:00.000Z,,,,,,,,,,,,,,,,,,,,,,,,,,,,,,,123900.0,,
84060712,2013-07-01,2014-06-30,D-2013M7-2014M6-dim-InternRevision01,http://regnskaber.virk.dk/21706048/Y3ZyLmRrOi8vcGRmcy84NDA2MDcxMjtBcFMyOTk3OTsyMDEzMDcwMTsyMDE0MDYzMDtSO1I.pdf,http://regnskaber.virk.dk/21706048/Y3ZyLmRrOi8veGJybHMvWC00RUUxRTIwOC0yMDE0MTExM18xNDU0MzhfMjYx.xml,Denmark,Aars,9600.0,14.0,LÃ¸gstÃ¸rvej,MÃ¸ldrup,9632.0,6.0,Erhvervsvej,9600 Aars,LÃ¸gstÃ¸rvej Postboks 46,Til kapitalejerne i MÃ¸ldrup TÃ¸mrer- og Snedkerforretning ApS,,,Regnskabsklasse B,Ãrsrapporten aflÃ¦gges i overensstemmelse med Ã¥rsregnskabsloven.,"Det er min opfattelse, at Ã¥rsregnskabet giver et retvisende billede af virksomhedens aktiver, passiver og finansielle stilling pr. 30.06.2014 samt af resultatet af virksomhedens aktiviteter for regnskabsÃ¥ret 01.07.2013 - 30.06.2014.",2014-10-27,2014-11-12,2014-11-12,,statsautoriseret revisor,OrdinÃ¦re anparter,"2013/14 blev et utilfredsstillende Ã¥r for MÃ¸ldrup TÃ¸mrer- og Snedkerforretning ApS. Ãrets resultat blev pÃ¥ (43) t.kr, hvilket er en forbedring i forhold til sidste Ã¥r pÃ¥ 36 t.kr.",Af- og nedskrivninger af materielle anlÃ¦gsaktiver bestÃ¥r af regnskabsÃ¥rets af- og nedskrivninger opgjort ud fra henholdsvis de fastsatte restvÃ¦rdier og brugstider for de enkelte aktiver og gennemfÃ¸rte nedskrivningstest og af gevinster og tab ved salg af materielle anlÃ¦gsaktiver.,Likvide beholdninger omfatter kontante beholdninger og bankindestÃ¥ender.,"Vareforbrug omfatter regnskabsÃ¥rets vareforbrug mÃ¥lt til kostpris, reguleret for sÃ¦dvanlige lagernedskrivninger.","PeriodeafgrÃ¦nsningsposter indregnet under aktiver omfatter afholdte omkostninger, der vedrÃ¸rer efterfÃ¸lgende regnskabsÃ¥r. PeriodeafgrÃ¦nsningsposter mÃ¥les til kostpris.","Personaleomkostninger omfatter lÃ¸n og gager sÃ¥vel som omkostninger til social sikring, pensioner o.l. for virksomhedens medarbejdere.","Andre eksterne omkostninger omfatter omkostninger, der vedrÃ¸rer virksomhedens primÃ¦re aktiviteter, herunder lokaleomkostninger, kontorholdsomkostninger, salgsfremmende omkostninger mv. I posten indgÃ¥r endvidere nedskrivninger af tilgodehavender indregnet under omsÃ¦tningsaktiver.","Andre finansielle indtÃ¦gter bestÃ¥r af renteindtÃ¦gter, herunder renteindtÃ¦gter fra tilgodehavender hos tilknyttede virksomheder mv. Andre finansielle omkostninger bestÃ¥r af renteomkostninger, herunder renteomkostninger fra gÃ¦ld til tilknyttede virksomheder mv.","Bruttofortjeneste eller -tab omfatter nettoomsÃ¦tning, Ã¦ndring i lagre af fÃ¦rdigvarer og varer under fremstilling, andre driftsindtÃ¦gter, omkostninger til rÃ¥varer og hjÃ¦lpematerialer og eksterne omkostninger.","Andre finansielle forpligtelser mÃ¥les til amortiseret kostpris, der sÃ¦dvanligvis svarer til nominel vÃ¦rdi.","Tilgodehavender mÃ¥les til amortiseret kostpris, der sÃ¦dvanligvis svarer til nominel vÃ¦rdi, med fradrag af nedskrivninger til imÃ¸degÃ¥else af forventede tab.","NettoomsÃ¦tning ved salg af tjenesteydelser indregnes i resultatopgÃ¸relsen, nÃ¥r levering til kÃ¸ber har fundet sted. NettoomsÃ¦tning indregnes eksklusive moms, afgifter og rabatter i forbindelse med salget og mÃ¥les til dagsvÃ¦rdien af det fastsatte vederlag. IgangvÃ¦rende arbejder for fremmed regning indregnes i nettoomsÃ¦tningen, i takt med at produktionen udfÃ¸res, sÃ¥ledes at nettoomsÃ¦tningen svarer til salgsvÃ¦rdien af det i regnskabsÃ¥ret udfÃ¸rte arbejde (produktionsmetoden).","Ãrets skat, der bestÃ¥r af Ã¥rets aktuelle skat og Ã¦ndring af udskudt skat, indregnes i resultatopgÃ¸relsen med den del, der kan henfÃ¸res til Ã¥rets resultat, og direkte pÃ¥ egenkapitalen med den del, der kan henfÃ¸res til posteringer direkte pÃ¥ egenkapitalen. Selskabet er sambeskattet med moderselskabet. Den aktuelle danske selskabsskat fordeles mellem de sambeskattede virksomheder i forhold til disses skattepligtige indkom ster (fuld fordeling med refusion vedrÃ¸rende skattemÃ¦ssige underskud).",Selskabets aktivitet bestÃ¥r i tÃ¸mrer- og snedkerforretning.,"Der er fra balancedagen og frem til i dag ikke indtrÃ¥dt forhold, som forrykker vurderingen af Ã¥rsrapporten.",Ãrsregnskabet er aflagt efter samme regnskabspraksis som sidste Ã¥r.,"Selskabet indgÃ¥r i en dansk sambeskatning med Erling K. SÃ¸rensen Holding ApS som administrationsselskab. Selskabet hÃ¦fter derfor i henhold til selskabsskattelovens regler herom fra og med regnskabsÃ¥ret 2013 for indkomstskatter mv. for de sambeskattede selskaber og fra og med 1. juli 2012 ligeledes for eventuelle forpligtelser til at indeholde kildeskat pÃ¥ renter, royalties og udbytter for de sambeskattede selskaber.",Ingen.,erling.k.sÃ¸rensen@mail.dk,,,33963556.0,84060712.0,33963556.0,Direktionen har dags dato behandlet og godkendt Ã¥rsrapporten for regnskabsÃ¥ret 01.07.2013 - 30.06.2014 for MÃ¸ldrup TÃ¸mrer- og Snedkerforretning ApS .,"Vi har udfÃ¸rt udvidet gennemgang af Ã¥rsregnskabet for MÃ¸ldrup TÃ¸mrer- og Snedkerforretning ApS  for regnskabsÃ¥ret 01.07.2013 - 30.06.2014. Ãrsregnskabet, der omfatter anvendt regnskabspraksis, resultatopgÃ¸relse, balance, egenkapitalopgÃ¸relse og noter, udarbejdes efter Ã¥rsregnskabsloven.",Ãrsrapporten er aflagt i overensstemmelse med Ã¥rsregnskabslovens bestemmelser for regnskabsklasse B med tilvalg af enkelte bestemmelser for regnskabsklasse C.,Ãrsrapport,"Ledelsesberetningen indeholder efter min opfattelse en retvisende redegÃ¸relse for de forhold, beretningen omhandler.",Ove NÃ¸rskov,Erling Kjeldgaard SÃ¸rensen,Erling Kjeldgaard SÃ¸rensen,Underskrivende revisor 1,Deloitte Statsautoriseret Revisionspartnerselskab,MÃ¸ldrup TÃ¸mrer- og Snedkerforretning ApS,Deloitte Statsautoriseret Revisionspartnerselskab,"Baseret pÃ¥ det udfÃ¸rte arbejde er det vores opfattelse, at Ã¥rsregnskabet giver et retvisende billede af selskabets aktiver, passiver og finansielle stilling pr. 30.06.2014 samt af resultatet af selskabets aktiviteter for regnskabsÃ¥ret 01.07.2013 - 30.06.2014 i overensstemmelse med Ã¥rsregnskabsloven.",,,MÃ¸ldrup,,,,,,Ãrsrapporten indstilles til generalforsamlingens god kendelse.,Viborg,2014-06-30,2013-07-01,,15947.0,30104.0,Sted,2014-10-27,Aars,,"Ledelsen har ansvaret for udarbejdelsen af et Ã¥rsregnskab, der giver et retvisende billede i overensstemmelse med Ã¥rsregnskabsloven. Ledelsen har endvidere ansvaret for den interne kontrol, som ledelsen anser nÃ¸dvendig for at udarbejde et Ã¥rsregnskab uden vÃ¦sentlig fejlinformation, uanset om denne skyldes besvigelser eller fejl.","Vi har i henhold til Ã¥rsregnskabsloven gennemlÃ¦st ledelsesberetningen. Vi har ikke foretaget yderligere handlinger i tillÃ¦g til den udvidede gennemgang af Ã¥rsregnskabet.Det er pÃ¥ denne baggrund vores opfattelse, at oplysningerne i ledelsesberetningen er i overensstemmelse med Ã¥rsregnskabet.",,96 98 23 00,statsautoriseret revisor,ErklÃ¦ring om udvidet gennemgang,,urn:ofk:oid:13544115,indberetninger-20180424,2.5118417999999996,84060712.0,,2018-03-31T21:40:34.420Z,2014-11-13T23:00:00.000Z,regnskab,0.0,,2014-06-30,2013-07-01,14-276.340,2014-11-13T23:00:00.000Z,,,,,,,,,,,,,,,,,,,,,,,,,,,,,,,,,
84060712,2013-07-01,2014-06-30,D-2013M7-2014M6-dim-InternRevisor01,http://regnskaber.virk.dk/21706048/Y3ZyLmRrOi8vcGRmcy84NDA2MDcxMjtBcFMyOTk3OTsyMDEzMDcwMTsyMDE0MDYzMDtSO1I.pdf,http://regnskaber.virk.dk/21706048/Y3ZyLmRrOi8veGJybHMvWC00RUUxRTIwOC0yMDE0MTExM18xNDU0MzhfMjYx.xml,Denmark,Aars,9600.0,14.0,LÃ¸gstÃ¸rvej,MÃ¸ldrup,9632.0,6.0,Erhvervsvej,9600 Aars,LÃ¸gstÃ¸rvej Postboks 46,Til kapitalejerne i MÃ¸ldrup TÃ¸mrer- og Snedkerforretning ApS,,,Regnskabsklasse B,Ãrsrapporten aflÃ¦gges i overensstemmelse med Ã¥rsregnskabsloven.,"Det er min opfattelse, at Ã¥rsregnskabet giver et retvisende billede af virksomhedens aktiver, passiver og finansielle stilling pr. 30.06.2014 samt af resultatet af virksomhedens aktiviteter for regnskabsÃ¥ret 01.07.2013 - 30.06.2014.",2014-10-27,2014-11-12,2014-11-12,,statsautoriseret revisor,OrdinÃ¦re anparter,"2013/14 blev et utilfredsstillende Ã¥r for MÃ¸ldrup TÃ¸mrer- og Snedkerforretning ApS. Ãrets resultat blev pÃ¥ (43) t.kr, hvilket er en forbedring i forhold til sidste Ã¥r pÃ¥ 36 t.kr.",Af- og nedskrivninger af materielle anlÃ¦gsaktiver bestÃ¥r af regnskabsÃ¥rets af- og nedskrivninger opgjort ud fra henholdsvis de fastsatte restvÃ¦rdier og brugstider for de enkelte aktiver og gennemfÃ¸rte nedskrivningstest og af gevinster og tab ved salg af materielle anlÃ¦gsaktiver.,Likvide beholdninger omfatter kontante beholdninger og bankindestÃ¥ender.,"Vareforbrug omfatter regnskabsÃ¥rets vareforbrug mÃ¥lt til kostpris, reguleret for sÃ¦dvanlige lagernedskrivninger.","PeriodeafgrÃ¦nsningsposter indregnet under aktiver omfatter afholdte omkostninger, der vedrÃ¸rer efterfÃ¸lgende regnskabsÃ¥r. PeriodeafgrÃ¦nsningsposter mÃ¥les til kostpris.","Personaleomkostninger omfatter lÃ¸n og gager sÃ¥vel som omkostninger til social sikring, pensioner o.l. for virksomhedens medarbejdere.","Andre eksterne omkostninger omfatter omkostninger, der vedrÃ¸rer virksomhedens primÃ¦re aktiviteter, herunder lokaleomkostninger, kontorholdsomkostninger, salgsfremmende omkostninger mv. I posten indgÃ¥r endvidere nedskrivninger af tilgodehavender indregnet under omsÃ¦tningsaktiver.","Andre finansielle indtÃ¦gter bestÃ¥r af renteindtÃ¦gter, herunder renteindtÃ¦gter fra tilgodehavender hos tilknyttede virksomheder mv. Andre finansielle omkostninger bestÃ¥r af renteomkostninger, herunder renteomkostninger fra gÃ¦ld til tilknyttede virksomheder mv.","Bruttofortjeneste eller -tab omfatter nettoomsÃ¦tning, Ã¦ndring i lagre af fÃ¦rdigvarer og varer under fremstilling, andre driftsindtÃ¦gter, omkostninger til rÃ¥varer og hjÃ¦lpematerialer og eksterne omkostninger.","Andre finansielle forpligtelser mÃ¥les til amortiseret kostpris, der sÃ¦dvanligvis svarer til nominel vÃ¦rdi.","Tilgodehavender mÃ¥les til amortiseret kostpris, der sÃ¦dvanligvis svarer til nominel vÃ¦rdi, med fradrag af nedskrivninger til imÃ¸degÃ¥else af forventede tab.","NettoomsÃ¦tning ved salg af tjenesteydelser indregnes i resultatopgÃ¸relsen, nÃ¥r levering til kÃ¸ber har fundet sted. NettoomsÃ¦tning indregnes eksklusive moms, afgifter og rabatter i forbindelse med salget og mÃ¥les til dagsvÃ¦rdien af det fastsatte vederlag. IgangvÃ¦rende arbejder for fremmed regning indregnes i nettoomsÃ¦tningen, i takt med at produktionen udfÃ¸res, sÃ¥ledes at nettoomsÃ¦tningen svarer til salgsvÃ¦rdien af det i regnskabsÃ¥ret udfÃ¸rte arbejde (produktionsmetoden).","Ãrets skat, der bestÃ¥r af Ã¥rets aktuelle skat og Ã¦ndring af udskudt skat, indregnes i resultatopgÃ¸relsen med den del, der kan henfÃ¸res til Ã¥rets resultat, og direkte pÃ¥ egenkapitalen med den del, der kan henfÃ¸res til posteringer direkte pÃ¥ egenkapitalen. Selskabet er sambeskattet med moderselskabet. Den aktuelle danske selskabsskat fordeles mellem de sambeskattede virksomheder i forhold til disses skattepligtige indkom ster (fuld fordeling med refusion vedrÃ¸rende skattemÃ¦ssige underskud).",Selskabets aktivitet bestÃ¥r i tÃ¸mrer- og snedkerforretning.,"Der er fra balancedagen og frem til i dag ikke indtrÃ¥dt forhold, som forrykker vurderingen af Ã¥rsrapporten.",Ãrsregnskabet er aflagt efter samme regnskabspraksis som sidste Ã¥r.,"Selskabet indgÃ¥r i en dansk sambeskatning med Erling K. SÃ¸rensen Holding ApS som administrationsselskab. Selskabet hÃ¦fter derfor i henhold til selskabsskattelovens regler herom fra og med regnskabsÃ¥ret 2013 for indkomstskatter mv. for de sambeskattede selskaber og fra og med 1. juli 2012 ligeledes for eventuelle forpligtelser til at indeholde kildeskat pÃ¥ renter, royalties og udbytter for de sambeskattede selskaber.",Ingen.,erling.k.sÃ¸rensen@mail.dk,,,33963556.0,84060712.0,33963556.0,Direktionen har dags dato behandlet og godkendt Ã¥rsrapporten for regnskabsÃ¥ret 01.07.2013 - 30.06.2014 for MÃ¸ldrup TÃ¸mrer- og Snedkerforretning ApS .,"Vi har udfÃ¸rt udvidet gennemgang af Ã¥rsregnskabet for MÃ¸ldrup TÃ¸mrer- og Snedkerforretning ApS  for regnskabsÃ¥ret 01.07.2013 - 30.06.2014. Ãrsregnskabet, der omfatter anvendt regnskabspraksis, resultatopgÃ¸relse, balance, egenkapitalopgÃ¸relse og noter, udarbejdes efter Ã¥rsregnskabsloven.",Ãrsrapporten er aflagt i overensstemmelse med Ã¥rsregnskabslovens bestemmelser for regnskabsklasse B med tilvalg af enkelte bestemmelser for regnskabsklasse C.,Ãrsrapport,"Ledelsesberetningen indeholder efter min opfattelse en retvisende redegÃ¸relse for de forhold, beretningen omhandler.",Ove NÃ¸rskov,Erling Kjeldgaard SÃ¸rensen,Erling Kjeldgaard SÃ¸rensen,Underskrivende revisor 1,Deloitte Statsautoriseret Revisionspartnerselskab,MÃ¸ldrup TÃ¸mrer- og Snedkerforretning ApS,Deloitte Statsautoriseret Revisionspartnerselskab,"Baseret pÃ¥ det udfÃ¸rte arbejde er det vores opfattelse, at Ã¥rsregnskabet giver et retvisende billede af selskabets aktiver, passiver og finansielle stilling pr. 30.06.2014 samt af resultatet af selskabets aktiviteter for regnskabsÃ¥ret 01.07.2013 - 30.06.2014 i overensstemmelse med Ã¥rsregnskabsloven.",,,MÃ¸ldrup,,,,,,Ãrsrapporten indstilles til generalforsamlingens god kendelse.,Viborg,2014-06-30,2013-07-01,,15947.0,30104.0,Sted,2014-10-27,Aars,,"Ledelsen har ansvaret for udarbejdelsen af et Ã¥rsregnskab, der giver et retvisende billede i overensstemmelse med Ã¥rsregnskabsloven. Ledelsen har endvidere ansvaret for den interne kontrol, som ledelsen anser nÃ¸dvendig for at udarbejde et Ã¥rsregnskab uden vÃ¦sentlig fejlinformation, uanset om denne skyldes besvigelser eller fejl.","Vi har i henhold til Ã¥rsregnskabsloven gennemlÃ¦st ledelsesberetningen. Vi har ikke foretaget yderligere handlinger i tillÃ¦g til den udvidede gennemgang af Ã¥rsregnskabet.Det er pÃ¥ denne baggrund vores opfattelse, at oplysningerne i ledelsesberetningen er i overensstemmelse med Ã¥rsregnskabet.",,96 98 23 00,statsautoriseret revisor,ErklÃ¦ring om udvidet gennemgang,,urn:ofk:oid:13544115,indberetninger-20180424,2.5118417999999996,84060712.0,,2018-03-31T21:40:34.420Z,2014-11-13T23:00:00.000Z,regnskab,0.0,,2014-06-30,2013-07-01,14-276.340,2014-11-13T23:00:00.000Z,,,,,,,,,,,,,,,,,,,,,,,,,,,,,,,,,
84060712,2013-07-01,2014-06-30,D-2013M7-2014M6-dim-LandAndBuildingsMemb,http://regnskaber.virk.dk/21706048/Y3ZyLmRrOi8vcGRmcy84NDA2MDcxMjtBcFMyOTk3OTsyMDEzMDcwMTsyMDE0MDYzMDtSO1I.pdf,http://regnskaber.virk.dk/21706048/Y3ZyLmRrOi8veGJybHMvWC00RUUxRTIwOC0yMDE0MTExM18xNDU0MzhfMjYx.xml,Denmark,Aars,9600.0,14.0,LÃ¸gstÃ¸rvej,MÃ¸ldrup,9632.0,6.0,Erhvervsvej,9600 Aars,LÃ¸gstÃ¸rvej Postboks 46,Til kapitalejerne i MÃ¸ldrup TÃ¸mrer- og Snedkerforretning ApS,,,Regnskabsklasse B,Ãrsrapporten aflÃ¦gges i overensstemmelse med Ã¥rsregnskabsloven.,"Det er min opfattelse, at Ã¥rsregnskabet giver et retvisende billede af virksomhedens aktiver, passiver og finansielle stilling pr. 30.06.2014 samt af resultatet af virksomhedens aktiviteter for regnskabsÃ¥ret 01.07.2013 - 30.06.2014.",2014-10-27,2014-11-12,2014-11-12,,statsautoriseret revisor,OrdinÃ¦re anparter,"2013/14 blev et utilfredsstillende Ã¥r for MÃ¸ldrup TÃ¸mrer- og Snedkerforretning ApS. Ãrets resultat blev pÃ¥ (43) t.kr, hvilket er en forbedring i forhold til sidste Ã¥r pÃ¥ 36 t.kr.",Af- og nedskrivninger af materielle anlÃ¦gsaktiver bestÃ¥r af regnskabsÃ¥rets af- og nedskrivninger opgjort ud fra henholdsvis de fastsatte restvÃ¦rdier og brugstider for de enkelte aktiver og gennemfÃ¸rte nedskrivningstest og af gevinster og tab ved salg af materielle anlÃ¦gsaktiver.,Likvide beholdninger omfatter kontante beholdninger og bankindestÃ¥ender.,"Vareforbrug omfatter regnskabsÃ¥rets vareforbrug mÃ¥lt til kostpris, reguleret for sÃ¦dvanlige lagernedskrivninger.","PeriodeafgrÃ¦nsningsposter indregnet under aktiver omfatter afholdte omkostninger, der vedrÃ¸rer efterfÃ¸lgende regnskabsÃ¥r. PeriodeafgrÃ¦nsningsposter mÃ¥les til kostpris.","Personaleomkostninger omfatter lÃ¸n og gager sÃ¥vel som omkostninger til social sikring, pensioner o.l. for virksomhedens medarbejdere.","Andre eksterne omkostninger omfatter omkostninger, der vedrÃ¸rer virksomhedens primÃ¦re aktiviteter, herunder lokaleomkostninger, kontorholdsomkostninger, salgsfremmende omkostninger mv. I posten indgÃ¥r endvidere nedskrivninger af tilgodehavender indregnet under omsÃ¦tningsaktiver.","Andre finansielle indtÃ¦gter bestÃ¥r af renteindtÃ¦gter, herunder renteindtÃ¦gter fra tilgodehavender hos tilknyttede virksomheder mv. Andre finansielle omkostninger bestÃ¥r af renteomkostninger, herunder renteomkostninger fra gÃ¦ld til tilknyttede virksomheder mv.","Bruttofortjeneste eller -tab omfatter nettoomsÃ¦tning, Ã¦ndring i lagre af fÃ¦rdigvarer og varer under fremstilling, andre driftsindtÃ¦gter, omkostninger til rÃ¥varer og hjÃ¦lpematerialer og eksterne omkostninger.","Andre finansielle forpligtelser mÃ¥les til amortiseret kostpris, der sÃ¦dvanligvis svarer til nominel vÃ¦rdi.","Tilgodehavender mÃ¥les til amortiseret kostpris, der sÃ¦dvanligvis svarer til nominel vÃ¦rdi, med fradrag af nedskrivninger til imÃ¸degÃ¥else af forventede tab.","NettoomsÃ¦tning ved salg af tjenesteydelser indregnes i resultatopgÃ¸relsen, nÃ¥r levering til kÃ¸ber har fundet sted. NettoomsÃ¦tning indregnes eksklusive moms, afgifter og rabatter i forbindelse med salget og mÃ¥les til dagsvÃ¦rdien af det fastsatte vederlag. IgangvÃ¦rende arbejder for fremmed regning indregnes i nettoomsÃ¦tningen, i takt med at produktionen udfÃ¸res, sÃ¥ledes at nettoomsÃ¦tningen svarer til salgsvÃ¦rdien af det i regnskabsÃ¥ret udfÃ¸rte arbejde (produktionsmetoden).","Ãrets skat, der bestÃ¥r af Ã¥rets aktuelle skat og Ã¦ndring af udskudt skat, indregnes i resultatopgÃ¸relsen med den del, der kan henfÃ¸res til Ã¥rets resultat, og direkte pÃ¥ egenkapitalen med den del, der kan henfÃ¸res til posteringer direkte pÃ¥ egenkapitalen. Selskabet er sambeskattet med moderselskabet. Den aktuelle danske selskabsskat fordeles mellem de sambeskattede virksomheder i forhold til disses skattepligtige indkom ster (fuld fordeling med refusion vedrÃ¸rende skattemÃ¦ssige underskud).",Selskabets aktivitet bestÃ¥r i tÃ¸mrer- og snedkerforretning.,"Der er fra balancedagen og frem til i dag ikke indtrÃ¥dt forhold, som forrykker vurderingen af Ã¥rsrapporten.",Ãrsregnskabet er aflagt efter samme regnskabspraksis som sidste Ã¥r.,"Selskabet indgÃ¥r i en dansk sambeskatning med Erling K. SÃ¸rensen Holding ApS som administrationsselskab. Selskabet hÃ¦fter derfor i henhold til selskabsskattelovens regler herom fra og med regnskabsÃ¥ret 2013 for indkomstskatter mv. for de sambeskattede selskaber og fra og med 1. juli 2012 ligeledes for eventuelle forpligtelser til at indeholde kildeskat pÃ¥ renter, royalties og udbytter for de sambeskattede selskaber.",Ingen.,erling.k.sÃ¸rensen@mail.dk,,,33963556.0,84060712.0,33963556.0,Direktionen har dags dato behandlet og godkendt Ã¥rsrapporten for regnskabsÃ¥ret 01.07.2013 - 30.06.2014 for MÃ¸ldrup TÃ¸mrer- og Snedkerforretning ApS .,"Vi har udfÃ¸rt udvidet gennemgang af Ã¥rsregnskabet for MÃ¸ldrup TÃ¸mrer- og Snedkerforretning ApS  for regnskabsÃ¥ret 01.07.2013 - 30.06.2014. Ãrsregnskabet, der omfatter anvendt regnskabspraksis, resultatopgÃ¸relse, balance, egenkapitalopgÃ¸relse og noter, udarbejdes efter Ã¥rsregnskabsloven.",Ãrsrapporten er aflagt i overensstemmelse med Ã¥rsregnskabslovens bestemmelser for regnskabsklasse B med tilvalg af enkelte bestemmelser for regnskabsklasse C.,Ãrsrapport,"Ledelsesberetningen indeholder efter min opfattelse en retvisende redegÃ¸relse for de forhold, beretningen omhandler.",Ove NÃ¸rskov,Erling Kjeldgaard SÃ¸rensen,Erling Kjeldgaard SÃ¸rensen,Underskrivende revisor 1,Deloitte Statsautoriseret Revisionspartnerselskab,MÃ¸ldrup TÃ¸mrer- og Snedkerforretning ApS,Deloitte Statsautoriseret Revisionspartnerselskab,"Baseret pÃ¥ det udfÃ¸rte arbejde er det vores opfattelse, at Ã¥rsregnskabet giver et retvisende billede af selskabets aktiver, passiver og finansielle stilling pr. 30.06.2014 samt af resultatet af selskabets aktiviteter for regnskabsÃ¥ret 01.07.2013 - 30.06.2014 i overensstemmelse med Ã¥rsregnskabsloven.",,,MÃ¸ldrup,,,,,,Ãrsrapporten indstilles til generalforsamlingens god kendelse.,Viborg,2014-06-30,2013-07-01,,15947.0,30104.0,Sted,2014-10-27,Aars,,"Ledelsen har ansvaret for udarbejdelsen af et Ã¥rsregnskab, der giver et retvisende billede i overensstemmelse med Ã¥rsregnskabsloven. Ledelsen har endvidere ansvaret for den interne kontrol, som ledelsen anser nÃ¸dvendig for at udarbejde et Ã¥rsregnskab uden vÃ¦sentlig fejlinformation, uanset om denne skyldes besvigelser eller fejl.","Vi har i henhold til Ã¥rsregnskabsloven gennemlÃ¦st ledelsesberetningen. Vi har ikke foretaget yderligere handlinger i tillÃ¦g til den udvidede gennemgang af Ã¥rsregnskabet.Det er pÃ¥ denne baggrund vores opfattelse, at oplysningerne i ledelsesberetningen er i overensstemmelse med Ã¥rsregnskabet.",,96 98 23 00,statsautoriseret revisor,ErklÃ¦ring om udvidet gennemgang,,urn:ofk:oid:13544115,indberetninger-20180424,2.5118417999999996,84060712.0,,2018-03-31T21:40:34.420Z,2014-11-13T23:00:00.000Z,regnskab,0.0,,2014-06-30,2013-07-01,14-276.340,2014-11-13T23:00:00.000Z,,,,,,,,,,,,,,,,,,,,,,,,,,,,,,,22286.0,,
84060712,2013-07-01,2014-06-30,D-2013M7-2014M6-dim-RetainedEarningsMemb,http://regnskaber.virk.dk/21706048/Y3ZyLmRrOi8vcGRmcy84NDA2MDcxMjtBcFMyOTk3OTsyMDEzMDcwMTsyMDE0MDYzMDtSO1I.pdf,http://regnskaber.virk.dk/21706048/Y3ZyLmRrOi8veGJybHMvWC00RUUxRTIwOC0yMDE0MTExM18xNDU0MzhfMjYx.xml,Denmark,Aars,9600.0,14.0,LÃ¸gstÃ¸rvej,MÃ¸ldrup,9632.0,6.0,Erhvervsvej,9600 Aars,LÃ¸gstÃ¸rvej Postboks 46,Til kapitalejerne i MÃ¸ldrup TÃ¸mrer- og Snedkerforretning ApS,,,Regnskabsklasse B,Ãrsrapporten aflÃ¦gges i overensstemmelse med Ã¥rsregnskabsloven.,"Det er min opfattelse, at Ã¥rsregnskabet giver et retvisende billede af virksomhedens aktiver, passiver og finansielle stilling pr. 30.06.2014 samt af resultatet af virksomhedens aktiviteter for regnskabsÃ¥ret 01.07.2013 - 30.06.2014.",2014-10-27,2014-11-12,2014-11-12,,statsautoriseret revisor,OrdinÃ¦re anparter,"2013/14 blev et utilfredsstillende Ã¥r for MÃ¸ldrup TÃ¸mrer- og Snedkerforretning ApS. Ãrets resultat blev pÃ¥ (43) t.kr, hvilket er en forbedring i forhold til sidste Ã¥r pÃ¥ 36 t.kr.",Af- og nedskrivninger af materielle anlÃ¦gsaktiver bestÃ¥r af regnskabsÃ¥rets af- og nedskrivninger opgjort ud fra henholdsvis de fastsatte restvÃ¦rdier og brugstider for de enkelte aktiver og gennemfÃ¸rte nedskrivningstest og af gevinster og tab ved salg af materielle anlÃ¦gsaktiver.,Likvide beholdninger omfatter kontante beholdninger og bankindestÃ¥ender.,"Vareforbrug omfatter regnskabsÃ¥rets vareforbrug mÃ¥lt til kostpris, reguleret for sÃ¦dvanlige lagernedskrivninger.","PeriodeafgrÃ¦nsningsposter indregnet under aktiver omfatter afholdte omkostninger, der vedrÃ¸rer efterfÃ¸lgende regnskabsÃ¥r. PeriodeafgrÃ¦nsningsposter mÃ¥les til kostpris.","Personaleomkostninger omfatter lÃ¸n og gager sÃ¥vel som omkostninger til social sikring, pensioner o.l. for virksomhedens medarbejdere.","Andre eksterne omkostninger omfatter omkostninger, der vedrÃ¸rer virksomhedens primÃ¦re aktiviteter, herunder lokaleomkostninger, kontorholdsomkostninger, salgsfremmende omkostninger mv. I posten indgÃ¥r endvidere nedskrivninger af tilgodehavender indregnet under omsÃ¦tningsaktiver.","Andre finansielle indtÃ¦gter bestÃ¥r af renteindtÃ¦gter, herunder renteindtÃ¦gter fra tilgodehavender hos tilknyttede virksomheder mv. Andre finansielle omkostninger bestÃ¥r af renteomkostninger, herunder renteomkostninger fra gÃ¦ld til tilknyttede virksomheder mv.","Bruttofortjeneste eller -tab omfatter nettoomsÃ¦tning, Ã¦ndring i lagre af fÃ¦rdigvarer og varer under fremstilling, andre driftsindtÃ¦gter, omkostninger til rÃ¥varer og hjÃ¦lpematerialer og eksterne omkostninger.","Andre finansielle forpligtelser mÃ¥les til amortiseret kostpris, der sÃ¦dvanligvis svarer til nominel vÃ¦rdi.","Tilgodehavender mÃ¥les til amortiseret kostpris, der sÃ¦dvanligvis svarer til nominel vÃ¦rdi, med fradrag af nedskrivninger til imÃ¸degÃ¥else af forventede tab.","NettoomsÃ¦tning ved salg af tjenesteydelser indregnes i resultatopgÃ¸relsen, nÃ¥r levering til kÃ¸ber har fundet sted. NettoomsÃ¦tning indregnes eksklusive moms, afgifter og rabatter i forbindelse med salget og mÃ¥les til dagsvÃ¦rdien af det fastsatte vederlag. IgangvÃ¦rende arbejder for fremmed regning indregnes i nettoomsÃ¦tningen, i takt med at produktionen udfÃ¸res, sÃ¥ledes at nettoomsÃ¦tningen svarer til salgsvÃ¦rdien af det i regnskabsÃ¥ret udfÃ¸rte arbejde (produktionsmetoden).","Ãrets skat, der bestÃ¥r af Ã¥rets aktuelle skat og Ã¦ndring af udskudt skat, indregnes i resultatopgÃ¸relsen med den del, der kan henfÃ¸res til Ã¥rets resultat, og direkte pÃ¥ egenkapitalen med den del, der kan henfÃ¸res til posteringer direkte pÃ¥ egenkapitalen. Selskabet er sambeskattet med moderselskabet. Den aktuelle danske selskabsskat fordeles mellem de sambeskattede virksomheder i forhold til disses skattepligtige indkom ster (fuld fordeling med refusion vedrÃ¸rende skattemÃ¦ssige underskud).",Selskabets aktivitet bestÃ¥r i tÃ¸mrer- og snedkerforretning.,"Der er fra balancedagen og frem til i dag ikke indtrÃ¥dt forhold, som forrykker vurderingen af Ã¥rsrapporten.",Ãrsregnskabet er aflagt efter samme regnskabspraksis som sidste Ã¥r.,"Selskabet indgÃ¥r i en dansk sambeskatning med Erling K. SÃ¸rensen Holding ApS som administrationsselskab. Selskabet hÃ¦fter derfor i henhold til selskabsskattelovens regler herom fra og med regnskabsÃ¥ret 2013 for indkomstskatter mv. for de sambeskattede selskaber og fra og med 1. juli 2012 ligeledes for eventuelle forpligtelser til at indeholde kildeskat pÃ¥ renter, royalties og udbytter for de sambeskattede selskaber.",Ingen.,erling.k.sÃ¸rensen@mail.dk,,,33963556.0,84060712.0,33963556.0,Direktionen har dags dato behandlet og godkendt Ã¥rsrapporten for regnskabsÃ¥ret 01.07.2013 - 30.06.2014 for MÃ¸ldrup TÃ¸mrer- og Snedkerforretning ApS .,"Vi har udfÃ¸rt udvidet gennemgang af Ã¥rsregnskabet for MÃ¸ldrup TÃ¸mrer- og Snedkerforretning ApS  for regnskabsÃ¥ret 01.07.2013 - 30.06.2014. Ãrsregnskabet, der omfatter anvendt regnskabspraksis, resultatopgÃ¸relse, balance, egenkapitalopgÃ¸relse og noter, udarbejdes efter Ã¥rsregnskabsloven.",Ãrsrapporten er aflagt i overensstemmelse med Ã¥rsregnskabslovens bestemmelser for regnskabsklasse B med tilvalg af enkelte bestemmelser for regnskabsklasse C.,Ãrsrapport,"Ledelsesberetningen indeholder efter min opfattelse en retvisende redegÃ¸relse for de forhold, beretningen omhandler.",Ove NÃ¸rskov,Erling Kjeldgaard SÃ¸rensen,Erling Kjeldgaard SÃ¸rensen,Underskrivende revisor 1,Deloitte Statsautoriseret Revisionspartnerselskab,MÃ¸ldrup TÃ¸mrer- og Snedkerforretning ApS,Deloitte Statsautoriseret Revisionspartnerselskab,"Baseret pÃ¥ det udfÃ¸rte arbejde er det vores opfattelse, at Ã¥rsregnskabet giver et retvisende billede af selskabets aktiver, passiver og finansielle stilling pr. 30.06.2014 samt af resultatet af selskabets aktiviteter for regnskabsÃ¥ret 01.07.2013 - 30.06.2014 i overensstemmelse med Ã¥rsregnskabsloven.",,,MÃ¸ldrup,,-42837.0,,,,Ãrsrapporten indstilles til generalforsamlingens god kendelse.,Viborg,2014-06-30,2013-07-01,,15947.0,30104.0,Sted,2014-10-27,Aars,,"Ledelsen har ansvaret for udarbejdelsen af et Ã¥rsregnskab, der giver et retvisende billede i overensstemmelse med Ã¥rsregnskabsloven. Ledelsen har endvidere ansvaret for den interne kontrol, som ledelsen anser nÃ¸dvendig for at udarbejde et Ã¥rsregnskab uden vÃ¦sentlig fejlinformation, uanset om denne skyldes besvigelser eller fejl.","Vi har i henhold til Ã¥rsregnskabsloven gennemlÃ¦st ledelsesberetningen. Vi har ikke foretaget yderligere handlinger i tillÃ¦g til den udvidede gennemgang af Ã¥rsregnskabet.Det er pÃ¥ denne baggrund vores opfattelse, at oplysningerne i ledelsesberetningen er i overensstemmelse med Ã¥rsregnskabet.",,96 98 23 00,statsautoriseret revisor,ErklÃ¦ring om udvidet gennemgang,,urn:ofk:oid:13544115,indberetninger-20180424,2.5118417999999996,84060712.0,,2018-03-31T21:40:34.420Z,2014-11-13T23:00:00.000Z,regnskab,0.0,,2014-06-30,2013-07-01,14-276.340,2014-11-13T23:00:00.000Z,,,,,,,,,,,,,,,,,,,,,,,,,,,,,,,,,
84060712,2013-07-01,2014-06-30,D-2013M7-2014M6-dim-RetainedEarningsMemb.1,http://regnskaber.virk.dk/21706048/Y3ZyLmRrOi8vcGRmcy84NDA2MDcxMjtBcFMyOTk3OTsyMDEzMDcwMTsyMDE0MDYzMDtSO1I.pdf,http://regnskaber.virk.dk/21706048/Y3ZyLmRrOi8veGJybHMvWC00RUUxRTIwOC0yMDE0MTExM18xNDU0MzhfMjYx.xml,Denmark,Aars,9600.0,14.0,LÃ¸gstÃ¸rvej,MÃ¸ldrup,9632.0,6.0,Erhvervsvej,9600 Aars,LÃ¸gstÃ¸rvej Postboks 46,Til kapitalejerne i MÃ¸ldrup TÃ¸mrer- og Snedkerforretning ApS,,,Regnskabsklasse B,Ãrsrapporten aflÃ¦gges i overensstemmelse med Ã¥rsregnskabsloven.,"Det er min opfattelse, at Ã¥rsregnskabet giver et retvisende billede af virksomhedens aktiver, passiver og finansielle stilling pr. 30.06.2014 samt af resultatet af virksomhedens aktiviteter for regnskabsÃ¥ret 01.07.2013 - 30.06.2014.",2014-10-27,2014-11-12,2014-11-12,,statsautoriseret revisor,OrdinÃ¦re anparter,"2013/14 blev et utilfredsstillende Ã¥r for MÃ¸ldrup TÃ¸mrer- og Snedkerforretning ApS. Ãrets resultat blev pÃ¥ (43) t.kr, hvilket er en forbedring i forhold til sidste Ã¥r pÃ¥ 36 t.kr.",Af- og nedskrivninger af materielle anlÃ¦gsaktiver bestÃ¥r af regnskabsÃ¥rets af- og nedskrivninger opgjort ud fra henholdsvis de fastsatte restvÃ¦rdier og brugstider for de enkelte aktiver og gennemfÃ¸rte nedskrivningstest og af gevinster og tab ved salg af materielle anlÃ¦gsaktiver.,Likvide beholdninger omfatter kontante beholdninger og bankindestÃ¥ender.,"Vareforbrug omfatter regnskabsÃ¥rets vareforbrug mÃ¥lt til kostpris, reguleret for sÃ¦dvanlige lagernedskrivninger.","PeriodeafgrÃ¦nsningsposter indregnet under aktiver omfatter afholdte omkostninger, der vedrÃ¸rer efterfÃ¸lgende regnskabsÃ¥r. PeriodeafgrÃ¦nsningsposter mÃ¥les til kostpris.","Personaleomkostninger omfatter lÃ¸n og gager sÃ¥vel som omkostninger til social sikring, pensioner o.l. for virksomhedens medarbejdere.","Andre eksterne omkostninger omfatter omkostninger, der vedrÃ¸rer virksomhedens primÃ¦re aktiviteter, herunder lokaleomkostninger, kontorholdsomkostninger, salgsfremmende omkostninger mv. I posten indgÃ¥r endvidere nedskrivninger af tilgodehavender indregnet under omsÃ¦tningsaktiver.","Andre finansielle indtÃ¦gter bestÃ¥r af renteindtÃ¦gter, herunder renteindtÃ¦gter fra tilgodehavender hos tilknyttede virksomheder mv. Andre finansielle omkostninger bestÃ¥r af renteomkostninger, herunder renteomkostninger fra gÃ¦ld til tilknyttede virksomheder mv.","Bruttofortjeneste eller -tab omfatter nettoomsÃ¦tning, Ã¦ndring i lagre af fÃ¦rdigvarer og varer under fremstilling, andre driftsindtÃ¦gter, omkostninger til rÃ¥varer og hjÃ¦lpematerialer og eksterne omkostninger.","Andre finansielle forpligtelser mÃ¥les til amortiseret kostpris, der sÃ¦dvanligvis svarer til nominel vÃ¦rdi.","Tilgodehavender mÃ¥les til amortiseret kostpris, der sÃ¦dvanligvis svarer til nominel vÃ¦rdi, med fradrag af nedskrivninger til imÃ¸degÃ¥else af forventede tab.","NettoomsÃ¦tning ved salg af tjenesteydelser indregnes i resultatopgÃ¸relsen, nÃ¥r levering til kÃ¸ber har fundet sted. NettoomsÃ¦tning indregnes eksklusive moms, afgifter og rabatter i forbindelse med salget og mÃ¥les til dagsvÃ¦rdien af det fastsatte vederlag. IgangvÃ¦rende arbejder for fremmed regning indregnes i nettoomsÃ¦tningen, i takt med at produktionen udfÃ¸res, sÃ¥ledes at nettoomsÃ¦tningen svarer til salgsvÃ¦rdien af det i regnskabsÃ¥ret udfÃ¸rte arbejde (produktionsmetoden).","Ãrets skat, der bestÃ¥r af Ã¥rets aktuelle skat og Ã¦ndring af udskudt skat, indregnes i resultatopgÃ¸relsen med den del, der kan henfÃ¸res til Ã¥rets resultat, og direkte pÃ¥ egenkapitalen med den del, der kan henfÃ¸res til posteringer direkte pÃ¥ egenkapitalen. Selskabet er sambeskattet med moderselskabet. Den aktuelle danske selskabsskat fordeles mellem de sambeskattede virksomheder i forhold til disses skattepligtige indkom ster (fuld fordeling med refusion vedrÃ¸rende skattemÃ¦ssige underskud).",Selskabets aktivitet bestÃ¥r i tÃ¸mrer- og snedkerforretning.,"Der er fra balancedagen og frem til i dag ikke indtrÃ¥dt forhold, som forrykker vurderingen af Ã¥rsrapporten.",Ãrsregnskabet er aflagt efter samme regnskabspraksis som sidste Ã¥r.,"Selskabet indgÃ¥r i en dansk sambeskatning med Erling K. SÃ¸rensen Holding ApS som administrationsselskab. Selskabet hÃ¦fter derfor i henhold til selskabsskattelovens regler herom fra og med regnskabsÃ¥ret 2013 for indkomstskatter mv. for de sambeskattede selskaber og fra og med 1. juli 2012 ligeledes for eventuelle forpligtelser til at indeholde kildeskat pÃ¥ renter, royalties og udbytter for de sambeskattede selskaber.",Ingen.,erling.k.sÃ¸rensen@mail.dk,,,33963556.0,84060712.0,33963556.0,Direktionen har dags dato behandlet og godkendt Ã¥rsrapporten for regnskabsÃ¥ret 01.07.2013 - 30.06.2014 for MÃ¸ldrup TÃ¸mrer- og Snedkerforretning ApS .,"Vi har udfÃ¸rt udvidet gennemgang af Ã¥rsregnskabet for MÃ¸ldrup TÃ¸mrer- og Snedkerforretning ApS  for regnskabsÃ¥ret 01.07.2013 - 30.06.2014. Ãrsregnskabet, der omfatter anvendt regnskabspraksis, resultatopgÃ¸relse, balance, egenkapitalopgÃ¸relse og noter, udarbejdes efter Ã¥rsregnskabsloven.",Ãrsrapporten er aflagt i overensstemmelse med Ã¥rsregnskabslovens bestemmelser for regnskabsklasse B med tilvalg af enkelte bestemmelser for regnskabsklasse C.,Ãrsrapport,"Ledelsesberetningen indeholder efter min opfattelse en retvisende redegÃ¸relse for de forhold, beretningen omhandler.",Ove NÃ¸rskov,Erling Kjeldgaard SÃ¸rensen,Erling Kjeldgaard SÃ¸rensen,Underskrivende revisor 1,Deloitte Statsautoriseret Revisionspartnerselskab,MÃ¸ldrup TÃ¸mrer- og Snedkerforretning ApS,Deloitte Statsautoriseret Revisionspartnerselskab,"Baseret pÃ¥ det udfÃ¸rte arbejde er det vores opfattelse, at Ã¥rsregnskabet giver et retvisende billede af selskabets aktiver, passiver og finansielle stilling pr. 30.06.2014 samt af resultatet af selskabets aktiviteter for regnskabsÃ¥ret 01.07.2013 - 30.06.2014 i overensstemmelse med Ã¥rsregnskabsloven.",,,MÃ¸ldrup,,-42837.0,,,,Ãrsrapporten indstilles til generalforsamlingens god kendelse.,Viborg,2014-06-30,2013-07-01,,15947.0,30104.0,Sted,2014-10-27,Aars,,"Ledelsen har ansvaret for udarbejdelsen af et Ã¥rsregnskab, der giver et retvisende billede i overensstemmelse med Ã¥rsregnskabsloven. Ledelsen har endvidere ansvaret for den interne kontrol, som ledelsen anser nÃ¸dvendig for at udarbejde et Ã¥rsregnskab uden vÃ¦sentlig fejlinformation, uanset om denne skyldes besvigelser eller fejl.","Vi har i henhold til Ã¥rsregnskabsloven gennemlÃ¦st ledelsesberetningen. Vi har ikke foretaget yderligere handlinger i tillÃ¦g til den udvidede gennemgang af Ã¥rsregnskabet.Det er pÃ¥ denne baggrund vores opfattelse, at oplysningerne i ledelsesberetningen er i overensstemmelse med Ã¥rsregnskabet.",,96 98 23 00,statsautoriseret revisor,ErklÃ¦ring om udvidet gennemgang,,urn:ofk:oid:13544115,indberetninger-20180424,2.5118417999999996,84060712.0,,2018-03-31T21:40:34.420Z,2014-11-13T23:00:00.000Z,regnskab,0.0,,2014-06-30,2013-07-01,14-276.340,2014-11-13T23:00:00.000Z,,,,,,,,,,,,,,,,,,,,,,,,,,,,,,,,,
84060712,2013-07-01,2014-06-30,D-2013M7-2014M6-dim-Revisionsvirksomhed0,http://regnskaber.virk.dk/21706048/Y3ZyLmRrOi8vcGRmcy84NDA2MDcxMjtBcFMyOTk3OTsyMDEzMDcwMTsyMDE0MDYzMDtSO1I.pdf,http://regnskaber.virk.dk/21706048/Y3ZyLmRrOi8veGJybHMvWC00RUUxRTIwOC0yMDE0MTExM18xNDU0MzhfMjYx.xml,Denmark,Aars,9600.0,14.0,LÃ¸gstÃ¸rvej,MÃ¸ldrup,9632.0,6.0,Erhvervsvej,9600 Aars,LÃ¸gstÃ¸rvej Postboks 46,Til kapitalejerne i MÃ¸ldrup TÃ¸mrer- og Snedkerforretning ApS,,,Regnskabsklasse B,Ãrsrapporten aflÃ¦gges i overensstemmelse med Ã¥rsregnskabsloven.,"Det er min opfattelse, at Ã¥rsregnskabet giver et retvisende billede af virksomhedens aktiver, passiver og finansielle stilling pr. 30.06.2014 samt af resultatet af virksomhedens aktiviteter for regnskabsÃ¥ret 01.07.2013 - 30.06.2014.",2014-10-27,2014-11-12,2014-11-12,,statsautoriseret revisor,OrdinÃ¦re anparter,"2013/14 blev et utilfredsstillende Ã¥r for MÃ¸ldrup TÃ¸mrer- og Snedkerforretning ApS. Ãrets resultat blev pÃ¥ (43) t.kr, hvilket er en forbedring i forhold til sidste Ã¥r pÃ¥ 36 t.kr.",Af- og nedskrivninger af materielle anlÃ¦gsaktiver bestÃ¥r af regnskabsÃ¥rets af- og nedskrivninger opgjort ud fra henholdsvis de fastsatte restvÃ¦rdier og brugstider for de enkelte aktiver og gennemfÃ¸rte nedskrivningstest og af gevinster og tab ved salg af materielle anlÃ¦gsaktiver.,Likvide beholdninger omfatter kontante beholdninger og bankindestÃ¥ender.,"Vareforbrug omfatter regnskabsÃ¥rets vareforbrug mÃ¥lt til kostpris, reguleret for sÃ¦dvanlige lagernedskrivninger.","PeriodeafgrÃ¦nsningsposter indregnet under aktiver omfatter afholdte omkostninger, der vedrÃ¸rer efterfÃ¸lgende regnskabsÃ¥r. PeriodeafgrÃ¦nsningsposter mÃ¥les til kostpris.","Personaleomkostninger omfatter lÃ¸n og gager sÃ¥vel som omkostninger til social sikring, pensioner o.l. for virksomhedens medarbejdere.","Andre eksterne omkostninger omfatter omkostninger, der vedrÃ¸rer virksomhedens primÃ¦re aktiviteter, herunder lokaleomkostninger, kontorholdsomkostninger, salgsfremmende omkostninger mv. I posten indgÃ¥r endvidere nedskrivninger af tilgodehavender indregnet under omsÃ¦tningsaktiver.","Andre finansielle indtÃ¦gter bestÃ¥r af renteindtÃ¦gter, herunder renteindtÃ¦gter fra tilgodehavender hos tilknyttede virksomheder mv. Andre finansielle omkostninger bestÃ¥r af renteomkostninger, herunder renteomkostninger fra gÃ¦ld til tilknyttede virksomheder mv.","Bruttofortjeneste eller -tab omfatter nettoomsÃ¦tning, Ã¦ndring i lagre af fÃ¦rdigvarer og varer under fremstilling, andre driftsindtÃ¦gter, omkostninger til rÃ¥varer og hjÃ¦lpematerialer og eksterne omkostninger.","Andre finansielle forpligtelser mÃ¥les til amortiseret kostpris, der sÃ¦dvanligvis svarer til nominel vÃ¦rdi.","Tilgodehavender mÃ¥les til amortiseret kostpris, der sÃ¦dvanligvis svarer til nominel vÃ¦rdi, med fradrag af nedskrivninger til imÃ¸degÃ¥else af forventede tab.","NettoomsÃ¦tning ved salg af tjenesteydelser indregnes i resultatopgÃ¸relsen, nÃ¥r levering til kÃ¸ber har fundet sted. NettoomsÃ¦tning indregnes eksklusive moms, afgifter og rabatter i forbindelse med salget og mÃ¥les til dagsvÃ¦rdien af det fastsatte vederlag. IgangvÃ¦rende arbejder for fremmed regning indregnes i nettoomsÃ¦tningen, i takt med at produktionen udfÃ¸res, sÃ¥ledes at nettoomsÃ¦tningen svarer til salgsvÃ¦rdien af det i regnskabsÃ¥ret udfÃ¸rte arbejde (produktionsmetoden).","Ãrets skat, der bestÃ¥r af Ã¥rets aktuelle skat og Ã¦ndring af udskudt skat, indregnes i resultatopgÃ¸relsen med den del, der kan henfÃ¸res til Ã¥rets resultat, og direkte pÃ¥ egenkapitalen med den del, der kan henfÃ¸res til posteringer direkte pÃ¥ egenkapitalen. Selskabet er sambeskattet med moderselskabet. Den aktuelle danske selskabsskat fordeles mellem de sambeskattede virksomheder i forhold til disses skattepligtige indkom ster (fuld fordeling med refusion vedrÃ¸rende skattemÃ¦ssige underskud).",Selskabets aktivitet bestÃ¥r i tÃ¸mrer- og snedkerforretning.,"Der er fra balancedagen og frem til i dag ikke indtrÃ¥dt forhold, som forrykker vurderingen af Ã¥rsrapporten.",Ãrsregnskabet er aflagt efter samme regnskabspraksis som sidste Ã¥r.,"Selskabet indgÃ¥r i en dansk sambeskatning med Erling K. SÃ¸rensen Holding ApS som administrationsselskab. Selskabet hÃ¦fter derfor i henhold til selskabsskattelovens regler herom fra og med regnskabsÃ¥ret 2013 for indkomstskatter mv. for de sambeskattede selskaber og fra og med 1. juli 2012 ligeledes for eventuelle forpligtelser til at indeholde kildeskat pÃ¥ renter, royalties og udbytter for de sambeskattede selskaber.",Ingen.,erling.k.sÃ¸rensen@mail.dk,,,33963556.0,84060712.0,33963556.0,Direktionen har dags dato behandlet og godkendt Ã¥rsrapporten for regnskabsÃ¥ret 01.07.2013 - 30.06.2014 for MÃ¸ldrup TÃ¸mrer- og Snedkerforretning ApS .,"Vi har udfÃ¸rt udvidet gennemgang af Ã¥rsregnskabet for MÃ¸ldrup TÃ¸mrer- og Snedkerforretning ApS  for regnskabsÃ¥ret 01.07.2013 - 30.06.2014. Ãrsregnskabet, der omfatter anvendt regnskabspraksis, resultatopgÃ¸relse, balance, egenkapitalopgÃ¸relse og noter, udarbejdes efter Ã¥rsregnskabsloven.",Ãrsrapporten er aflagt i overensstemmelse med Ã¥rsregnskabslovens bestemmelser for regnskabsklasse B med tilvalg af enkelte bestemmelser for regnskabsklasse C.,Ãrsrapport,"Ledelsesberetningen indeholder efter min opfattelse en retvisende redegÃ¸relse for de forhold, beretningen omhandler.",Ove NÃ¸rskov,Erling Kjeldgaard SÃ¸rensen,Erling Kjeldgaard SÃ¸rensen,Underskrivende revisor 1,Deloitte Statsautoriseret Revisionspartnerselskab,MÃ¸ldrup TÃ¸mrer- og Snedkerforretning ApS,Deloitte Statsautoriseret Revisionspartnerselskab,"Baseret pÃ¥ det udfÃ¸rte arbejde er det vores opfattelse, at Ã¥rsregnskabet giver et retvisende billede af selskabets aktiver, passiver og finansielle stilling pr. 30.06.2014 samt af resultatet af selskabets aktiviteter for regnskabsÃ¥ret 01.07.2013 - 30.06.2014 i overensstemmelse med Ã¥rsregnskabsloven.",,,MÃ¸ldrup,,,,,,Ãrsrapporten indstilles til generalforsamlingens god kendelse.,Viborg,2014-06-30,2013-07-01,,15947.0,30104.0,Sted,2014-10-27,Aars,,"Ledelsen har ansvaret for udarbejdelsen af et Ã¥rsregnskab, der giver et retvisende billede i overensstemmelse med Ã¥rsregnskabsloven. Ledelsen har endvidere ansvaret for den interne kontrol, som ledelsen anser nÃ¸dvendig for at udarbejde et Ã¥rsregnskab uden vÃ¦sentlig fejlinformation, uanset om denne skyldes besvigelser eller fejl.","Vi har i henhold til Ã¥rsregnskabsloven gennemlÃ¦st ledelsesberetningen. Vi har ikke foretaget yderligere handlinger i tillÃ¦g til den udvidede gennemgang af Ã¥rsregnskabet.Det er pÃ¥ denne baggrund vores opfattelse, at oplysningerne i ledelsesberetningen er i overensstemmelse med Ã¥rsregnskabet.",,96 98 23 00,statsautoriseret revisor,ErklÃ¦ring om udvidet gennemgang,,urn:ofk:oid:13544115,indberetninger-20180424,2.5118417999999996,84060712.0,,2018-03-31T21:40:34.420Z,2014-11-13T23:00:00.000Z,regnskab,0.0,,2014-06-30,2013-07-01,14-276.340,2014-11-13T23:00:00.000Z,,,,,,,,,,,,,,,,,,,,,,,,,,,,,,,,,
84060712,2013-07-01,2014-06-30,D-2013M7-2014M6-dim-Revisor01,http://regnskaber.virk.dk/21706048/Y3ZyLmRrOi8vcGRmcy84NDA2MDcxMjtBcFMyOTk3OTsyMDEzMDcwMTsyMDE0MDYzMDtSO1I.pdf,http://regnskaber.virk.dk/21706048/Y3ZyLmRrOi8veGJybHMvWC00RUUxRTIwOC0yMDE0MTExM18xNDU0MzhfMjYx.xml,Denmark,Aars,9600.0,14.0,LÃ¸gstÃ¸rvej,MÃ¸ldrup,9632.0,6.0,Erhvervsvej,9600 Aars,LÃ¸gstÃ¸rvej Postboks 46,Til kapitalejerne i MÃ¸ldrup TÃ¸mrer- og Snedkerforretning ApS,,,Regnskabsklasse B,Ãrsrapporten aflÃ¦gges i overensstemmelse med Ã¥rsregnskabsloven.,"Det er min opfattelse, at Ã¥rsregnskabet giver et retvisende billede af virksomhedens aktiver, passiver og finansielle stilling pr. 30.06.2014 samt af resultatet af virksomhedens aktiviteter for regnskabsÃ¥ret 01.07.2013 - 30.06.2014.",2014-10-27,2014-11-12,2014-11-12,,statsautoriseret revisor,OrdinÃ¦re anparter,"2013/14 blev et utilfredsstillende Ã¥r for MÃ¸ldrup TÃ¸mrer- og Snedkerforretning ApS. Ãrets resultat blev pÃ¥ (43) t.kr, hvilket er en forbedring i forhold til sidste Ã¥r pÃ¥ 36 t.kr.",Af- og nedskrivninger af materielle anlÃ¦gsaktiver bestÃ¥r af regnskabsÃ¥rets af- og nedskrivninger opgjort ud fra henholdsvis de fastsatte restvÃ¦rdier og brugstider for de enkelte aktiver og gennemfÃ¸rte nedskrivningstest og af gevinster og tab ved salg af materielle anlÃ¦gsaktiver.,Likvide beholdninger omfatter kontante beholdninger og bankindestÃ¥ender.,"Vareforbrug omfatter regnskabsÃ¥rets vareforbrug mÃ¥lt til kostpris, reguleret for sÃ¦dvanlige lagernedskrivninger.","PeriodeafgrÃ¦nsningsposter indregnet under aktiver omfatter afholdte omkostninger, der vedrÃ¸rer efterfÃ¸lgende regnskabsÃ¥r. PeriodeafgrÃ¦nsningsposter mÃ¥les til kostpris.","Personaleomkostninger omfatter lÃ¸n og gager sÃ¥vel som omkostninger til social sikring, pensioner o.l. for virksomhedens medarbejdere.","Andre eksterne omkostninger omfatter omkostninger, der vedrÃ¸rer virksomhedens primÃ¦re aktiviteter, herunder lokaleomkostninger, kontorholdsomkostninger, salgsfremmende omkostninger mv. I posten indgÃ¥r endvidere nedskrivninger af tilgodehavender indregnet under omsÃ¦tningsaktiver.","Andre finansielle indtÃ¦gter bestÃ¥r af renteindtÃ¦gter, herunder renteindtÃ¦gter fra tilgodehavender hos tilknyttede virksomheder mv. Andre finansielle omkostninger bestÃ¥r af renteomkostninger, herunder renteomkostninger fra gÃ¦ld til tilknyttede virksomheder mv.","Bruttofortjeneste eller -tab omfatter nettoomsÃ¦tning, Ã¦ndring i lagre af fÃ¦rdigvarer og varer under fremstilling, andre driftsindtÃ¦gter, omkostninger til rÃ¥varer og hjÃ¦lpematerialer og eksterne omkostninger.","Andre finansielle forpligtelser mÃ¥les til amortiseret kostpris, der sÃ¦dvanligvis svarer til nominel vÃ¦rdi.","Tilgodehavender mÃ¥les til amortiseret kostpris, der sÃ¦dvanligvis svarer til nominel vÃ¦rdi, med fradrag af nedskrivninger til imÃ¸degÃ¥else af forventede tab.","NettoomsÃ¦tning ved salg af tjenesteydelser indregnes i resultatopgÃ¸relsen, nÃ¥r levering til kÃ¸ber har fundet sted. NettoomsÃ¦tning indregnes eksklusive moms, afgifter og rabatter i forbindelse med salget og mÃ¥les til dagsvÃ¦rdien af det fastsatte vederlag. IgangvÃ¦rende arbejder for fremmed regning indregnes i nettoomsÃ¦tningen, i takt med at produktionen udfÃ¸res, sÃ¥ledes at nettoomsÃ¦tningen svarer til salgsvÃ¦rdien af det i regnskabsÃ¥ret udfÃ¸rte arbejde (produktionsmetoden).","Ãrets skat, der bestÃ¥r af Ã¥rets aktuelle skat og Ã¦ndring af udskudt skat, indregnes i resultatopgÃ¸relsen med den del, der kan henfÃ¸res til Ã¥rets resultat, og direkte pÃ¥ egenkapitalen med den del, der kan henfÃ¸res til posteringer direkte pÃ¥ egenkapitalen. Selskabet er sambeskattet med moderselskabet. Den aktuelle danske selskabsskat fordeles mellem de sambeskattede virksomheder i forhold til disses skattepligtige indkom ster (fuld fordeling med refusion vedrÃ¸rende skattemÃ¦ssige underskud).",Selskabets aktivitet bestÃ¥r i tÃ¸mrer- og snedkerforretning.,"Der er fra balancedagen og frem til i dag ikke indtrÃ¥dt forhold, som forrykker vurderingen af Ã¥rsrapporten.",Ãrsregnskabet er aflagt efter samme regnskabspraksis som sidste Ã¥r.,"Selskabet indgÃ¥r i en dansk sambeskatning med Erling K. SÃ¸rensen Holding ApS som administrationsselskab. Selskabet hÃ¦fter derfor i henhold til selskabsskattelovens regler herom fra og med regnskabsÃ¥ret 2013 for indkomstskatter mv. for de sambeskattede selskaber og fra og med 1. juli 2012 ligeledes for eventuelle forpligtelser til at indeholde kildeskat pÃ¥ renter, royalties og udbytter for de sambeskattede selskaber.",Ingen.,erling.k.sÃ¸rensen@mail.dk,,,33963556.0,84060712.0,33963556.0,Direktionen har dags dato behandlet og godkendt Ã¥rsrapporten for regnskabsÃ¥ret 01.07.2013 - 30.06.2014 for MÃ¸ldrup TÃ¸mrer- og Snedkerforretning ApS .,"Vi har udfÃ¸rt udvidet gennemgang af Ã¥rsregnskabet for MÃ¸ldrup TÃ¸mrer- og Snedkerforretning ApS  for regnskabsÃ¥ret 01.07.2013 - 30.06.2014. Ãrsregnskabet, der omfatter anvendt regnskabspraksis, resultatopgÃ¸relse, balance, egenkapitalopgÃ¸relse og noter, udarbejdes efter Ã¥rsregnskabsloven.",Ãrsrapporten er aflagt i overensstemmelse med Ã¥rsregnskabslovens bestemmelser for regnskabsklasse B med tilvalg af enkelte bestemmelser for regnskabsklasse C.,Ãrsrapport,"Ledelsesberetningen indeholder efter min opfattelse en retvisende redegÃ¸relse for de forhold, beretningen omhandler.",Ove NÃ¸rskov,Erling Kjeldgaard SÃ¸rensen,Erling Kjeldgaard SÃ¸rensen,Underskrivende revisor 1,Deloitte Statsautoriseret Revisionspartnerselskab,MÃ¸ldrup TÃ¸mrer- og Snedkerforretning ApS,Deloitte Statsautoriseret Revisionspartnerselskab,"Baseret pÃ¥ det udfÃ¸rte arbejde er det vores opfattelse, at Ã¥rsregnskabet giver et retvisende billede af selskabets aktiver, passiver og finansielle stilling pr. 30.06.2014 samt af resultatet af selskabets aktiviteter for regnskabsÃ¥ret 01.07.2013 - 30.06.2014 i overensstemmelse med Ã¥rsregnskabsloven.",,,MÃ¸ldrup,,,,,,Ãrsrapporten indstilles til generalforsamlingens god kendelse.,Viborg,2014-06-30,2013-07-01,,15947.0,30104.0,Sted,2014-10-27,Aars,,"Ledelsen har ansvaret for udarbejdelsen af et Ã¥rsregnskab, der giver et retvisende billede i overensstemmelse med Ã¥rsregnskabsloven. Ledelsen har endvidere ansvaret for den interne kontrol, som ledelsen anser nÃ¸dvendig for at udarbejde et Ã¥rsregnskab uden vÃ¦sentlig fejlinformation, uanset om denne skyldes besvigelser eller fejl.","Vi har i henhold til Ã¥rsregnskabsloven gennemlÃ¦st ledelsesberetningen. Vi har ikke foretaget yderligere handlinger i tillÃ¦g til den udvidede gennemgang af Ã¥rsregnskabet.Det er pÃ¥ denne baggrund vores opfattelse, at oplysningerne i ledelsesberetningen er i overensstemmelse med Ã¥rsregnskabet.",,96 98 23 00,statsautoriseret revisor,ErklÃ¦ring om udvidet gennemgang,,urn:ofk:oid:13544115,indberetninger-20180424,2.5118417999999996,84060712.0,,2018-03-31T21:40:34.420Z,2014-11-13T23:00:00.000Z,regnskab,0.0,,2014-06-30,2013-07-01,14-276.340,2014-11-13T23:00:00.000Z,,,,,,,,,,,,,,,,,,,,,,,,,,,,,,,,,
84060712,2014-06-30,2014-06-30,I-2014-6-E,http://regnskaber.virk.dk/21706048/Y3ZyLmRrOi8vcGRmcy84NDA2MDcxMjtBcFMyOTk3OTsyMDEzMDcwMTsyMDE0MDYzMDtSO1I.pdf,http://regnskaber.virk.dk/21706048/Y3ZyLmRrOi8veGJybHMvWC00RUUxRTIwOC0yMDE0MTExM18xNDU0MzhfMjYx.xml,Denmark,Aars,9600.0,14.0,LÃ¸gstÃ¸rvej,MÃ¸ldrup,9632.0,6.0,Erhvervsvej,9600 Aars,LÃ¸gstÃ¸rvej Postboks 46,Til kapitalejerne i MÃ¸ldrup TÃ¸mrer- og Snedkerforretning ApS,,,Regnskabsklasse B,Ãrsrapporten aflÃ¦gges i overensstemmelse med Ã¥rsregnskabsloven.,"Det er min opfattelse, at Ã¥rsregnskabet giver et retvisende billede af virksomhedens aktiver, passiver og finansielle stilling pr. 30.06.2014 samt af resultatet af virksomhedens aktiviteter for regnskabsÃ¥ret 01.07.2013 - 30.06.2014.",2014-10-27,2014-11-12,2014-11-12,,statsautoriseret revisor,OrdinÃ¦re anparter,"2013/14 blev et utilfredsstillende Ã¥r for MÃ¸ldrup TÃ¸mrer- og Snedkerforretning ApS. Ãrets resultat blev pÃ¥ (43) t.kr, hvilket er en forbedring i forhold til sidste Ã¥r pÃ¥ 36 t.kr.",Af- og nedskrivninger af materielle anlÃ¦gsaktiver bestÃ¥r af regnskabsÃ¥rets af- og nedskrivninger opgjort ud fra henholdsvis de fastsatte restvÃ¦rdier og brugstider for de enkelte aktiver og gennemfÃ¸rte nedskrivningstest og af gevinster og tab ved salg af materielle anlÃ¦gsaktiver.,Likvide beholdninger omfatter kontante beholdninger og bankindestÃ¥ender.,"Vareforbrug omfatter regnskabsÃ¥rets vareforbrug mÃ¥lt til kostpris, reguleret for sÃ¦dvanlige lagernedskrivninger.","PeriodeafgrÃ¦nsningsposter indregnet under aktiver omfatter afholdte omkostninger, der vedrÃ¸rer efterfÃ¸lgende regnskabsÃ¥r. PeriodeafgrÃ¦nsningsposter mÃ¥les til kostpris.","Personaleomkostninger omfatter lÃ¸n og gager sÃ¥vel som omkostninger til social sikring, pensioner o.l. for virksomhedens medarbejdere.","Andre eksterne omkostninger omfatter omkostninger, der vedrÃ¸rer virksomhedens primÃ¦re aktiviteter, herunder lokaleomkostninger, kontorholdsomkostninger, salgsfremmende omkostninger mv. I posten indgÃ¥r endvidere nedskrivninger af tilgodehavender indregnet under omsÃ¦tningsaktiver.","Andre finansielle indtÃ¦gter bestÃ¥r af renteindtÃ¦gter, herunder renteindtÃ¦gter fra tilgodehavender hos tilknyttede virksomheder mv. Andre finansielle omkostninger bestÃ¥r af renteomkostninger, herunder renteomkostninger fra gÃ¦ld til tilknyttede virksomheder mv.","Bruttofortjeneste eller -tab omfatter nettoomsÃ¦tning, Ã¦ndring i lagre af fÃ¦rdigvarer og varer under fremstilling, andre driftsindtÃ¦gter, omkostninger til rÃ¥varer og hjÃ¦lpematerialer og eksterne omkostninger.","Andre finansielle forpligtelser mÃ¥les til amortiseret kostpris, der sÃ¦dvanligvis svarer til nominel vÃ¦rdi.","Tilgodehavender mÃ¥les til amortiseret kostpris, der sÃ¦dvanligvis svarer til nominel vÃ¦rdi, med fradrag af nedskrivninger til imÃ¸degÃ¥else af forventede tab.","NettoomsÃ¦tning ved salg af tjenesteydelser indregnes i resultatopgÃ¸relsen, nÃ¥r levering til kÃ¸ber har fundet sted. NettoomsÃ¦tning indregnes eksklusive moms, afgifter og rabatter i forbindelse med salget og mÃ¥les til dagsvÃ¦rdien af det fastsatte vederlag. IgangvÃ¦rende arbejder for fremmed regning indregnes i nettoomsÃ¦tningen, i takt med at produktionen udfÃ¸res, sÃ¥ledes at nettoomsÃ¦tningen svarer til salgsvÃ¦rdien af det i regnskabsÃ¥ret udfÃ¸rte arbejde (produktionsmetoden).","Ãrets skat, der bestÃ¥r af Ã¥rets aktuelle skat og Ã¦ndring af udskudt skat, indregnes i resultatopgÃ¸relsen med den del, der kan henfÃ¸res til Ã¥rets resultat, og direkte pÃ¥ egenkapitalen med den del, der kan henfÃ¸res til posteringer direkte pÃ¥ egenkapitalen. Selskabet er sambeskattet med moderselskabet. Den aktuelle danske selskabsskat fordeles mellem de sambeskattede virksomheder i forhold til disses skattepligtige indkom ster (fuld fordeling med refusion vedrÃ¸rende skattemÃ¦ssige underskud).",Selskabets aktivitet bestÃ¥r i tÃ¸mrer- og snedkerforretning.,"Der er fra balancedagen og frem til i dag ikke indtrÃ¥dt forhold, som forrykker vurderingen af Ã¥rsrapporten.",Ãrsregnskabet er aflagt efter samme regnskabspraksis som sidste Ã¥r.,"Selskabet indgÃ¥r i en dansk sambeskatning med Erling K. SÃ¸rensen Holding ApS som administrationsselskab. Selskabet hÃ¦fter derfor i henhold til selskabsskattelovens regler herom fra og med regnskabsÃ¥ret 2013 for indkomstskatter mv. for de sambeskattede selskaber og fra og med 1. juli 2012 ligeledes for eventuelle forpligtelser til at indeholde kildeskat pÃ¥ renter, royalties og udbytter for de sambeskattede selskaber.",Ingen.,erling.k.sÃ¸rensen@mail.dk,,,33963556.0,84060712.0,33963556.0,Direktionen har dags dato behandlet og godkendt Ã¥rsrapporten for regnskabsÃ¥ret 01.07.2013 - 30.06.2014 for MÃ¸ldrup TÃ¸mrer- og Snedkerforretning ApS .,"Vi har udfÃ¸rt udvidet gennemgang af Ã¥rsregnskabet for MÃ¸ldrup TÃ¸mrer- og Snedkerforretning ApS  for regnskabsÃ¥ret 01.07.2013 - 30.06.2014. Ãrsregnskabet, der omfatter anvendt regnskabspraksis, resultatopgÃ¸relse, balance, egenkapitalopgÃ¸relse og noter, udarbejdes efter Ã¥rsregnskabsloven.",Ãrsrapporten er aflagt i overensstemmelse med Ã¥rsregnskabslovens bestemmelser for regnskabsklasse B med tilvalg af enkelte bestemmelser for regnskabsklasse C.,Ãrsrapport,"Ledelsesberetningen indeholder efter min opfattelse en retvisende redegÃ¸relse for de forhold, beretningen omhandler.",Ove NÃ¸rskov,Erling Kjeldgaard SÃ¸rensen,Erling Kjeldgaard SÃ¸rensen,Underskrivende revisor 1,Deloitte Statsautoriseret Revisionspartnerselskab,MÃ¸ldrup TÃ¸mrer- og Snedkerforretning ApS,Deloitte Statsautoriseret Revisionspartnerselskab,"Baseret pÃ¥ det udfÃ¸rte arbejde er det vores opfattelse, at Ã¥rsregnskabet giver et retvisende billede af selskabets aktiver, passiver og finansielle stilling pr. 30.06.2014 samt af resultatet af selskabets aktiviteter for regnskabsÃ¥ret 01.07.2013 - 30.06.2014 i overensstemmelse med Ã¥rsregnskabsloven.",,,MÃ¸ldrup,,,,,,Ãrsrapporten indstilles til generalforsamlingens god kendelse.,Viborg,2014-06-30,2013-07-01,,15947.0,30104.0,Sted,2014-10-27,Aars,,"Ledelsen har ansvaret for udarbejdelsen af et Ã¥rsregnskab, der giver et retvisende billede i overensstemmelse med Ã¥rsregnskabsloven. Ledelsen har endvidere ansvaret for den interne kontrol, som ledelsen anser nÃ¸dvendig for at udarbejde et Ã¥rsregnskab uden vÃ¦sentlig fejlinformation, uanset om denne skyldes besvigelser eller fejl.","Vi har i henhold til Ã¥rsregnskabsloven gennemlÃ¦st ledelsesberetningen. Vi har ikke foretaget yderligere handlinger i tillÃ¦g til den udvidede gennemgang af Ã¥rsregnskabet.Det er pÃ¥ denne baggrund vores opfattelse, at oplysningerne i ledelsesberetningen er i overensstemmelse med Ã¥rsregnskabet.",,96 98 23 00,statsautoriseret revisor,ErklÃ¦ring om udvidet gennemgang,,urn:ofk:oid:13544115,indberetninger-20180424,2.5118417999999996,84060712.0,,2018-03-31T21:40:34.420Z,2014-11-13T23:00:00.000Z,regnskab,0.0,,2014-06-30,2013-07-01,14-276.340,2014-11-13T23:00:00.000Z,2118147.0,1000.0,49425.0,125000.0,421970.0,39313.0,1521237.0,333035.0,126250.0,1363142.0,2118147.0,306610.0,1696177.0,33931.0,206920.0,33931.0,1696177.0,290300.0,290300.0,126250.0,470622.0,925615.0,35533.0,306610.0,294720.0,64157.0,141947.0,,,,,125000.0,125.0
84060712,2014-06-30,2014-06-30,I-2014-6-E-dim-ContributedCapitalMe,http://regnskaber.virk.dk/21706048/Y3ZyLmRrOi8vcGRmcy84NDA2MDcxMjtBcFMyOTk3OTsyMDEzMDcwMTsyMDE0MDYzMDtSO1I.pdf,http://regnskaber.virk.dk/21706048/Y3ZyLmRrOi8veGJybHMvWC00RUUxRTIwOC0yMDE0MTExM18xNDU0MzhfMjYx.xml,Denmark,Aars,9600.0,14.0,LÃ¸gstÃ¸rvej,MÃ¸ldrup,9632.0,6.0,Erhvervsvej,9600 Aars,LÃ¸gstÃ¸rvej Postboks 46,Til kapitalejerne i MÃ¸ldrup TÃ¸mrer- og Snedkerforretning ApS,,,Regnskabsklasse B,Ãrsrapporten aflÃ¦gges i overensstemmelse med Ã¥rsregnskabsloven.,"Det er min opfattelse, at Ã¥rsregnskabet giver et retvisende billede af virksomhedens aktiver, passiver og finansielle stilling pr. 30.06.2014 samt af resultatet af virksomhedens aktiviteter for regnskabsÃ¥ret 01.07.2013 - 30.06.2014.",2014-10-27,2014-11-12,2014-11-12,,statsautoriseret revisor,OrdinÃ¦re anparter,"2013/14 blev et utilfredsstillende Ã¥r for MÃ¸ldrup TÃ¸mrer- og Snedkerforretning ApS. Ãrets resultat blev pÃ¥ (43) t.kr, hvilket er en forbedring i forhold til sidste Ã¥r pÃ¥ 36 t.kr.",Af- og nedskrivninger af materielle anlÃ¦gsaktiver bestÃ¥r af regnskabsÃ¥rets af- og nedskrivninger opgjort ud fra henholdsvis de fastsatte restvÃ¦rdier og brugstider for de enkelte aktiver og gennemfÃ¸rte nedskrivningstest og af gevinster og tab ved salg af materielle anlÃ¦gsaktiver.,Likvide beholdninger omfatter kontante beholdninger og bankindestÃ¥ender.,"Vareforbrug omfatter regnskabsÃ¥rets vareforbrug mÃ¥lt til kostpris, reguleret for sÃ¦dvanlige lagernedskrivninger.","PeriodeafgrÃ¦nsningsposter indregnet under aktiver omfatter afholdte omkostninger, der vedrÃ¸rer efterfÃ¸lgende regnskabsÃ¥r. PeriodeafgrÃ¦nsningsposter mÃ¥les til kostpris.","Personaleomkostninger omfatter lÃ¸n og gager sÃ¥vel som omkostninger til social sikring, pensioner o.l. for virksomhedens medarbejdere.","Andre eksterne omkostninger omfatter omkostninger, der vedrÃ¸rer virksomhedens primÃ¦re aktiviteter, herunder lokaleomkostninger, kontorholdsomkostninger, salgsfremmende omkostninger mv. I posten indgÃ¥r endvidere nedskrivninger af tilgodehavender indregnet under omsÃ¦tningsaktiver.","Andre finansielle indtÃ¦gter bestÃ¥r af renteindtÃ¦gter, herunder renteindtÃ¦gter fra tilgodehavender hos tilknyttede virksomheder mv. Andre finansielle omkostninger bestÃ¥r af renteomkostninger, herunder renteomkostninger fra gÃ¦ld til tilknyttede virksomheder mv.","Bruttofortjeneste eller -tab omfatter nettoomsÃ¦tning, Ã¦ndring i lagre af fÃ¦rdigvarer og varer under fremstilling, andre driftsindtÃ¦gter, omkostninger til rÃ¥varer og hjÃ¦lpematerialer og eksterne omkostninger.","Andre finansielle forpligtelser mÃ¥les til amortiseret kostpris, der sÃ¦dvanligvis svarer til nominel vÃ¦rdi.","Tilgodehavender mÃ¥les til amortiseret kostpris, der sÃ¦dvanligvis svarer til nominel vÃ¦rdi, med fradrag af nedskrivninger til imÃ¸degÃ¥else af forventede tab.","NettoomsÃ¦tning ved salg af tjenesteydelser indregnes i resultatopgÃ¸relsen, nÃ¥r levering til kÃ¸ber har fundet sted. NettoomsÃ¦tning indregnes eksklusive moms, afgifter og rabatter i forbindelse med salget og mÃ¥les til dagsvÃ¦rdien af det fastsatte vederlag. IgangvÃ¦rende arbejder for fremmed regning indregnes i nettoomsÃ¦tningen, i takt med at produktionen udfÃ¸res, sÃ¥ledes at nettoomsÃ¦tningen svarer til salgsvÃ¦rdien af det i regnskabsÃ¥ret udfÃ¸rte arbejde (produktionsmetoden).","Ãrets skat, der bestÃ¥r af Ã¥rets aktuelle skat og Ã¦ndring af udskudt skat, indregnes i resultatopgÃ¸relsen med den del, der kan henfÃ¸res til Ã¥rets resultat, og direkte pÃ¥ egenkapitalen med den del, der kan henfÃ¸res til posteringer direkte pÃ¥ egenkapitalen. Selskabet er sambeskattet med moderselskabet. Den aktuelle danske selskabsskat fordeles mellem de sambeskattede virksomheder i forhold til disses skattepligtige indkom ster (fuld fordeling med refusion vedrÃ¸rende skattemÃ¦ssige underskud).",Selskabets aktivitet bestÃ¥r i tÃ¸mrer- og snedkerforretning.,"Der er fra balancedagen og frem til i dag ikke indtrÃ¥dt forhold, som forrykker vurderingen af Ã¥rsrapporten.",Ãrsregnskabet er aflagt efter samme regnskabspraksis som sidste Ã¥r.,"Selskabet indgÃ¥r i en dansk sambeskatning med Erling K. SÃ¸rensen Holding ApS som administrationsselskab. Selskabet hÃ¦fter derfor i henhold til selskabsskattelovens regler herom fra og med regnskabsÃ¥ret 2013 for indkomstskatter mv. for de sambeskattede selskaber og fra og med 1. juli 2012 ligeledes for eventuelle forpligtelser til at indeholde kildeskat pÃ¥ renter, royalties og udbytter for de sambeskattede selskaber.",Ingen.,erling.k.sÃ¸rensen@mail.dk,,,33963556.0,84060712.0,33963556.0,Direktionen har dags dato behandlet og godkendt Ã¥rsrapporten for regnskabsÃ¥ret 01.07.2013 - 30.06.2014 for MÃ¸ldrup TÃ¸mrer- og Snedkerforretning ApS .,"Vi har udfÃ¸rt udvidet gennemgang af Ã¥rsregnskabet for MÃ¸ldrup TÃ¸mrer- og Snedkerforretning ApS  for regnskabsÃ¥ret 01.07.2013 - 30.06.2014. Ãrsregnskabet, der omfatter anvendt regnskabspraksis, resultatopgÃ¸relse, balance, egenkapitalopgÃ¸relse og noter, udarbejdes efter Ã¥rsregnskabsloven.",Ãrsrapporten er aflagt i overensstemmelse med Ã¥rsregnskabslovens bestemmelser for regnskabsklasse B med tilvalg af enkelte bestemmelser for regnskabsklasse C.,Ãrsrapport,"Ledelsesberetningen indeholder efter min opfattelse en retvisende redegÃ¸relse for de forhold, beretningen omhandler.",Ove NÃ¸rskov,Erling Kjeldgaard SÃ¸rensen,Erling Kjeldgaard SÃ¸rensen,Underskrivende revisor 1,Deloitte Statsautoriseret Revisionspartnerselskab,MÃ¸ldrup TÃ¸mrer- og Snedkerforretning ApS,Deloitte Statsautoriseret Revisionspartnerselskab,"Baseret pÃ¥ det udfÃ¸rte arbejde er det vores opfattelse, at Ã¥rsregnskabet giver et retvisende billede af selskabets aktiver, passiver og finansielle stilling pr. 30.06.2014 samt af resultatet af selskabets aktiviteter for regnskabsÃ¥ret 01.07.2013 - 30.06.2014 i overensstemmelse med Ã¥rsregnskabsloven.",,,MÃ¸ldrup,,,,,,Ãrsrapporten indstilles til generalforsamlingens god kendelse.,Viborg,2014-06-30,2013-07-01,,15947.0,30104.0,Sted,2014-10-27,Aars,,"Ledelsen har ansvaret for udarbejdelsen af et Ã¥rsregnskab, der giver et retvisende billede i overensstemmelse med Ã¥rsregnskabsloven. Ledelsen har endvidere ansvaret for den interne kontrol, som ledelsen anser nÃ¸dvendig for at udarbejde et Ã¥rsregnskab uden vÃ¦sentlig fejlinformation, uanset om denne skyldes besvigelser eller fejl.","Vi har i henhold til Ã¥rsregnskabsloven gennemlÃ¦st ledelsesberetningen. Vi har ikke foretaget yderligere handlinger i tillÃ¦g til den udvidede gennemgang af Ã¥rsregnskabet.Det er pÃ¥ denne baggrund vores opfattelse, at oplysningerne i ledelsesberetningen er i overensstemmelse med Ã¥rsregnskabet.",,96 98 23 00,statsautoriseret revisor,ErklÃ¦ring om udvidet gennemgang,,urn:ofk:oid:13544115,indberetninger-20180424,2.5118417999999996,84060712.0,,2018-03-31T21:40:34.420Z,2014-11-13T23:00:00.000Z,regnskab,0.0,,2014-06-30,2013-07-01,14-276.340,2014-11-13T23:00:00.000Z,,,,,,,125000.0,,,,,,,,,,,,,,,,,,,,,,,,,,
84060712,2014-06-30,2014-06-30,I-2014-6-E-dim-FixturesFittingsTool,http://regnskaber.virk.dk/21706048/Y3ZyLmRrOi8vcGRmcy84NDA2MDcxMjtBcFMyOTk3OTsyMDEzMDcwMTsyMDE0MDYzMDtSO1I.pdf,http://regnskaber.virk.dk/21706048/Y3ZyLmRrOi8veGJybHMvWC00RUUxRTIwOC0yMDE0MTExM18xNDU0MzhfMjYx.xml,Denmark,Aars,9600.0,14.0,LÃ¸gstÃ¸rvej,MÃ¸ldrup,9632.0,6.0,Erhvervsvej,9600 Aars,LÃ¸gstÃ¸rvej Postboks 46,Til kapitalejerne i MÃ¸ldrup TÃ¸mrer- og Snedkerforretning ApS,,,Regnskabsklasse B,Ãrsrapporten aflÃ¦gges i overensstemmelse med Ã¥rsregnskabsloven.,"Det er min opfattelse, at Ã¥rsregnskabet giver et retvisende billede af virksomhedens aktiver, passiver og finansielle stilling pr. 30.06.2014 samt af resultatet af virksomhedens aktiviteter for regnskabsÃ¥ret 01.07.2013 - 30.06.2014.",2014-10-27,2014-11-12,2014-11-12,,statsautoriseret revisor,OrdinÃ¦re anparter,"2013/14 blev et utilfredsstillende Ã¥r for MÃ¸ldrup TÃ¸mrer- og Snedkerforretning ApS. Ãrets resultat blev pÃ¥ (43) t.kr, hvilket er en forbedring i forhold til sidste Ã¥r pÃ¥ 36 t.kr.",Af- og nedskrivninger af materielle anlÃ¦gsaktiver bestÃ¥r af regnskabsÃ¥rets af- og nedskrivninger opgjort ud fra henholdsvis de fastsatte restvÃ¦rdier og brugstider for de enkelte aktiver og gennemfÃ¸rte nedskrivningstest og af gevinster og tab ved salg af materielle anlÃ¦gsaktiver.,Likvide beholdninger omfatter kontante beholdninger og bankindestÃ¥ender.,"Vareforbrug omfatter regnskabsÃ¥rets vareforbrug mÃ¥lt til kostpris, reguleret for sÃ¦dvanlige lagernedskrivninger.","PeriodeafgrÃ¦nsningsposter indregnet under aktiver omfatter afholdte omkostninger, der vedrÃ¸rer efterfÃ¸lgende regnskabsÃ¥r. PeriodeafgrÃ¦nsningsposter mÃ¥les til kostpris.","Personaleomkostninger omfatter lÃ¸n og gager sÃ¥vel som omkostninger til social sikring, pensioner o.l. for virksomhedens medarbejdere.","Andre eksterne omkostninger omfatter omkostninger, der vedrÃ¸rer virksomhedens primÃ¦re aktiviteter, herunder lokaleomkostninger, kontorholdsomkostninger, salgsfremmende omkostninger mv. I posten indgÃ¥r endvidere nedskrivninger af tilgodehavender indregnet under omsÃ¦tningsaktiver.","Andre finansielle indtÃ¦gter bestÃ¥r af renteindtÃ¦gter, herunder renteindtÃ¦gter fra tilgodehavender hos tilknyttede virksomheder mv. Andre finansielle omkostninger bestÃ¥r af renteomkostninger, herunder renteomkostninger fra gÃ¦ld til tilknyttede virksomheder mv.","Bruttofortjeneste eller -tab omfatter nettoomsÃ¦tning, Ã¦ndring i lagre af fÃ¦rdigvarer og varer under fremstilling, andre driftsindtÃ¦gter, omkostninger til rÃ¥varer og hjÃ¦lpematerialer og eksterne omkostninger.","Andre finansielle forpligtelser mÃ¥les til amortiseret kostpris, der sÃ¦dvanligvis svarer til nominel vÃ¦rdi.","Tilgodehavender mÃ¥les til amortiseret kostpris, der sÃ¦dvanligvis svarer til nominel vÃ¦rdi, med fradrag af nedskrivninger til imÃ¸degÃ¥else af forventede tab.","NettoomsÃ¦tning ved salg af tjenesteydelser indregnes i resultatopgÃ¸relsen, nÃ¥r levering til kÃ¸ber har fundet sted. NettoomsÃ¦tning indregnes eksklusive moms, afgifter og rabatter i forbindelse med salget og mÃ¥les til dagsvÃ¦rdien af det fastsatte vederlag. IgangvÃ¦rende arbejder for fremmed regning indregnes i nettoomsÃ¦tningen, i takt med at produktionen udfÃ¸res, sÃ¥ledes at nettoomsÃ¦tningen svarer til salgsvÃ¦rdien af det i regnskabsÃ¥ret udfÃ¸rte arbejde (produktionsmetoden).","Ãrets skat, der bestÃ¥r af Ã¥rets aktuelle skat og Ã¦ndring af udskudt skat, indregnes i resultatopgÃ¸relsen med den del, der kan henfÃ¸res til Ã¥rets resultat, og direkte pÃ¥ egenkapitalen med den del, der kan henfÃ¸res til posteringer direkte pÃ¥ egenkapitalen. Selskabet er sambeskattet med moderselskabet. Den aktuelle danske selskabsskat fordeles mellem de sambeskattede virksomheder i forhold til disses skattepligtige indkom ster (fuld fordeling med refusion vedrÃ¸rende skattemÃ¦ssige underskud).",Selskabets aktivitet bestÃ¥r i tÃ¸mrer- og snedkerforretning.,"Der er fra balancedagen og frem til i dag ikke indtrÃ¥dt forhold, som forrykker vurderingen af Ã¥rsrapporten.",Ãrsregnskabet er aflagt efter samme regnskabspraksis som sidste Ã¥r.,"Selskabet indgÃ¥r i en dansk sambeskatning med Erling K. SÃ¸rensen Holding ApS som administrationsselskab. Selskabet hÃ¦fter derfor i henhold til selskabsskattelovens regler herom fra og med regnskabsÃ¥ret 2013 for indkomstskatter mv. for de sambeskattede selskaber og fra og med 1. juli 2012 ligeledes for eventuelle forpligtelser til at indeholde kildeskat pÃ¥ renter, royalties og udbytter for de sambeskattede selskaber.",Ingen.,erling.k.sÃ¸rensen@mail.dk,,,33963556.0,84060712.0,33963556.0,Direktionen har dags dato behandlet og godkendt Ã¥rsrapporten for regnskabsÃ¥ret 01.07.2013 - 30.06.2014 for MÃ¸ldrup TÃ¸mrer- og Snedkerforretning ApS .,"Vi har udfÃ¸rt udvidet gennemgang af Ã¥rsregnskabet for MÃ¸ldrup TÃ¸mrer- og Snedkerforretning ApS  for regnskabsÃ¥ret 01.07.2013 - 30.06.2014. Ãrsregnskabet, der omfatter anvendt regnskabspraksis, resultatopgÃ¸relse, balance, egenkapitalopgÃ¸relse og noter, udarbejdes efter Ã¥rsregnskabsloven.",Ãrsrapporten er aflagt i overensstemmelse med Ã¥rsregnskabslovens bestemmelser for regnskabsklasse B med tilvalg af enkelte bestemmelser for regnskabsklasse C.,Ãrsrapport,"Ledelsesberetningen indeholder efter min opfattelse en retvisende redegÃ¸relse for de forhold, beretningen omhandler.",Ove NÃ¸rskov,Erling Kjeldgaard SÃ¸rensen,Erling Kjeldgaard SÃ¸rensen,Underskrivende revisor 1,Deloitte Statsautoriseret Revisionspartnerselskab,MÃ¸ldrup TÃ¸mrer- og Snedkerforretning ApS,Deloitte Statsautoriseret Revisionspartnerselskab,"Baseret pÃ¥ det udfÃ¸rte arbejde er det vores opfattelse, at Ã¥rsregnskabet giver et retvisende billede af selskabets aktiver, passiver og finansielle stilling pr. 30.06.2014 samt af resultatet af selskabets aktiviteter for regnskabsÃ¥ret 01.07.2013 - 30.06.2014 i overensstemmelse med Ã¥rsregnskabsloven.",,,MÃ¸ldrup,,,,,,Ãrsrapporten indstilles til generalforsamlingens god kendelse.,Viborg,2014-06-30,2013-07-01,,15947.0,30104.0,Sted,2014-10-27,Aars,,"Ledelsen har ansvaret for udarbejdelsen af et Ã¥rsregnskab, der giver et retvisende billede i overensstemmelse med Ã¥rsregnskabsloven. Ledelsen har endvidere ansvaret for den interne kontrol, som ledelsen anser nÃ¸dvendig for at udarbejde et Ã¥rsregnskab uden vÃ¦sentlig fejlinformation, uanset om denne skyldes besvigelser eller fejl.","Vi har i henhold til Ã¥rsregnskabsloven gennemlÃ¦st ledelsesberetningen. Vi har ikke foretaget yderligere handlinger i tillÃ¦g til den udvidede gennemgang af Ã¥rsregnskabet.Det er pÃ¥ denne baggrund vores opfattelse, at oplysningerne i ledelsesberetningen er i overensstemmelse med Ã¥rsregnskabet.",,96 98 23 00,statsautoriseret revisor,ErklÃ¦ring om udvidet gennemgang,,urn:ofk:oid:13544115,indberetninger-20180424,2.5118417999999996,84060712.0,,2018-03-31T21:40:34.420Z,2014-11-13T23:00:00.000Z,regnskab,0.0,,2014-06-30,2013-07-01,14-276.340,2014-11-13T23:00:00.000Z,,,,,,,,,,,,,,,,,333035.0,,,,,,,,,,,-1207454.0,1540489.0,,,,
84060712,2014-06-30,2014-06-30,I-2014-6-E-dim-Kapitalklasse01,http://regnskaber.virk.dk/21706048/Y3ZyLmRrOi8vcGRmcy84NDA2MDcxMjtBcFMyOTk3OTsyMDEzMDcwMTsyMDE0MDYzMDtSO1I.pdf,http://regnskaber.virk.dk/21706048/Y3ZyLmRrOi8veGJybHMvWC00RUUxRTIwOC0yMDE0MTExM18xNDU0MzhfMjYx.xml,Denmark,Aars,9600.0,14.0,LÃ¸gstÃ¸rvej,MÃ¸ldrup,9632.0,6.0,Erhvervsvej,9600 Aars,LÃ¸gstÃ¸rvej Postboks 46,Til kapitalejerne i MÃ¸ldrup TÃ¸mrer- og Snedkerforretning ApS,,,Regnskabsklasse B,Ãrsrapporten aflÃ¦gges i overensstemmelse med Ã¥rsregnskabsloven.,"Det er min opfattelse, at Ã¥rsregnskabet giver et retvisende billede af virksomhedens aktiver, passiver og finansielle stilling pr. 30.06.2014 samt af resultatet af virksomhedens aktiviteter for regnskabsÃ¥ret 01.07.2013 - 30.06.2014.",2014-10-27,2014-11-12,2014-11-12,,statsautoriseret revisor,OrdinÃ¦re anparter,"2013/14 blev et utilfredsstillende Ã¥r for MÃ¸ldrup TÃ¸mrer- og Snedkerforretning ApS. Ãrets resultat blev pÃ¥ (43) t.kr, hvilket er en forbedring i forhold til sidste Ã¥r pÃ¥ 36 t.kr.",Af- og nedskrivninger af materielle anlÃ¦gsaktiver bestÃ¥r af regnskabsÃ¥rets af- og nedskrivninger opgjort ud fra henholdsvis de fastsatte restvÃ¦rdier og brugstider for de enkelte aktiver og gennemfÃ¸rte nedskrivningstest og af gevinster og tab ved salg af materielle anlÃ¦gsaktiver.,Likvide beholdninger omfatter kontante beholdninger og bankindestÃ¥ender.,"Vareforbrug omfatter regnskabsÃ¥rets vareforbrug mÃ¥lt til kostpris, reguleret for sÃ¦dvanlige lagernedskrivninger.","PeriodeafgrÃ¦nsningsposter indregnet under aktiver omfatter afholdte omkostninger, der vedrÃ¸rer efterfÃ¸lgende regnskabsÃ¥r. PeriodeafgrÃ¦nsningsposter mÃ¥les til kostpris.","Personaleomkostninger omfatter lÃ¸n og gager sÃ¥vel som omkostninger til social sikring, pensioner o.l. for virksomhedens medarbejdere.","Andre eksterne omkostninger omfatter omkostninger, der vedrÃ¸rer virksomhedens primÃ¦re aktiviteter, herunder lokaleomkostninger, kontorholdsomkostninger, salgsfremmende omkostninger mv. I posten indgÃ¥r endvidere nedskrivninger af tilgodehavender indregnet under omsÃ¦tningsaktiver.","Andre finansielle indtÃ¦gter bestÃ¥r af renteindtÃ¦gter, herunder renteindtÃ¦gter fra tilgodehavender hos tilknyttede virksomheder mv. Andre finansielle omkostninger bestÃ¥r af renteomkostninger, herunder renteomkostninger fra gÃ¦ld til tilknyttede virksomheder mv.","Bruttofortjeneste eller -tab omfatter nettoomsÃ¦tning, Ã¦ndring i lagre af fÃ¦rdigvarer og varer under fremstilling, andre driftsindtÃ¦gter, omkostninger til rÃ¥varer og hjÃ¦lpematerialer og eksterne omkostninger.","Andre finansielle forpligtelser mÃ¥les til amortiseret kostpris, der sÃ¦dvanligvis svarer til nominel vÃ¦rdi.","Tilgodehavender mÃ¥les til amortiseret kostpris, der sÃ¦dvanligvis svarer til nominel vÃ¦rdi, med fradrag af nedskrivninger til imÃ¸degÃ¥else af forventede tab.","NettoomsÃ¦tning ved salg af tjenesteydelser indregnes i resultatopgÃ¸relsen, nÃ¥r levering til kÃ¸ber har fundet sted. NettoomsÃ¦tning indregnes eksklusive moms, afgifter og rabatter i forbindelse med salget og mÃ¥les til dagsvÃ¦rdien af det fastsatte vederlag. IgangvÃ¦rende arbejder for fremmed regning indregnes i nettoomsÃ¦tningen, i takt med at produktionen udfÃ¸res, sÃ¥ledes at nettoomsÃ¦tningen svarer til salgsvÃ¦rdien af det i regnskabsÃ¥ret udfÃ¸rte arbejde (produktionsmetoden).","Ãrets skat, der bestÃ¥r af Ã¥rets aktuelle skat og Ã¦ndring af udskudt skat, indregnes i resultatopgÃ¸relsen med den del, der kan henfÃ¸res til Ã¥rets resultat, og direkte pÃ¥ egenkapitalen med den del, der kan henfÃ¸res til posteringer direkte pÃ¥ egenkapitalen. Selskabet er sambeskattet med moderselskabet. Den aktuelle danske selskabsskat fordeles mellem de sambeskattede virksomheder i forhold til disses skattepligtige indkom ster (fuld fordeling med refusion vedrÃ¸rende skattemÃ¦ssige underskud).",Selskabets aktivitet bestÃ¥r i tÃ¸mrer- og snedkerforretning.,"Der er fra balancedagen og frem til i dag ikke indtrÃ¥dt forhold, som forrykker vurderingen af Ã¥rsrapporten.",Ãrsregnskabet er aflagt efter samme regnskabspraksis som sidste Ã¥r.,"Selskabet indgÃ¥r i en dansk sambeskatning med Erling K. SÃ¸rensen Holding ApS som administrationsselskab. Selskabet hÃ¦fter derfor i henhold til selskabsskattelovens regler herom fra og med regnskabsÃ¥ret 2013 for indkomstskatter mv. for de sambeskattede selskaber og fra og med 1. juli 2012 ligeledes for eventuelle forpligtelser til at indeholde kildeskat pÃ¥ renter, royalties og udbytter for de sambeskattede selskaber.",Ingen.,erling.k.sÃ¸rensen@mail.dk,,,33963556.0,84060712.0,33963556.0,Direktionen har dags dato behandlet og godkendt Ã¥rsrapporten for regnskabsÃ¥ret 01.07.2013 - 30.06.2014 for MÃ¸ldrup TÃ¸mrer- og Snedkerforretning ApS .,"Vi har udfÃ¸rt udvidet gennemgang af Ã¥rsregnskabet for MÃ¸ldrup TÃ¸mrer- og Snedkerforretning ApS  for regnskabsÃ¥ret 01.07.2013 - 30.06.2014. Ãrsregnskabet, der omfatter anvendt regnskabspraksis, resultatopgÃ¸relse, balance, egenkapitalopgÃ¸relse og noter, udarbejdes efter Ã¥rsregnskabsloven.",Ãrsrapporten er aflagt i overensstemmelse med Ã¥rsregnskabslovens bestemmelser for regnskabsklasse B med tilvalg af enkelte bestemmelser for regnskabsklasse C.,Ãrsrapport,"Ledelsesberetningen indeholder efter min opfattelse en retvisende redegÃ¸relse for de forhold, beretningen omhandler.",Ove NÃ¸rskov,Erling Kjeldgaard SÃ¸rensen,Erling Kjeldgaard SÃ¸rensen,Underskrivende revisor 1,Deloitte Statsautoriseret Revisionspartnerselskab,MÃ¸ldrup TÃ¸mrer- og Snedkerforretning ApS,Deloitte Statsautoriseret Revisionspartnerselskab,"Baseret pÃ¥ det udfÃ¸rte arbejde er det vores opfattelse, at Ã¥rsregnskabet giver et retvisende billede af selskabets aktiver, passiver og finansielle stilling pr. 30.06.2014 samt af resultatet af selskabets aktiviteter for regnskabsÃ¥ret 01.07.2013 - 30.06.2014 i overensstemmelse med Ã¥rsregnskabsloven.",,,MÃ¸ldrup,,,,,,Ãrsrapporten indstilles til generalforsamlingens god kendelse.,Viborg,2014-06-30,2013-07-01,,15947.0,30104.0,Sted,2014-10-27,Aars,,"Ledelsen har ansvaret for udarbejdelsen af et Ã¥rsregnskab, der giver et retvisende billede i overensstemmelse med Ã¥rsregnskabsloven. Ledelsen har endvidere ansvaret for den interne kontrol, som ledelsen anser nÃ¸dvendig for at udarbejde et Ã¥rsregnskab uden vÃ¦sentlig fejlinformation, uanset om denne skyldes besvigelser eller fejl.","Vi har i henhold til Ã¥rsregnskabsloven gennemlÃ¦st ledelsesberetningen. Vi har ikke foretaget yderligere handlinger i tillÃ¦g til den udvidede gennemgang af Ã¥rsregnskabet.Det er pÃ¥ denne baggrund vores opfattelse, at oplysningerne i ledelsesberetningen er i overensstemmelse med Ã¥rsregnskabet.",,96 98 23 00,statsautoriseret revisor,ErklÃ¦ring om udvidet gennemgang,,urn:ofk:oid:13544115,indberetninger-20180424,2.5118417999999996,84060712.0,,2018-03-31T21:40:34.420Z,2014-11-13T23:00:00.000Z,regnskab,0.0,,2014-06-30,2013-07-01,14-276.340,2014-11-13T23:00:00.000Z,,,,,,,,,,,,,,,,,,,,,,,,,,,,,,,,125000.0,125.0
84060712,2014-06-30,2014-06-30,I-2014-6-E-dim-LandAndBuildingsMemb,http://regnskaber.virk.dk/21706048/Y3ZyLmRrOi8vcGRmcy84NDA2MDcxMjtBcFMyOTk3OTsyMDEzMDcwMTsyMDE0MDYzMDtSO1I.pdf,http://regnskaber.virk.dk/21706048/Y3ZyLmRrOi8veGJybHMvWC00RUUxRTIwOC0yMDE0MTExM18xNDU0MzhfMjYx.xml,Denmark,Aars,9600.0,14.0,LÃ¸gstÃ¸rvej,MÃ¸ldrup,9632.0,6.0,Erhvervsvej,9600 Aars,LÃ¸gstÃ¸rvej Postboks 46,Til kapitalejerne i MÃ¸ldrup TÃ¸mrer- og Snedkerforretning ApS,,,Regnskabsklasse B,Ãrsrapporten aflÃ¦gges i overensstemmelse med Ã¥rsregnskabsloven.,"Det er min opfattelse, at Ã¥rsregnskabet giver et retvisende billede af virksomhedens aktiver, passiver og finansielle stilling pr. 30.06.2014 samt af resultatet af virksomhedens aktiviteter for regnskabsÃ¥ret 01.07.2013 - 30.06.2014.",2014-10-27,2014-11-12,2014-11-12,,statsautoriseret revisor,OrdinÃ¦re anparter,"2013/14 blev et utilfredsstillende Ã¥r for MÃ¸ldrup TÃ¸mrer- og Snedkerforretning ApS. Ãrets resultat blev pÃ¥ (43) t.kr, hvilket er en forbedring i forhold til sidste Ã¥r pÃ¥ 36 t.kr.",Af- og nedskrivninger af materielle anlÃ¦gsaktiver bestÃ¥r af regnskabsÃ¥rets af- og nedskrivninger opgjort ud fra henholdsvis de fastsatte restvÃ¦rdier og brugstider for de enkelte aktiver og gennemfÃ¸rte nedskrivningstest og af gevinster og tab ved salg af materielle anlÃ¦gsaktiver.,Likvide beholdninger omfatter kontante beholdninger og bankindestÃ¥ender.,"Vareforbrug omfatter regnskabsÃ¥rets vareforbrug mÃ¥lt til kostpris, reguleret for sÃ¦dvanlige lagernedskrivninger.","PeriodeafgrÃ¦nsningsposter indregnet under aktiver omfatter afholdte omkostninger, der vedrÃ¸rer efterfÃ¸lgende regnskabsÃ¥r. PeriodeafgrÃ¦nsningsposter mÃ¥les til kostpris.","Personaleomkostninger omfatter lÃ¸n og gager sÃ¥vel som omkostninger til social sikring, pensioner o.l. for virksomhedens medarbejdere.","Andre eksterne omkostninger omfatter omkostninger, der vedrÃ¸rer virksomhedens primÃ¦re aktiviteter, herunder lokaleomkostninger, kontorholdsomkostninger, salgsfremmende omkostninger mv. I posten indgÃ¥r endvidere nedskrivninger af tilgodehavender indregnet under omsÃ¦tningsaktiver.","Andre finansielle indtÃ¦gter bestÃ¥r af renteindtÃ¦gter, herunder renteindtÃ¦gter fra tilgodehavender hos tilknyttede virksomheder mv. Andre finansielle omkostninger bestÃ¥r af renteomkostninger, herunder renteomkostninger fra gÃ¦ld til tilknyttede virksomheder mv.","Bruttofortjeneste eller -tab omfatter nettoomsÃ¦tning, Ã¦ndring i lagre af fÃ¦rdigvarer og varer under fremstilling, andre driftsindtÃ¦gter, omkostninger til rÃ¥varer og hjÃ¦lpematerialer og eksterne omkostninger.","Andre finansielle forpligtelser mÃ¥les til amortiseret kostpris, der sÃ¦dvanligvis svarer til nominel vÃ¦rdi.","Tilgodehavender mÃ¥les til amortiseret kostpris, der sÃ¦dvanligvis svarer til nominel vÃ¦rdi, med fradrag af nedskrivninger til imÃ¸degÃ¥else af forventede tab.","NettoomsÃ¦tning ved salg af tjenesteydelser indregnes i resultatopgÃ¸relsen, nÃ¥r levering til kÃ¸ber har fundet sted. NettoomsÃ¦tning indregnes eksklusive moms, afgifter og rabatter i forbindelse med salget og mÃ¥les til dagsvÃ¦rdien af det fastsatte vederlag. IgangvÃ¦rende arbejder for fremmed regning indregnes i nettoomsÃ¦tningen, i takt med at produktionen udfÃ¸res, sÃ¥ledes at nettoomsÃ¦tningen svarer til salgsvÃ¦rdien af det i regnskabsÃ¥ret udfÃ¸rte arbejde (produktionsmetoden).","Ãrets skat, der bestÃ¥r af Ã¥rets aktuelle skat og Ã¦ndring af udskudt skat, indregnes i resultatopgÃ¸relsen med den del, der kan henfÃ¸res til Ã¥rets resultat, og direkte pÃ¥ egenkapitalen med den del, der kan henfÃ¸res til posteringer direkte pÃ¥ egenkapitalen. Selskabet er sambeskattet med moderselskabet. Den aktuelle danske selskabsskat fordeles mellem de sambeskattede virksomheder i forhold til disses skattepligtige indkom ster (fuld fordeling med refusion vedrÃ¸rende skattemÃ¦ssige underskud).",Selskabets aktivitet bestÃ¥r i tÃ¸mrer- og snedkerforretning.,"Der er fra balancedagen og frem til i dag ikke indtrÃ¥dt forhold, som forrykker vurderingen af Ã¥rsrapporten.",Ãrsregnskabet er aflagt efter samme regnskabspraksis som sidste Ã¥r.,"Selskabet indgÃ¥r i en dansk sambeskatning med Erling K. SÃ¸rensen Holding ApS som administrationsselskab. Selskabet hÃ¦fter derfor i henhold til selskabsskattelovens regler herom fra og med regnskabsÃ¥ret 2013 for indkomstskatter mv. for de sambeskattede selskaber og fra og med 1. juli 2012 ligeledes for eventuelle forpligtelser til at indeholde kildeskat pÃ¥ renter, royalties og udbytter for de sambeskattede selskaber.",Ingen.,erling.k.sÃ¸rensen@mail.dk,,,33963556.0,84060712.0,33963556.0,Direktionen har dags dato behandlet og godkendt Ã¥rsrapporten for regnskabsÃ¥ret 01.07.2013 - 30.06.2014 for MÃ¸ldrup TÃ¸mrer- og Snedkerforretning ApS .,"Vi har udfÃ¸rt udvidet gennemgang af Ã¥rsregnskabet for MÃ¸ldrup TÃ¸mrer- og Snedkerforretning ApS  for regnskabsÃ¥ret 01.07.2013 - 30.06.2014. Ãrsregnskabet, der omfatter anvendt regnskabspraksis, resultatopgÃ¸relse, balance, egenkapitalopgÃ¸relse og noter, udarbejdes efter Ã¥rsregnskabsloven.",Ãrsrapporten er aflagt i overensstemmelse med Ã¥rsregnskabslovens bestemmelser for regnskabsklasse B med tilvalg af enkelte bestemmelser for regnskabsklasse C.,Ãrsrapport,"Ledelsesberetningen indeholder efter min opfattelse en retvisende redegÃ¸relse for de forhold, beretningen omhandler.",Ove NÃ¸rskov,Erling Kjeldgaard SÃ¸rensen,Erling Kjeldgaard SÃ¸rensen,Underskrivende revisor 1,Deloitte Statsautoriseret Revisionspartnerselskab,MÃ¸ldrup TÃ¸mrer- og Snedkerforretning ApS,Deloitte Statsautoriseret Revisionspartnerselskab,"Baseret pÃ¥ det udfÃ¸rte arbejde er det vores opfattelse, at Ã¥rsregnskabet giver et retvisende billede af selskabets aktiver, passiver og finansielle stilling pr. 30.06.2014 samt af resultatet af selskabets aktiviteter for regnskabsÃ¥ret 01.07.2013 - 30.06.2014 i overensstemmelse med Ã¥rsregnskabsloven.",,,MÃ¸ldrup,,,,,,Ãrsrapporten indstilles til generalforsamlingens god kendelse.,Viborg,2014-06-30,2013-07-01,,15947.0,30104.0,Sted,2014-10-27,Aars,,"Ledelsen har ansvaret for udarbejdelsen af et Ã¥rsregnskab, der giver et retvisende billede i overensstemmelse med Ã¥rsregnskabsloven. Ledelsen har endvidere ansvaret for den interne kontrol, som ledelsen anser nÃ¸dvendig for at udarbejde et Ã¥rsregnskab uden vÃ¦sentlig fejlinformation, uanset om denne skyldes besvigelser eller fejl.","Vi har i henhold til Ã¥rsregnskabsloven gennemlÃ¦st ledelsesberetningen. Vi har ikke foretaget yderligere handlinger i tillÃ¦g til den udvidede gennemgang af Ã¥rsregnskabet.Det er pÃ¥ denne baggrund vores opfattelse, at oplysningerne i ledelsesberetningen er i overensstemmelse med Ã¥rsregnskabet.",,96 98 23 00,statsautoriseret revisor,ErklÃ¦ring om udvidet gennemgang,,urn:ofk:oid:13544115,indberetninger-20180424,2.5118417999999996,84060712.0,,2018-03-31T21:40:34.420Z,2014-11-13T23:00:00.000Z,regnskab,0.0,,2014-06-30,2013-07-01,14-276.340,2014-11-13T23:00:00.000Z,,,,,,,,,,,,,,,,,1363142.0,,,,,,,,,,,-759461.0,937820.0,1184783.0,,,
84060712,2014-06-30,2014-06-30,I-2014-6-E-dim-RetainedEarningsMemb,http://regnskaber.virk.dk/21706048/Y3ZyLmRrOi8vcGRmcy84NDA2MDcxMjtBcFMyOTk3OTsyMDEzMDcwMTsyMDE0MDYzMDtSO1I.pdf,http://regnskaber.virk.dk/21706048/Y3ZyLmRrOi8veGJybHMvWC00RUUxRTIwOC0yMDE0MTExM18xNDU0MzhfMjYx.xml,Denmark,Aars,9600.0,14.0,LÃ¸gstÃ¸rvej,MÃ¸ldrup,9632.0,6.0,Erhvervsvej,9600 Aars,LÃ¸gstÃ¸rvej Postboks 46,Til kapitalejerne i MÃ¸ldrup TÃ¸mrer- og Snedkerforretning ApS,,,Regnskabsklasse B,Ãrsrapporten aflÃ¦gges i overensstemmelse med Ã¥rsregnskabsloven.,"Det er min opfattelse, at Ã¥rsregnskabet giver et retvisende billede af virksomhedens aktiver, passiver og finansielle stilling pr. 30.06.2014 samt af resultatet af virksomhedens aktiviteter for regnskabsÃ¥ret 01.07.2013 - 30.06.2014.",2014-10-27,2014-11-12,2014-11-12,,statsautoriseret revisor,OrdinÃ¦re anparter,"2013/14 blev et utilfredsstillende Ã¥r for MÃ¸ldrup TÃ¸mrer- og Snedkerforretning ApS. Ãrets resultat blev pÃ¥ (43) t.kr, hvilket er en forbedring i forhold til sidste Ã¥r pÃ¥ 36 t.kr.",Af- og nedskrivninger af materielle anlÃ¦gsaktiver bestÃ¥r af regnskabsÃ¥rets af- og nedskrivninger opgjort ud fra henholdsvis de fastsatte restvÃ¦rdier og brugstider for de enkelte aktiver og gennemfÃ¸rte nedskrivningstest og af gevinster og tab ved salg af materielle anlÃ¦gsaktiver.,Likvide beholdninger omfatter kontante beholdninger og bankindestÃ¥ender.,"Vareforbrug omfatter regnskabsÃ¥rets vareforbrug mÃ¥lt til kostpris, reguleret for sÃ¦dvanlige lagernedskrivninger.","PeriodeafgrÃ¦nsningsposter indregnet under aktiver omfatter afholdte omkostninger, der vedrÃ¸rer efterfÃ¸lgende regnskabsÃ¥r. PeriodeafgrÃ¦nsningsposter mÃ¥les til kostpris.","Personaleomkostninger omfatter lÃ¸n og gager sÃ¥vel som omkostninger til social sikring, pensioner o.l. for virksomhedens medarbejdere.","Andre eksterne omkostninger omfatter omkostninger, der vedrÃ¸rer virksomhedens primÃ¦re aktiviteter, herunder lokaleomkostninger, kontorholdsomkostninger, salgsfremmende omkostninger mv. I posten indgÃ¥r endvidere nedskrivninger af tilgodehavender indregnet under omsÃ¦tningsaktiver.","Andre finansielle indtÃ¦gter bestÃ¥r af renteindtÃ¦gter, herunder renteindtÃ¦gter fra tilgodehavender hos tilknyttede virksomheder mv. Andre finansielle omkostninger bestÃ¥r af renteomkostninger, herunder renteomkostninger fra gÃ¦ld til tilknyttede virksomheder mv.","Bruttofortjeneste eller -tab omfatter nettoomsÃ¦tning, Ã¦ndring i lagre af fÃ¦rdigvarer og varer under fremstilling, andre driftsindtÃ¦gter, omkostninger til rÃ¥varer og hjÃ¦lpematerialer og eksterne omkostninger.","Andre finansielle forpligtelser mÃ¥les til amortiseret kostpris, der sÃ¦dvanligvis svarer til nominel vÃ¦rdi.","Tilgodehavender mÃ¥les til amortiseret kostpris, der sÃ¦dvanligvis svarer til nominel vÃ¦rdi, med fradrag af nedskrivninger til imÃ¸degÃ¥else af forventede tab.","NettoomsÃ¦tning ved salg af tjenesteydelser indregnes i resultatopgÃ¸relsen, nÃ¥r levering til kÃ¸ber har fundet sted. NettoomsÃ¦tning indregnes eksklusive moms, afgifter og rabatter i forbindelse med salget og mÃ¥les til dagsvÃ¦rdien af det fastsatte vederlag. IgangvÃ¦rende arbejder for fremmed regning indregnes i nettoomsÃ¦tningen, i takt med at produktionen udfÃ¸res, sÃ¥ledes at nettoomsÃ¦tningen svarer til salgsvÃ¦rdien af det i regnskabsÃ¥ret udfÃ¸rte arbejde (produktionsmetoden).","Ãrets skat, der bestÃ¥r af Ã¥rets aktuelle skat og Ã¦ndring af udskudt skat, indregnes i resultatopgÃ¸relsen med den del, der kan henfÃ¸res til Ã¥rets resultat, og direkte pÃ¥ egenkapitalen med den del, der kan henfÃ¸res til posteringer direkte pÃ¥ egenkapitalen. Selskabet er sambeskattet med moderselskabet. Den aktuelle danske selskabsskat fordeles mellem de sambeskattede virksomheder i forhold til disses skattepligtige indkom ster (fuld fordeling med refusion vedrÃ¸rende skattemÃ¦ssige underskud).",Selskabets aktivitet bestÃ¥r i tÃ¸mrer- og snedkerforretning.,"Der er fra balancedagen og frem til i dag ikke indtrÃ¥dt forhold, som forrykker vurderingen af Ã¥rsrapporten.",Ãrsregnskabet er aflagt efter samme regnskabspraksis som sidste Ã¥r.,"Selskabet indgÃ¥r i en dansk sambeskatning med Erling K. SÃ¸rensen Holding ApS som administrationsselskab. Selskabet hÃ¦fter derfor i henhold til selskabsskattelovens regler herom fra og med regnskabsÃ¥ret 2013 for indkomstskatter mv. for de sambeskattede selskaber og fra og med 1. juli 2012 ligeledes for eventuelle forpligtelser til at indeholde kildeskat pÃ¥ renter, royalties og udbytter for de sambeskattede selskaber.",Ingen.,erling.k.sÃ¸rensen@mail.dk,,,33963556.0,84060712.0,33963556.0,Direktionen har dags dato behandlet og godkendt Ã¥rsrapporten for regnskabsÃ¥ret 01.07.2013 - 30.06.2014 for MÃ¸ldrup TÃ¸mrer- og Snedkerforretning ApS .,"Vi har udfÃ¸rt udvidet gennemgang af Ã¥rsregnskabet for MÃ¸ldrup TÃ¸mrer- og Snedkerforretning ApS  for regnskabsÃ¥ret 01.07.2013 - 30.06.2014. Ãrsregnskabet, der omfatter anvendt regnskabspraksis, resultatopgÃ¸relse, balance, egenkapitalopgÃ¸relse og noter, udarbejdes efter Ã¥rsregnskabsloven.",Ãrsrapporten er aflagt i overensstemmelse med Ã¥rsregnskabslovens bestemmelser for regnskabsklasse B med tilvalg af enkelte bestemmelser for regnskabsklasse C.,Ãrsrapport,"Ledelsesberetningen indeholder efter min opfattelse en retvisende redegÃ¸relse for de forhold, beretningen omhandler.",Ove NÃ¸rskov,Erling Kjeldgaard SÃ¸rensen,Erling Kjeldgaard SÃ¸rensen,Underskrivende revisor 1,Deloitte Statsautoriseret Revisionspartnerselskab,MÃ¸ldrup TÃ¸mrer- og Snedkerforretning ApS,Deloitte Statsautoriseret Revisionspartnerselskab,"Baseret pÃ¥ det udfÃ¸rte arbejde er det vores opfattelse, at Ã¥rsregnskabet giver et retvisende billede af selskabets aktiver, passiver og finansielle stilling pr. 30.06.2014 samt af resultatet af selskabets aktiviteter for regnskabsÃ¥ret 01.07.2013 - 30.06.2014 i overensstemmelse med Ã¥rsregnskabsloven.",,,MÃ¸ldrup,,,,,,Ãrsrapporten indstilles til generalforsamlingens god kendelse.,Viborg,2014-06-30,2013-07-01,,15947.0,30104.0,Sted,2014-10-27,Aars,,"Ledelsen har ansvaret for udarbejdelsen af et Ã¥rsregnskab, der giver et retvisende billede i overensstemmelse med Ã¥rsregnskabsloven. Ledelsen har endvidere ansvaret for den interne kontrol, som ledelsen anser nÃ¸dvendig for at udarbejde et Ã¥rsregnskab uden vÃ¦sentlig fejlinformation, uanset om denne skyldes besvigelser eller fejl.","Vi har i henhold til Ã¥rsregnskabsloven gennemlÃ¦st ledelsesberetningen. Vi har ikke foretaget yderligere handlinger i tillÃ¦g til den udvidede gennemgang af Ã¥rsregnskabet.Det er pÃ¥ denne baggrund vores opfattelse, at oplysningerne i ledelsesberetningen er i overensstemmelse med Ã¥rsregnskabet.",,96 98 23 00,statsautoriseret revisor,ErklÃ¦ring om udvidet gennemgang,,urn:ofk:oid:13544115,indberetninger-20180424,2.5118417999999996,84060712.0,,2018-03-31T21:40:34.420Z,2014-11-13T23:00:00.000Z,regnskab,0.0,,2014-06-30,2013-07-01,14-276.340,2014-11-13T23:00:00.000Z,,,,,,,470622.0,,,,,,,,,,,,,,,,,,,,,,,,,,
84060712,2014-06-30,2014-06-30,I-2014-6-E-dim-RevaluationReserveMe,http://regnskaber.virk.dk/21706048/Y3ZyLmRrOi8vcGRmcy84NDA2MDcxMjtBcFMyOTk3OTsyMDEzMDcwMTsyMDE0MDYzMDtSO1I.pdf,http://regnskaber.virk.dk/21706048/Y3ZyLmRrOi8veGJybHMvWC00RUUxRTIwOC0yMDE0MTExM18xNDU0MzhfMjYx.xml,Denmark,Aars,9600.0,14.0,LÃ¸gstÃ¸rvej,MÃ¸ldrup,9632.0,6.0,Erhvervsvej,9600 Aars,LÃ¸gstÃ¸rvej Postboks 46,Til kapitalejerne i MÃ¸ldrup TÃ¸mrer- og Snedkerforretning ApS,,,Regnskabsklasse B,Ãrsrapporten aflÃ¦gges i overensstemmelse med Ã¥rsregnskabsloven.,"Det er min opfattelse, at Ã¥rsregnskabet giver et retvisende billede af virksomhedens aktiver, passiver og finansielle stilling pr. 30.06.2014 samt af resultatet af virksomhedens aktiviteter for regnskabsÃ¥ret 01.07.2013 - 30.06.2014.",2014-10-27,2014-11-12,2014-11-12,,statsautoriseret revisor,OrdinÃ¦re anparter,"2013/14 blev et utilfredsstillende Ã¥r for MÃ¸ldrup TÃ¸mrer- og Snedkerforretning ApS. Ãrets resultat blev pÃ¥ (43) t.kr, hvilket er en forbedring i forhold til sidste Ã¥r pÃ¥ 36 t.kr.",Af- og nedskrivninger af materielle anlÃ¦gsaktiver bestÃ¥r af regnskabsÃ¥rets af- og nedskrivninger opgjort ud fra henholdsvis de fastsatte restvÃ¦rdier og brugstider for de enkelte aktiver og gennemfÃ¸rte nedskrivningstest og af gevinster og tab ved salg af materielle anlÃ¦gsaktiver.,Likvide beholdninger omfatter kontante beholdninger og bankindestÃ¥ender.,"Vareforbrug omfatter regnskabsÃ¥rets vareforbrug mÃ¥lt til kostpris, reguleret for sÃ¦dvanlige lagernedskrivninger.","PeriodeafgrÃ¦nsningsposter indregnet under aktiver omfatter afholdte omkostninger, der vedrÃ¸rer efterfÃ¸lgende regnskabsÃ¥r. PeriodeafgrÃ¦nsningsposter mÃ¥les til kostpris.","Personaleomkostninger omfatter lÃ¸n og gager sÃ¥vel som omkostninger til social sikring, pensioner o.l. for virksomhedens medarbejdere.","Andre eksterne omkostninger omfatter omkostninger, der vedrÃ¸rer virksomhedens primÃ¦re aktiviteter, herunder lokaleomkostninger, kontorholdsomkostninger, salgsfremmende omkostninger mv. I posten indgÃ¥r endvidere nedskrivninger af tilgodehavender indregnet under omsÃ¦tningsaktiver.","Andre finansielle indtÃ¦gter bestÃ¥r af renteindtÃ¦gter, herunder renteindtÃ¦gter fra tilgodehavender hos tilknyttede virksomheder mv. Andre finansielle omkostninger bestÃ¥r af renteomkostninger, herunder renteomkostninger fra gÃ¦ld til tilknyttede virksomheder mv.","Bruttofortjeneste eller -tab omfatter nettoomsÃ¦tning, Ã¦ndring i lagre af fÃ¦rdigvarer og varer under fremstilling, andre driftsindtÃ¦gter, omkostninger til rÃ¥varer og hjÃ¦lpematerialer og eksterne omkostninger.","Andre finansielle forpligtelser mÃ¥les til amortiseret kostpris, der sÃ¦dvanligvis svarer til nominel vÃ¦rdi.","Tilgodehavender mÃ¥les til amortiseret kostpris, der sÃ¦dvanligvis svarer til nominel vÃ¦rdi, med fradrag af nedskrivninger til imÃ¸degÃ¥else af forventede tab.","NettoomsÃ¦tning ved salg af tjenesteydelser indregnes i resultatopgÃ¸relsen, nÃ¥r levering til kÃ¸ber har fundet sted. NettoomsÃ¦tning indregnes eksklusive moms, afgifter og rabatter i forbindelse med salget og mÃ¥les til dagsvÃ¦rdien af det fastsatte vederlag. IgangvÃ¦rende arbejder for fremmed regning indregnes i nettoomsÃ¦tningen, i takt med at produktionen udfÃ¸res, sÃ¥ledes at nettoomsÃ¦tningen svarer til salgsvÃ¦rdien af det i regnskabsÃ¥ret udfÃ¸rte arbejde (produktionsmetoden).","Ãrets skat, der bestÃ¥r af Ã¥rets aktuelle skat og Ã¦ndring af udskudt skat, indregnes i resultatopgÃ¸relsen med den del, der kan henfÃ¸res til Ã¥rets resultat, og direkte pÃ¥ egenkapitalen med den del, der kan henfÃ¸res til posteringer direkte pÃ¥ egenkapitalen. Selskabet er sambeskattet med moderselskabet. Den aktuelle danske selskabsskat fordeles mellem de sambeskattede virksomheder i forhold til disses skattepligtige indkom ster (fuld fordeling med refusion vedrÃ¸rende skattemÃ¦ssige underskud).",Selskabets aktivitet bestÃ¥r i tÃ¸mrer- og snedkerforretning.,"Der er fra balancedagen og frem til i dag ikke indtrÃ¥dt forhold, som forrykker vurderingen af Ã¥rsrapporten.",Ãrsregnskabet er aflagt efter samme regnskabspraksis som sidste Ã¥r.,"Selskabet indgÃ¥r i en dansk sambeskatning med Erling K. SÃ¸rensen Holding ApS som administrationsselskab. Selskabet hÃ¦fter derfor i henhold til selskabsskattelovens regler herom fra og med regnskabsÃ¥ret 2013 for indkomstskatter mv. for de sambeskattede selskaber og fra og med 1. juli 2012 ligeledes for eventuelle forpligtelser til at indeholde kildeskat pÃ¥ renter, royalties og udbytter for de sambeskattede selskaber.",Ingen.,erling.k.sÃ¸rensen@mail.dk,,,33963556.0,84060712.0,33963556.0,Direktionen har dags dato behandlet og godkendt Ã¥rsrapporten for regnskabsÃ¥ret 01.07.2013 - 30.06.2014 for MÃ¸ldrup TÃ¸mrer- og Snedkerforretning ApS .,"Vi har udfÃ¸rt udvidet gennemgang af Ã¥rsregnskabet for MÃ¸ldrup TÃ¸mrer- og Snedkerforretning ApS  for regnskabsÃ¥ret 01.07.2013 - 30.06.2014. Ãrsregnskabet, der omfatter anvendt regnskabspraksis, resultatopgÃ¸relse, balance, egenkapitalopgÃ¸relse og noter, udarbejdes efter Ã¥rsregnskabsloven.",Ãrsrapporten er aflagt i overensstemmelse med Ã¥rsregnskabslovens bestemmelser for regnskabsklasse B med tilvalg af enkelte bestemmelser for regnskabsklasse C.,Ãrsrapport,"Ledelsesberetningen indeholder efter min opfattelse en retvisende redegÃ¸relse for de forhold, beretningen omhandler.",Ove NÃ¸rskov,Erling Kjeldgaard SÃ¸rensen,Erling Kjeldgaard SÃ¸rensen,Underskrivende revisor 1,Deloitte Statsautoriseret Revisionspartnerselskab,MÃ¸ldrup TÃ¸mrer- og Snedkerforretning ApS,Deloitte Statsautoriseret Revisionspartnerselskab,"Baseret pÃ¥ det udfÃ¸rte arbejde er det vores opfattelse, at Ã¥rsregnskabet giver et retvisende billede af selskabets aktiver, passiver og finansielle stilling pr. 30.06.2014 samt af resultatet af selskabets aktiviteter for regnskabsÃ¥ret 01.07.2013 - 30.06.2014 i overensstemmelse med Ã¥rsregnskabsloven.",,,MÃ¸ldrup,,,,,,Ãrsrapporten indstilles til generalforsamlingens god kendelse.,Viborg,2014-06-30,2013-07-01,,15947.0,30104.0,Sted,2014-10-27,Aars,,"Ledelsen har ansvaret for udarbejdelsen af et Ã¥rsregnskab, der giver et retvisende billede i overensstemmelse med Ã¥rsregnskabsloven. Ledelsen har endvidere ansvaret for den interne kontrol, som ledelsen anser nÃ¸dvendig for at udarbejde et Ã¥rsregnskab uden vÃ¦sentlig fejlinformation, uanset om denne skyldes besvigelser eller fejl.","Vi har i henhold til Ã¥rsregnskabsloven gennemlÃ¦st ledelsesberetningen. Vi har ikke foretaget yderligere handlinger i tillÃ¦g til den udvidede gennemgang af Ã¥rsregnskabet.Det er pÃ¥ denne baggrund vores opfattelse, at oplysningerne i ledelsesberetningen er i overensstemmelse med Ã¥rsregnskabet.",,96 98 23 00,statsautoriseret revisor,ErklÃ¦ring om udvidet gennemgang,,urn:ofk:oid:13544115,indberetninger-20180424,2.5118417999999996,84060712.0,,2018-03-31T21:40:34.420Z,2014-11-13T23:00:00.000Z,regnskab,0.0,,2014-06-30,2013-07-01,14-276.340,2014-11-13T23:00:00.000Z,,,,,,,925615.0,,,,,,,,,,,,,,,,,,,,,,,,,,
