Year,Start_date,ProfitLoss,GrossResult,Assets,AverageNumberOfEmployees,Equity,AddressOfReportingEntityPostCodeIdentifier
12,2010-07-01,216082.0,945560.0,370672.0,0.0,166440.0,0.0
12,2011-07-01,424688.0,1166499.0,862000.0,0.0,591128.0,0.0
13,2012-07-01,-86059.0,849991.0,675353.0,0.0,505069.0,3000.0
14,2013-07-01,145857.0,1058692.0,953662.0,0.0,650926.0,3000.0
15,2014-07-01,-105574.0,882880.0,775593.0,0.0,545352.0,3000.0
16,2015-07-01,-151553.0,872530.0,704967.0,0.0,393799.0,3000.0
17,2016-07-01,-156058.0,761195.0,459739.0,0.0,237741.0,3000.0
18,2017-07-01,-118944.0,429557.0,283109.0,0.0,118797.0,3000.0
19,2018-07-01,3294.0,298853.0,283972.0,0.0,122091.0,3000.0
