Year,Start_date,ProfitLoss,GrossResult,Assets,AverageNumberOfEmployees,Equity,AddressOfReportingEntityPostCodeIdentifier
12,2010-07-01,-91749.0,-52182.0,3342122.0,0.0,864381.0,0.0
12,2011-07-01,-175670.0,84383.0,3189229.0,0.0,688711.0,0.0
13,2012-07-01,86858.0,59426.0,3323784.0,0.0,775569.0,3600.0
14,2013-07-01,67796.0,162375.0,3342184.0,0.0,843365.0,3600.0
15,2014-07-01,77964.0,182450.0,3404768.0,0.0,921329.0,3600.0
16,2015-07-01,-14300.0,188789.0,5919294.0,0.0,907029.0,3600.0
17,2016-07-01,-107383.0,273442.0,5821234.0,0.0,799646.0,3600.0
18,2017-07-01,-13202.0,119269.0,5818683.0,0.0,786444.0,3600.0
19,2018-07-01,299497.0,179482.0,6070150.0,0.0,1085941.0,3600.0
