Year,Start_date,ProfitLoss,GrossResult,Assets,AverageNumberOfEmployees,Equity,AddressOfReportingEntityPostCodeIdentifier
12,2010-07-01,1241248.0,598918.0,16018644.0,0.0,15994599.0,0.0
12,2011-07-01,705019.0,435648.0,16722350.0,0.0,16699618.0,0.0
13,2012-07-01,2316699.0,1980441.0,19041446.0,0.0,19016317.0,DK-2840
14,2013-07-01,3533369.0,0.0,22644864.0,0.0,22549686.0,DK-2840
15,2014-07-01,2829978.0,-58134.0,25535737.0,0.0,25379664.0,DK-2840
16,2015-07-01,-915916.0,-21568.0,24526599.0,0.0,24463748.0,DK-2840
17,2016-07-01,3350686.0,-6202.0,28080896.0,0.0,27814434.0,DK-2840
18,2017-07-01,760889.0,-55822.0,28633575.0,0.0,28575323.0,DK-2840
19,2018-07-01,2142405.0,-21469.0,30787251.0,0.0,30717728.0,DK-2840
