Year,Start_date,ProfitLoss,GrossResult,Assets,AverageNumberOfEmployees,Equity,AddressOfReportingEntityPostCodeIdentifier
12,2010-07-01,-99474.0,0.0,870292.0,0.0,-1201461.0,0.0
12,2011-07-01,-120309.0,0.0,667980.0,0.0,-1321770.0,0.0
13,2012-06-01,204023.0,66120.0,804736.0,0.0,-1117747.0,6720.0
14,2013-06-01,471222.0,0.0,1279451.0,0.0,-646525.0,6720.0
15,2014-06-01,211392.0,0.0,1090163.0,0.0,-435133.0,6720.0
16,2015-06-01,411005.0,0.0,1603675.0,0.0,-24128.0,6720.0
17,2016-06-01,277447.0,0.0,1717343.0,0.0,253319.0,6720.0
18,2017-06-01,185118.0,0.0,1899239.0,0.0,438437.0,6720.0
19,2018-06-01,83456.0,211616.0,1891202.0,0.0,521893.0,6720.0
