Year,Start_date,ProfitLoss,GrossResult,Assets,AverageNumberOfEmployees,Equity,AddressOfReportingEntityPostCodeIdentifier
12,2010-07-01,17139.0,2303552.0,2004117.0,0.0,435959.0,0.0
12,2011-07-01,-55807.0,1793084.0,1754262.0,0.0,380152.0,0.0
13,2012-07-01,-152596.0,1766269.0,1885201.0,0.0,227556.0,3050.0
14,2013-07-01,17258.0,1773618.0,1983201.0,0.0,244814.0,3050.0
15,2014-07-01,656768.0,3309999.0,2380309.0,0.0,901582.0,3050.0
16,2015-07-01,26486.0,1573447.0,1750341.0,0.0,928068.0,3050.0
17,2016-07-01,-299393.0,1455921.0,1318336.0,0.0,628675.0,3050.0
18,2017-07-01,113034.0,1434299.0,1974220.0,0.0,741709.0,3050.0
19,2018-07-01,293814.0,1210839.0,1920426.0,0.0,1035523.0,3050.0
