entity,start_date,end_date,context,AARSRAPPORT_pdf,AARSRAPPORT_xml,AddressOfAuditorDistrictName,AddressOfAuditorPostCodeIdentifier,AddressOfAuditorStreetBuildingIdentifier,AddressOfAuditorStreetName,AddressOfFinancialDistrictName,AddressOfFinancialPostCodeIdentifier,AddressOfFinancialStreetName,AddressOfReportingEntityPostCodeIdentifier,AddressOfReportingEntityStreetName,AddressOfSubmittingEnterprisePostcodeAndTown,AddressOfSubmittingEnterpriseStreetAndNumber,AddresseeOfAuditorsReportOnExtendedReviewOfFinancialStatements,AdjustmentsForCurrentTaxOfPriorPeriod,ClassOfReportingEntity,ConfirmationThatAnnualReportIsPresentedInAccordanceWithRequirementsProvidedForByLegislationAnyStandardsAndRequirementsProvidedByArticlesOfAssociationOrByAgreement,ConfirmationThatFinancialStatementGivesTrueAndFairViewOfAssetsLiabilitiesEquityFinancialPositionAndResults,CurrentTaxExpense,DateOfApprovalOfAnnualReport,DateOfFoundationOfReportingEntity,DateOfGeneralMeeting,DepreciationAmortisationExpenseAndImpairmentLossesOfPropertyPlantAndEquipmentAndIntangibleAssetsRecognisedInProfitOrLoss,DepreciationOfPropertyPlantAndEquipment,DescriptionOfAuditor,DescriptionOfMethodsOfDividends,DescriptionOfMethodsOfInvestmentsAsCurrentAssets,DescriptionOfMethodsOfRecognitionAndMeasurementBasisOfDeferredIncomeAssets,DescriptionOfMethodsOfRecognitionAndMeasurementBasisOfEmployeeBenefitExpense,DescriptionOfMethodsOfRecognitionAndMeasurementBasisOfFinanceIncomeAndExpenses,DescriptionOfMethodsOfRecognitionAndMeasurementBasisOfInvestments,DescriptionOfMethodsOfRecognitionAndMeasurementBasisOfLiabilitiesOtherThanProvisions,DescriptionOfMethodsOfRecognitionAndMeasurementBasisOfReceivables,DescriptionOfMethodsOfRecognitionAndMeasurementBasisOfRevenue,DescriptionOfMethodsOfRecognitionAndMeasurementBasisOfTaxExpenses,DescriptionOfPrimaryActivitiesOfEntity,DescriptionOfSignificantEventsOccurringAfterEndOfReportingPeriod,DisclosureOfCollateralsAndAssetsPledgesAsSecurity,DisclosureOfEquity,DividendPaid,EmployeeBenefitsExpense,GrossResult,IdentificationNumberCvrOfReportingEntity,IdentificationNumberCvrOfSubmittingEnterprise,IdentificationOfApprovedAnnualReport,IdentificationOfFinancialStatementsAndDescriptionOfFinancialReportingFrameworkAppliedInPreparationOfFinancialStatementsExtendedReview,InformationOnTypeOfSubmittedReport,ManagementsStatementAboutManagementsReview,NameAndSurnameOfAuditor,NameAndSurnameOfChairmanOfGeneralMeeting,NameAndSurnameOfMemberOfExecutiveBoard,NameOfFinancialInstitution,NameOfReportingEntity,NameOfSubmittingEnterprise,OpinionOnFinancialStatementsExtendedReview,OtherFinanceExpenses,OtherFinanceIncome,PlaceOfSignatureOfStatement,PostemploymentBenefitExpense,ProfitLoss,ProfitLossFromOrdinaryActivitiesBeforeTax,ProfitLossFromOrdinaryOperatingActivities,RecommendationForApprovalOfAnnualReportByGeneralMeeting,RegisteredOfficeOfReportingEntity,ReportingPeriodEndDate,ReportingPeriodStartDate,SignatureOfAuditorsDate,SignatureOfAuditorsPlace,SocialSecurityContributions,StatementOfExecutiveAndSupervisoryBoardsResponsibilityForFinancialStatementsExtendedReview,StatementOnManagementsReviewAuditorsReportOnExtendedReviewFinancialStatementsExtendedReview,TaxExpenseOnOrdinaryActivities,TypeOfAuditorAssistance,WagesAndSalaries,_id,_index,_score,cvrNummer,indlaesningsId,indlaesningsTidspunkt,offentliggoerelsesTidspunkt,offentliggoerelsestype,omgoerelse,regNummer,regnskabsperiode_slutDato,regnskabsperiode_startDato,sagsNummer,sidstOpdateret,Assets,CashAndCashEquivalents,ContributedCapital,CurrentAssets,DeferredIncomeAssets,Equity,FixturesFittingsToolsAndEquipment,LiabilitiesAndEquity,LiabilitiesOtherThanProvisions,LongtermInvestmentsAndReceivables,NoncurrentAssets,OtherLongtermReceivables,OtherShorttermInvestments,OtherShorttermPayables,PropertyPlantAndEquipment,ProposedDividendRecognisedInEquity,Provisions,ProvisionsForDeferredTax,RetainedEarnings,ShorttermInvestments,ShorttermLiabilitiesOtherThanProvisions,ShorttermReceivables,ShorttermTaxPayables,ShorttermTaxReceivables,ShorttermTradeReceivables,InvestmentsGross,AccumulatedImpairmentLossesAndDepreciationOfPropertyPlantAndEquipment,PropertyPlantAndEquipmentGross,NameOfAuditFirm
29195951,2012-01-01,2012-12-31,c1,http://regnskaber.virk.dk/15959192/Y3ZyLmRrOi8vcGRmcy8yOTE5NTk1MTtBcFMzNjE4MzA7MjAxMzAxMDE7MjAxMzEyMzE7UjtS.pdf,http://regnskaber.virk.dk/15959192/Y3ZyLmRrOi8veGJybHMvWC1CNjEwQjg1Ri0yMDE0MDIyNV8wNzUyMDVfNTY2.xml,KÃ¸benhavn V,1561.0,29.0,Havneholmen,KÃ¸benhavn K,1092.0,Holmens Kanal 2-12,2670  Greve,Greve Bygade 22,DK-1561 KÃ¸benhavn V,Havneholmen 29,Til kapitalejeren i BtB Consult ApS,-1425.0,Regnskabsklasse B,Ãrsrapporten aflÃ¦gges i overensstemmelse med Ã¥rsregnskabsloven.,"Det er min opfattelse, at Ã¥rsregnskabet giver et retvisende billede af selskabets aktiver, passiver og finansielle stilling pr. 31. december 2013 samt af resultatet af selskabets aktiviteter for regnskabsÃ¥ret 1. januar - 31. december 2013.",-35200.0,2014-02-21,2005-12-02,2014-02-23,-33410.0,33410.0,Statsautoriseret revisor,"Udbytte, som forventes udbetalt for Ã¥ret, vises som en sÃ¦rskilt post under egenkapitalen.","VÃ¦rdipapirer, indregnet under omsÃ¦tningsaktiver, omfatter bÃ¸rsnoterede obligationer, aktier og andre vÃ¦rdipapirer, der mÃ¥les til dagsvÃ¦rdi pÃ¥ balancedagen. BÃ¸rsnoterede vÃ¦rdipapirer mÃ¥les til bÃ¸rskurs. Ikke bÃ¸rsnoterede vÃ¦rdipapirer mÃ¥les til en salgsvÃ¦rdi baseret pÃ¥ beregnet kapitalvÃ¦rdi.",PeriodeafgrÃ¦nsningsposter indregnet under aktiver omfatter afholdte omkostninger vedrÃ¸rende efterfÃ¸lgende regnskabsÃ¥r.,"Personaleomkostninger omfatter lÃ¸n og gager, inklusiv feriepenge og pensioner samt andre omkostninger til social sikring mv. til selskabets medarbejdere. I personaleomkostninger er fratrukket modtagne godtgÃ¸relser fra offentlige myndigheder.","Finansielle indtÃ¦gter og omkostninger indeholder renteindtÃ¦gter og -omkostninger, finansielle omkostninger ved finansiel leasing, realiserede og urealiserede kursgevinster og -tab vedrÃ¸rende vÃ¦rdipapirer, gÃ¦ld og transaktioner i fremmed valuta, amortisering af finansielle aktiver og forpligtelser samt tillÃ¦g og godtgÃ¸relse under acontoskatteordningen mv. Finansielle indtÃ¦gter og omkostninger indregnes med de belÃ¸b, der vedrÃ¸rer regnskabsÃ¥ret.","Deposita omfatter huslejedeposita, som indregnes og mÃ¥les til kostpris. Der afskrives ikke pÃ¥ deposita.",GÃ¦ld er mÃ¥lt til amortiseret kostpris svarende til nominel vÃ¦rdi.,"Tilgodehavender mÃ¥les til amortiseret kostpris, hvilket sÃ¦dvanligvis svarer til nominel vÃ¦rdi. VÃ¦rdien reduceres med nedskrivning til imÃ¸degÃ¥else af forventede tab.","NettoomsÃ¦tningen ved salg af handelsvarer og fÃ¦rdigvarer indregnes i resultatopgÃ¸relsen, sÃ¥fremt levering og risikoovergang til kÃ¸ber har fundet sted inden Ã¥rets udgang. NettoomsÃ¦tning indregnes eksklusiv moms, afgifter og med fradrag af rabatter i forbindelse med salget.","Ãrets skat, som bestÃ¥r af Ã¥rets aktuelle skat og forskydning i udskudt skat, indregnes i resultatopgÃ¸relsen med den del, der kan henfÃ¸res til Ã¥rets resultat, og direkte pÃ¥ egenkapitalen med den del, der kan henfÃ¸res til posteringer direkte pÃ¥ egenkapitalen.",Selskabets vÃ¦sentligste aktivitet er at drive administrationsvirkswomhed.,Der er ikke efter regnskabsÃ¥rets afslutning indtruffet begivenheder af vÃ¦sentlig betydning for selskabets finansielle stilling.,Selskabet har ingen eventualforpligtelser udover almindelige arbejds- og garantiforpligtelser.,Anpartskapitalen har ikke vÃ¦ret Ã¦ndret i de seneste 5 Ã¥r.,-96600.0,-1140774.0,1317346.0,29195951.0,20222670.0,Direktionen har dags dato behandlet og godkendt Ã¥rsrapporten for 1. januar - 31. december 2013 for BtB Consult ApS.,"Vi har udfÃ¸rt udvidet gennemgang af Ã¥rsregnskabet for BtB Consult ApS for regnskabsÃ¥ret 1. januar - 31. december 2013, der omfatter anvendt regnskabspraksis, resultatopgÃ¸relse, balance og noter. Ãrsregnskabet udarbejdes efter Ã¥rsregnskabsloven.",Ãrsrapport,"Ledelsesberetningen indeholder efter min opfattelse en retvisende redegÃ¸relse for de forhold, beretningen omhandler.",Bent Christensen,Vibeke Gubbertsen,Vibeke Gubbertsen,Danske Bank,BtB Consult ApS,BDO Statsautoriseret revisionsaktieselskab,"PÃ¥ grundlag af det udfÃ¸rte arbejde er det vores opfattelse, at Ã¥rsregnskabet giver et retvisende billede af selskabets aktiver, passiver og finansielle stilling pr. 31. december 2013 samt af resultatet af selskabets aktiviteter for regnskabsÃ¥ret 1. januar - 31. december 2013 i overensstemmelse med Ã¥rsregnskabsloven.",-4313.0,3479.0,Greve,-100387.0,105703.0,142328.0,143162.0,Ãrsrapporten indstilles til generalforsamlingens godkendelse.,Greve,2013-12-31,2013-01-01,2014-02-21,KÃ¸benhavn,-9465.0,"Ledelsen har ansvaret for udarbejdelsen af et Ã¥rsregnskab, der giver et retvisende billede i overensstemmelse med Ã¥rsregnskabsloven. Ledelsen har endvidere ansvaret for den interne kontrol, som ledelsen anser nÃ¸dvendig for at udarbejde et Ã¥rsregnskab uden vÃ¦sentlig fejlinformation, uanset om denne skyldes besvigelser eller fejl.","Vi har i henhold til Ã¥rsregnskabsloven gennemlÃ¦st ledelsesberetningen. Vi har ikke foretaget yderligere handlinger i tillÃ¦g til den udvidede gennemgang af Ã¥rsregnskabet. Det er pÃ¥ denne baggrund vores opfattelse, at oplysningerne i ledelsesberetningen er i overensstemmelse med Ã¥rsregnskabet.",-36625.0,ErklÃ¦ring om udvidet gennemgang,-1030922.0,urn:ofk:oid:17264925,indberetninger-20180424,2.509595,29195951.0,,2018-03-31T21:22:50.573Z,2014-02-25T23:00:00.000Z,regnskab,0.0,,2013-12-31,2013-01-01,14-82.354,2014-02-25T23:00:00.000Z,,,,,,,,,,,,,,,,,,,,,,,,,,,,,
29195951,2012-01-01,2012-12-31,c30,http://regnskaber.virk.dk/15959192/Y3ZyLmRrOi8vcGRmcy8yOTE5NTk1MTtBcFMzNjE4MzA7MjAxMzAxMDE7MjAxMzEyMzE7UjtS.pdf,http://regnskaber.virk.dk/15959192/Y3ZyLmRrOi8veGJybHMvWC1CNjEwQjg1Ri0yMDE0MDIyNV8wNzUyMDVfNTY2.xml,KÃ¸benhavn V,1561.0,29.0,Havneholmen,KÃ¸benhavn K,1092.0,Holmens Kanal 2-12,2670  Greve,Greve Bygade 22,DK-1561 KÃ¸benhavn V,Havneholmen 29,Til kapitalejeren i BtB Consult ApS,,Regnskabsklasse B,Ãrsrapporten aflÃ¦gges i overensstemmelse med Ã¥rsregnskabsloven.,"Det er min opfattelse, at Ã¥rsregnskabet giver et retvisende billede af selskabets aktiver, passiver og finansielle stilling pr. 31. december 2013 samt af resultatet af selskabets aktiviteter for regnskabsÃ¥ret 1. januar - 31. december 2013.",,2014-02-21,2005-12-02,2014-02-23,,33410.0,Statsautoriseret revisor,"Udbytte, som forventes udbetalt for Ã¥ret, vises som en sÃ¦rskilt post under egenkapitalen.","VÃ¦rdipapirer, indregnet under omsÃ¦tningsaktiver, omfatter bÃ¸rsnoterede obligationer, aktier og andre vÃ¦rdipapirer, der mÃ¥les til dagsvÃ¦rdi pÃ¥ balancedagen. BÃ¸rsnoterede vÃ¦rdipapirer mÃ¥les til bÃ¸rskurs. Ikke bÃ¸rsnoterede vÃ¦rdipapirer mÃ¥les til en salgsvÃ¦rdi baseret pÃ¥ beregnet kapitalvÃ¦rdi.",PeriodeafgrÃ¦nsningsposter indregnet under aktiver omfatter afholdte omkostninger vedrÃ¸rende efterfÃ¸lgende regnskabsÃ¥r.,"Personaleomkostninger omfatter lÃ¸n og gager, inklusiv feriepenge og pensioner samt andre omkostninger til social sikring mv. til selskabets medarbejdere. I personaleomkostninger er fratrukket modtagne godtgÃ¸relser fra offentlige myndigheder.","Finansielle indtÃ¦gter og omkostninger indeholder renteindtÃ¦gter og -omkostninger, finansielle omkostninger ved finansiel leasing, realiserede og urealiserede kursgevinster og -tab vedrÃ¸rende vÃ¦rdipapirer, gÃ¦ld og transaktioner i fremmed valuta, amortisering af finansielle aktiver og forpligtelser samt tillÃ¦g og godtgÃ¸relse under acontoskatteordningen mv. Finansielle indtÃ¦gter og omkostninger indregnes med de belÃ¸b, der vedrÃ¸rer regnskabsÃ¥ret.","Deposita omfatter huslejedeposita, som indregnes og mÃ¥les til kostpris. Der afskrives ikke pÃ¥ deposita.",GÃ¦ld er mÃ¥lt til amortiseret kostpris svarende til nominel vÃ¦rdi.,"Tilgodehavender mÃ¥les til amortiseret kostpris, hvilket sÃ¦dvanligvis svarer til nominel vÃ¦rdi. VÃ¦rdien reduceres med nedskrivning til imÃ¸degÃ¥else af forventede tab.","NettoomsÃ¦tningen ved salg af handelsvarer og fÃ¦rdigvarer indregnes i resultatopgÃ¸relsen, sÃ¥fremt levering og risikoovergang til kÃ¸ber har fundet sted inden Ã¥rets udgang. NettoomsÃ¦tning indregnes eksklusiv moms, afgifter og med fradrag af rabatter i forbindelse med salget.","Ãrets skat, som bestÃ¥r af Ã¥rets aktuelle skat og forskydning i udskudt skat, indregnes i resultatopgÃ¸relsen med den del, der kan henfÃ¸res til Ã¥rets resultat, og direkte pÃ¥ egenkapitalen med den del, der kan henfÃ¸res til posteringer direkte pÃ¥ egenkapitalen.",Selskabets vÃ¦sentligste aktivitet er at drive administrationsvirkswomhed.,Der er ikke efter regnskabsÃ¥rets afslutning indtruffet begivenheder af vÃ¦sentlig betydning for selskabets finansielle stilling.,Selskabet har ingen eventualforpligtelser udover almindelige arbejds- og garantiforpligtelser.,Anpartskapitalen har ikke vÃ¦ret Ã¦ndret i de seneste 5 Ã¥r.,-96600.0,,,29195951.0,20222670.0,Direktionen har dags dato behandlet og godkendt Ã¥rsrapporten for 1. januar - 31. december 2013 for BtB Consult ApS.,"Vi har udfÃ¸rt udvidet gennemgang af Ã¥rsregnskabet for BtB Consult ApS for regnskabsÃ¥ret 1. januar - 31. december 2013, der omfatter anvendt regnskabspraksis, resultatopgÃ¸relse, balance og noter. Ãrsregnskabet udarbejdes efter Ã¥rsregnskabsloven.",Ãrsrapport,"Ledelsesberetningen indeholder efter min opfattelse en retvisende redegÃ¸relse for de forhold, beretningen omhandler.",Bent Christensen,Vibeke Gubbertsen,Vibeke Gubbertsen,Danske Bank,BtB Consult ApS,BDO Statsautoriseret revisionsaktieselskab,"PÃ¥ grundlag af det udfÃ¸rte arbejde er det vores opfattelse, at Ã¥rsregnskabet giver et retvisende billede af selskabets aktiver, passiver og finansielle stilling pr. 31. december 2013 samt af resultatet af selskabets aktiviteter for regnskabsÃ¥ret 1. januar - 31. december 2013 i overensstemmelse med Ã¥rsregnskabsloven.",,,Greve,,9103.0,,,Ãrsrapporten indstilles til generalforsamlingens godkendelse.,Greve,2013-12-31,2013-01-01,2014-02-21,KÃ¸benhavn,,"Ledelsen har ansvaret for udarbejdelsen af et Ã¥rsregnskab, der giver et retvisende billede i overensstemmelse med Ã¥rsregnskabsloven. Ledelsen har endvidere ansvaret for den interne kontrol, som ledelsen anser nÃ¸dvendig for at udarbejde et Ã¥rsregnskab uden vÃ¦sentlig fejlinformation, uanset om denne skyldes besvigelser eller fejl.","Vi har i henhold til Ã¥rsregnskabsloven gennemlÃ¦st ledelsesberetningen. Vi har ikke foretaget yderligere handlinger i tillÃ¦g til den udvidede gennemgang af Ã¥rsregnskabet. Det er pÃ¥ denne baggrund vores opfattelse, at oplysningerne i ledelsesberetningen er i overensstemmelse med Ã¥rsregnskabet.",,ErklÃ¦ring om udvidet gennemgang,,urn:ofk:oid:17264925,indberetninger-20180424,2.509595,29195951.0,,2018-03-31T21:22:50.573Z,2014-02-25T23:00:00.000Z,regnskab,0.0,,2013-12-31,2013-01-01,14-82.354,2014-02-25T23:00:00.000Z,,,,,,,,,,,,,,,,,,,,,,,,,,,,,
29195951,2012-01-01,2012-12-31,c6,http://regnskaber.virk.dk/15959192/Y3ZyLmRrOi8vcGRmcy8yOTE5NTk1MTtBcFMzNjE4MzA7MjAxMzAxMDE7MjAxMzEyMzE7UjtS.pdf,http://regnskaber.virk.dk/15959192/Y3ZyLmRrOi8veGJybHMvWC1CNjEwQjg1Ri0yMDE0MDIyNV8wNzUyMDVfNTY2.xml,KÃ¸benhavn V,1561.0,29.0,Havneholmen,KÃ¸benhavn K,1092.0,Holmens Kanal 2-12,2670  Greve,Greve Bygade 22,DK-1561 KÃ¸benhavn V,Havneholmen 29,Til kapitalejeren i BtB Consult ApS,,Regnskabsklasse B,Ãrsrapporten aflÃ¦gges i overensstemmelse med Ã¥rsregnskabsloven.,"Det er min opfattelse, at Ã¥rsregnskabet giver et retvisende billede af selskabets aktiver, passiver og finansielle stilling pr. 31. december 2013 samt af resultatet af selskabets aktiviteter for regnskabsÃ¥ret 1. januar - 31. december 2013.",,2014-02-21,2005-12-02,2014-02-23,,33410.0,Statsautoriseret revisor,"Udbytte, som forventes udbetalt for Ã¥ret, vises som en sÃ¦rskilt post under egenkapitalen.","VÃ¦rdipapirer, indregnet under omsÃ¦tningsaktiver, omfatter bÃ¸rsnoterede obligationer, aktier og andre vÃ¦rdipapirer, der mÃ¥les til dagsvÃ¦rdi pÃ¥ balancedagen. BÃ¸rsnoterede vÃ¦rdipapirer mÃ¥les til bÃ¸rskurs. Ikke bÃ¸rsnoterede vÃ¦rdipapirer mÃ¥les til en salgsvÃ¦rdi baseret pÃ¥ beregnet kapitalvÃ¦rdi.",PeriodeafgrÃ¦nsningsposter indregnet under aktiver omfatter afholdte omkostninger vedrÃ¸rende efterfÃ¸lgende regnskabsÃ¥r.,"Personaleomkostninger omfatter lÃ¸n og gager, inklusiv feriepenge og pensioner samt andre omkostninger til social sikring mv. til selskabets medarbejdere. I personaleomkostninger er fratrukket modtagne godtgÃ¸relser fra offentlige myndigheder.","Finansielle indtÃ¦gter og omkostninger indeholder renteindtÃ¦gter og -omkostninger, finansielle omkostninger ved finansiel leasing, realiserede og urealiserede kursgevinster og -tab vedrÃ¸rende vÃ¦rdipapirer, gÃ¦ld og transaktioner i fremmed valuta, amortisering af finansielle aktiver og forpligtelser samt tillÃ¦g og godtgÃ¸relse under acontoskatteordningen mv. Finansielle indtÃ¦gter og omkostninger indregnes med de belÃ¸b, der vedrÃ¸rer regnskabsÃ¥ret.","Deposita omfatter huslejedeposita, som indregnes og mÃ¥les til kostpris. Der afskrives ikke pÃ¥ deposita.",GÃ¦ld er mÃ¥lt til amortiseret kostpris svarende til nominel vÃ¦rdi.,"Tilgodehavender mÃ¥les til amortiseret kostpris, hvilket sÃ¦dvanligvis svarer til nominel vÃ¦rdi. VÃ¦rdien reduceres med nedskrivning til imÃ¸degÃ¥else af forventede tab.","NettoomsÃ¦tningen ved salg af handelsvarer og fÃ¦rdigvarer indregnes i resultatopgÃ¸relsen, sÃ¥fremt levering og risikoovergang til kÃ¸ber har fundet sted inden Ã¥rets udgang. NettoomsÃ¦tning indregnes eksklusiv moms, afgifter og med fradrag af rabatter i forbindelse med salget.","Ãrets skat, som bestÃ¥r af Ã¥rets aktuelle skat og forskydning i udskudt skat, indregnes i resultatopgÃ¸relsen med den del, der kan henfÃ¸res til Ã¥rets resultat, og direkte pÃ¥ egenkapitalen med den del, der kan henfÃ¸res til posteringer direkte pÃ¥ egenkapitalen.",Selskabets vÃ¦sentligste aktivitet er at drive administrationsvirkswomhed.,Der er ikke efter regnskabsÃ¥rets afslutning indtruffet begivenheder af vÃ¦sentlig betydning for selskabets finansielle stilling.,Selskabet har ingen eventualforpligtelser udover almindelige arbejds- og garantiforpligtelser.,Anpartskapitalen har ikke vÃ¦ret Ã¦ndret i de seneste 5 Ã¥r.,-96600.0,,,29195951.0,20222670.0,Direktionen har dags dato behandlet og godkendt Ã¥rsrapporten for 1. januar - 31. december 2013 for BtB Consult ApS.,"Vi har udfÃ¸rt udvidet gennemgang af Ã¥rsregnskabet for BtB Consult ApS for regnskabsÃ¥ret 1. januar - 31. december 2013, der omfatter anvendt regnskabspraksis, resultatopgÃ¸relse, balance og noter. Ãrsregnskabet udarbejdes efter Ã¥rsregnskabsloven.",Ãrsrapport,"Ledelsesberetningen indeholder efter min opfattelse en retvisende redegÃ¸relse for de forhold, beretningen omhandler.",Bent Christensen,Vibeke Gubbertsen,Vibeke Gubbertsen,Danske Bank,BtB Consult ApS,BDO Statsautoriseret revisionsaktieselskab,"PÃ¥ grundlag af det udfÃ¸rte arbejde er det vores opfattelse, at Ã¥rsregnskabet giver et retvisende billede af selskabets aktiver, passiver og finansielle stilling pr. 31. december 2013 samt af resultatet af selskabets aktiviteter for regnskabsÃ¥ret 1. januar - 31. december 2013 i overensstemmelse med Ã¥rsregnskabsloven.",,,Greve,,96600.0,,,Ãrsrapporten indstilles til generalforsamlingens godkendelse.,Greve,2013-12-31,2013-01-01,2014-02-21,KÃ¸benhavn,,"Ledelsen har ansvaret for udarbejdelsen af et Ã¥rsregnskab, der giver et retvisende billede i overensstemmelse med Ã¥rsregnskabsloven. Ledelsen har endvidere ansvaret for den interne kontrol, som ledelsen anser nÃ¸dvendig for at udarbejde et Ã¥rsregnskab uden vÃ¦sentlig fejlinformation, uanset om denne skyldes besvigelser eller fejl.","Vi har i henhold til Ã¥rsregnskabsloven gennemlÃ¦st ledelsesberetningen. Vi har ikke foretaget yderligere handlinger i tillÃ¦g til den udvidede gennemgang af Ã¥rsregnskabet. Det er pÃ¥ denne baggrund vores opfattelse, at oplysningerne i ledelsesberetningen er i overensstemmelse med Ã¥rsregnskabet.",,ErklÃ¦ring om udvidet gennemgang,,urn:ofk:oid:17264925,indberetninger-20180424,2.509595,29195951.0,,2018-03-31T21:22:50.573Z,2014-02-25T23:00:00.000Z,regnskab,0.0,,2013-12-31,2013-01-01,14-82.354,2014-02-25T23:00:00.000Z,,,,,,,,,,,,,,,,,,,,,,,,,,,,,
29195951,2012-12-31,2012-12-31,c4,http://regnskaber.virk.dk/15959192/Y3ZyLmRrOi8vcGRmcy8yOTE5NTk1MTtBcFMzNjE4MzA7MjAxMzAxMDE7MjAxMzEyMzE7UjtS.pdf,http://regnskaber.virk.dk/15959192/Y3ZyLmRrOi8veGJybHMvWC1CNjEwQjg1Ri0yMDE0MDIyNV8wNzUyMDVfNTY2.xml,KÃ¸benhavn V,1561.0,29.0,Havneholmen,KÃ¸benhavn K,1092.0,Holmens Kanal 2-12,2670  Greve,Greve Bygade 22,DK-1561 KÃ¸benhavn V,Havneholmen 29,Til kapitalejeren i BtB Consult ApS,,Regnskabsklasse B,Ãrsrapporten aflÃ¦gges i overensstemmelse med Ã¥rsregnskabsloven.,"Det er min opfattelse, at Ã¥rsregnskabet giver et retvisende billede af selskabets aktiver, passiver og finansielle stilling pr. 31. december 2013 samt af resultatet af selskabets aktiviteter for regnskabsÃ¥ret 1. januar - 31. december 2013.",,2014-02-21,2005-12-02,2014-02-23,,33410.0,Statsautoriseret revisor,"Udbytte, som forventes udbetalt for Ã¥ret, vises som en sÃ¦rskilt post under egenkapitalen.","VÃ¦rdipapirer, indregnet under omsÃ¦tningsaktiver, omfatter bÃ¸rsnoterede obligationer, aktier og andre vÃ¦rdipapirer, der mÃ¥les til dagsvÃ¦rdi pÃ¥ balancedagen. BÃ¸rsnoterede vÃ¦rdipapirer mÃ¥les til bÃ¸rskurs. Ikke bÃ¸rsnoterede vÃ¦rdipapirer mÃ¥les til en salgsvÃ¦rdi baseret pÃ¥ beregnet kapitalvÃ¦rdi.",PeriodeafgrÃ¦nsningsposter indregnet under aktiver omfatter afholdte omkostninger vedrÃ¸rende efterfÃ¸lgende regnskabsÃ¥r.,"Personaleomkostninger omfatter lÃ¸n og gager, inklusiv feriepenge og pensioner samt andre omkostninger til social sikring mv. til selskabets medarbejdere. I personaleomkostninger er fratrukket modtagne godtgÃ¸relser fra offentlige myndigheder.","Finansielle indtÃ¦gter og omkostninger indeholder renteindtÃ¦gter og -omkostninger, finansielle omkostninger ved finansiel leasing, realiserede og urealiserede kursgevinster og -tab vedrÃ¸rende vÃ¦rdipapirer, gÃ¦ld og transaktioner i fremmed valuta, amortisering af finansielle aktiver og forpligtelser samt tillÃ¦g og godtgÃ¸relse under acontoskatteordningen mv. Finansielle indtÃ¦gter og omkostninger indregnes med de belÃ¸b, der vedrÃ¸rer regnskabsÃ¥ret.","Deposita omfatter huslejedeposita, som indregnes og mÃ¥les til kostpris. Der afskrives ikke pÃ¥ deposita.",GÃ¦ld er mÃ¥lt til amortiseret kostpris svarende til nominel vÃ¦rdi.,"Tilgodehavender mÃ¥les til amortiseret kostpris, hvilket sÃ¦dvanligvis svarer til nominel vÃ¦rdi. VÃ¦rdien reduceres med nedskrivning til imÃ¸degÃ¥else af forventede tab.","NettoomsÃ¦tningen ved salg af handelsvarer og fÃ¦rdigvarer indregnes i resultatopgÃ¸relsen, sÃ¥fremt levering og risikoovergang til kÃ¸ber har fundet sted inden Ã¥rets udgang. NettoomsÃ¦tning indregnes eksklusiv moms, afgifter og med fradrag af rabatter i forbindelse med salget.","Ãrets skat, som bestÃ¥r af Ã¥rets aktuelle skat og forskydning i udskudt skat, indregnes i resultatopgÃ¸relsen med den del, der kan henfÃ¸res til Ã¥rets resultat, og direkte pÃ¥ egenkapitalen med den del, der kan henfÃ¸res til posteringer direkte pÃ¥ egenkapitalen.",Selskabets vÃ¦sentligste aktivitet er at drive administrationsvirkswomhed.,Der er ikke efter regnskabsÃ¥rets afslutning indtruffet begivenheder af vÃ¦sentlig betydning for selskabets finansielle stilling.,Selskabet har ingen eventualforpligtelser udover almindelige arbejds- og garantiforpligtelser.,Anpartskapitalen har ikke vÃ¦ret Ã¦ndret i de seneste 5 Ã¥r.,-96600.0,,,29195951.0,20222670.0,Direktionen har dags dato behandlet og godkendt Ã¥rsrapporten for 1. januar - 31. december 2013 for BtB Consult ApS.,"Vi har udfÃ¸rt udvidet gennemgang af Ã¥rsregnskabet for BtB Consult ApS for regnskabsÃ¥ret 1. januar - 31. december 2013, der omfatter anvendt regnskabspraksis, resultatopgÃ¸relse, balance og noter. Ãrsregnskabet udarbejdes efter Ã¥rsregnskabsloven.",Ãrsrapport,"Ledelsesberetningen indeholder efter min opfattelse en retvisende redegÃ¸relse for de forhold, beretningen omhandler.",Bent Christensen,Vibeke Gubbertsen,Vibeke Gubbertsen,Danske Bank,BtB Consult ApS,BDO Statsautoriseret revisionsaktieselskab,"PÃ¥ grundlag af det udfÃ¸rte arbejde er det vores opfattelse, at Ã¥rsregnskabet giver et retvisende billede af selskabets aktiver, passiver og finansielle stilling pr. 31. december 2013 samt af resultatet af selskabets aktiviteter for regnskabsÃ¥ret 1. januar - 31. december 2013 i overensstemmelse med Ã¥rsregnskabsloven.",,,Greve,,,,,Ãrsrapporten indstilles til generalforsamlingens godkendelse.,Greve,2013-12-31,2013-01-01,2014-02-21,KÃ¸benhavn,,"Ledelsen har ansvaret for udarbejdelsen af et Ã¥rsregnskab, der giver et retvisende billede i overensstemmelse med Ã¥rsregnskabsloven. Ledelsen har endvidere ansvaret for den interne kontrol, som ledelsen anser nÃ¸dvendig for at udarbejde et Ã¥rsregnskab uden vÃ¦sentlig fejlinformation, uanset om denne skyldes besvigelser eller fejl.","Vi har i henhold til Ã¥rsregnskabsloven gennemlÃ¦st ledelsesberetningen. Vi har ikke foretaget yderligere handlinger i tillÃ¦g til den udvidede gennemgang af Ã¥rsregnskabet. Det er pÃ¥ denne baggrund vores opfattelse, at oplysningerne i ledelsesberetningen er i overensstemmelse med Ã¥rsregnskabet.",,ErklÃ¦ring om udvidet gennemgang,,urn:ofk:oid:17264925,indberetninger-20180424,2.509595,29195951.0,,2018-03-31T21:22:50.573Z,2014-02-25T23:00:00.000Z,regnskab,0.0,,2013-12-31,2013-01-01,14-82.354,2014-02-25T23:00:00.000Z,634073.0,201983.0,125000.0,469439.0,1231.0,460224.0,129434.0,634073.0,170849.0,35200.0,164634.0,35200.0,115457.0,161649.0,129434.0,96600.0,3000.0,3000.0,238624.0,115457.0,170849.0,151999.0,9200.0,0.0,150768.0,,,,
29195951,2013-01-01,2013-01-01,c131,http://regnskaber.virk.dk/15959192/Y3ZyLmRrOi8vcGRmcy8yOTE5NTk1MTtBcFMzNjE4MzA7MjAxMzAxMDE7MjAxMzEyMzE7UjtS.pdf,http://regnskaber.virk.dk/15959192/Y3ZyLmRrOi8veGJybHMvWC1CNjEwQjg1Ri0yMDE0MDIyNV8wNzUyMDVfNTY2.xml,KÃ¸benhavn V,1561.0,29.0,Havneholmen,KÃ¸benhavn K,1092.0,Holmens Kanal 2-12,2670  Greve,Greve Bygade 22,DK-1561 KÃ¸benhavn V,Havneholmen 29,Til kapitalejeren i BtB Consult ApS,,Regnskabsklasse B,Ãrsrapporten aflÃ¦gges i overensstemmelse med Ã¥rsregnskabsloven.,"Det er min opfattelse, at Ã¥rsregnskabet giver et retvisende billede af selskabets aktiver, passiver og finansielle stilling pr. 31. december 2013 samt af resultatet af selskabets aktiviteter for regnskabsÃ¥ret 1. januar - 31. december 2013.",,2014-02-21,2005-12-02,2014-02-23,,33410.0,Statsautoriseret revisor,"Udbytte, som forventes udbetalt for Ã¥ret, vises som en sÃ¦rskilt post under egenkapitalen.","VÃ¦rdipapirer, indregnet under omsÃ¦tningsaktiver, omfatter bÃ¸rsnoterede obligationer, aktier og andre vÃ¦rdipapirer, der mÃ¥les til dagsvÃ¦rdi pÃ¥ balancedagen. BÃ¸rsnoterede vÃ¦rdipapirer mÃ¥les til bÃ¸rskurs. Ikke bÃ¸rsnoterede vÃ¦rdipapirer mÃ¥les til en salgsvÃ¦rdi baseret pÃ¥ beregnet kapitalvÃ¦rdi.",PeriodeafgrÃ¦nsningsposter indregnet under aktiver omfatter afholdte omkostninger vedrÃ¸rende efterfÃ¸lgende regnskabsÃ¥r.,"Personaleomkostninger omfatter lÃ¸n og gager, inklusiv feriepenge og pensioner samt andre omkostninger til social sikring mv. til selskabets medarbejdere. I personaleomkostninger er fratrukket modtagne godtgÃ¸relser fra offentlige myndigheder.","Finansielle indtÃ¦gter og omkostninger indeholder renteindtÃ¦gter og -omkostninger, finansielle omkostninger ved finansiel leasing, realiserede og urealiserede kursgevinster og -tab vedrÃ¸rende vÃ¦rdipapirer, gÃ¦ld og transaktioner i fremmed valuta, amortisering af finansielle aktiver og forpligtelser samt tillÃ¦g og godtgÃ¸relse under acontoskatteordningen mv. Finansielle indtÃ¦gter og omkostninger indregnes med de belÃ¸b, der vedrÃ¸rer regnskabsÃ¥ret.","Deposita omfatter huslejedeposita, som indregnes og mÃ¥les til kostpris. Der afskrives ikke pÃ¥ deposita.",GÃ¦ld er mÃ¥lt til amortiseret kostpris svarende til nominel vÃ¦rdi.,"Tilgodehavender mÃ¥les til amortiseret kostpris, hvilket sÃ¦dvanligvis svarer til nominel vÃ¦rdi. VÃ¦rdien reduceres med nedskrivning til imÃ¸degÃ¥else af forventede tab.","NettoomsÃ¦tningen ved salg af handelsvarer og fÃ¦rdigvarer indregnes i resultatopgÃ¸relsen, sÃ¥fremt levering og risikoovergang til kÃ¸ber har fundet sted inden Ã¥rets udgang. NettoomsÃ¦tning indregnes eksklusiv moms, afgifter og med fradrag af rabatter i forbindelse med salget.","Ãrets skat, som bestÃ¥r af Ã¥rets aktuelle skat og forskydning i udskudt skat, indregnes i resultatopgÃ¸relsen med den del, der kan henfÃ¸res til Ã¥rets resultat, og direkte pÃ¥ egenkapitalen med den del, der kan henfÃ¸res til posteringer direkte pÃ¥ egenkapitalen.",Selskabets vÃ¦sentligste aktivitet er at drive administrationsvirkswomhed.,Der er ikke efter regnskabsÃ¥rets afslutning indtruffet begivenheder af vÃ¦sentlig betydning for selskabets finansielle stilling.,Selskabet har ingen eventualforpligtelser udover almindelige arbejds- og garantiforpligtelser.,Anpartskapitalen har ikke vÃ¦ret Ã¦ndret i de seneste 5 Ã¥r.,-96600.0,,,29195951.0,20222670.0,Direktionen har dags dato behandlet og godkendt Ã¥rsrapporten for 1. januar - 31. december 2013 for BtB Consult ApS.,"Vi har udfÃ¸rt udvidet gennemgang af Ã¥rsregnskabet for BtB Consult ApS for regnskabsÃ¥ret 1. januar - 31. december 2013, der omfatter anvendt regnskabspraksis, resultatopgÃ¸relse, balance og noter. Ãrsregnskabet udarbejdes efter Ã¥rsregnskabsloven.",Ãrsrapport,"Ledelsesberetningen indeholder efter min opfattelse en retvisende redegÃ¸relse for de forhold, beretningen omhandler.",Bent Christensen,Vibeke Gubbertsen,Vibeke Gubbertsen,Danske Bank,BtB Consult ApS,BDO Statsautoriseret revisionsaktieselskab,"PÃ¥ grundlag af det udfÃ¸rte arbejde er det vores opfattelse, at Ã¥rsregnskabet giver et retvisende billede af selskabets aktiver, passiver og finansielle stilling pr. 31. december 2013 samt af resultatet af selskabets aktiviteter for regnskabsÃ¥ret 1. januar - 31. december 2013 i overensstemmelse med Ã¥rsregnskabsloven.",,,Greve,,,,,Ãrsrapporten indstilles til generalforsamlingens godkendelse.,Greve,2013-12-31,2013-01-01,2014-02-21,KÃ¸benhavn,,"Ledelsen har ansvaret for udarbejdelsen af et Ã¥rsregnskab, der giver et retvisende billede i overensstemmelse med Ã¥rsregnskabsloven. Ledelsen har endvidere ansvaret for den interne kontrol, som ledelsen anser nÃ¸dvendig for at udarbejde et Ã¥rsregnskab uden vÃ¦sentlig fejlinformation, uanset om denne skyldes besvigelser eller fejl.","Vi har i henhold til Ã¥rsregnskabsloven gennemlÃ¦st ledelsesberetningen. Vi har ikke foretaget yderligere handlinger i tillÃ¦g til den udvidede gennemgang af Ã¥rsregnskabet. Det er pÃ¥ denne baggrund vores opfattelse, at oplysningerne i ledelsesberetningen er i overensstemmelse med Ã¥rsregnskabet.",,ErklÃ¦ring om udvidet gennemgang,,urn:ofk:oid:17264925,indberetninger-20180424,2.509595,29195951.0,,2018-03-31T21:22:50.573Z,2014-02-25T23:00:00.000Z,regnskab,0.0,,2013-12-31,2013-01-01,14-82.354,2014-02-25T23:00:00.000Z,,,,,,,,,,,,,,,,,,,,,,,,,,35200.0,,,
29195951,2013-01-01,2013-01-01,c137,http://regnskaber.virk.dk/15959192/Y3ZyLmRrOi8vcGRmcy8yOTE5NTk1MTtBcFMzNjE4MzA7MjAxMzAxMDE7MjAxMzEyMzE7UjtS.pdf,http://regnskaber.virk.dk/15959192/Y3ZyLmRrOi8veGJybHMvWC1CNjEwQjg1Ri0yMDE0MDIyNV8wNzUyMDVfNTY2.xml,KÃ¸benhavn V,1561.0,29.0,Havneholmen,KÃ¸benhavn K,1092.0,Holmens Kanal 2-12,2670  Greve,Greve Bygade 22,DK-1561 KÃ¸benhavn V,Havneholmen 29,Til kapitalejeren i BtB Consult ApS,,Regnskabsklasse B,Ãrsrapporten aflÃ¦gges i overensstemmelse med Ã¥rsregnskabsloven.,"Det er min opfattelse, at Ã¥rsregnskabet giver et retvisende billede af selskabets aktiver, passiver og finansielle stilling pr. 31. december 2013 samt af resultatet af selskabets aktiviteter for regnskabsÃ¥ret 1. januar - 31. december 2013.",,2014-02-21,2005-12-02,2014-02-23,,33410.0,Statsautoriseret revisor,"Udbytte, som forventes udbetalt for Ã¥ret, vises som en sÃ¦rskilt post under egenkapitalen.","VÃ¦rdipapirer, indregnet under omsÃ¦tningsaktiver, omfatter bÃ¸rsnoterede obligationer, aktier og andre vÃ¦rdipapirer, der mÃ¥les til dagsvÃ¦rdi pÃ¥ balancedagen. BÃ¸rsnoterede vÃ¦rdipapirer mÃ¥les til bÃ¸rskurs. Ikke bÃ¸rsnoterede vÃ¦rdipapirer mÃ¥les til en salgsvÃ¦rdi baseret pÃ¥ beregnet kapitalvÃ¦rdi.",PeriodeafgrÃ¦nsningsposter indregnet under aktiver omfatter afholdte omkostninger vedrÃ¸rende efterfÃ¸lgende regnskabsÃ¥r.,"Personaleomkostninger omfatter lÃ¸n og gager, inklusiv feriepenge og pensioner samt andre omkostninger til social sikring mv. til selskabets medarbejdere. I personaleomkostninger er fratrukket modtagne godtgÃ¸relser fra offentlige myndigheder.","Finansielle indtÃ¦gter og omkostninger indeholder renteindtÃ¦gter og -omkostninger, finansielle omkostninger ved finansiel leasing, realiserede og urealiserede kursgevinster og -tab vedrÃ¸rende vÃ¦rdipapirer, gÃ¦ld og transaktioner i fremmed valuta, amortisering af finansielle aktiver og forpligtelser samt tillÃ¦g og godtgÃ¸relse under acontoskatteordningen mv. Finansielle indtÃ¦gter og omkostninger indregnes med de belÃ¸b, der vedrÃ¸rer regnskabsÃ¥ret.","Deposita omfatter huslejedeposita, som indregnes og mÃ¥les til kostpris. Der afskrives ikke pÃ¥ deposita.",GÃ¦ld er mÃ¥lt til amortiseret kostpris svarende til nominel vÃ¦rdi.,"Tilgodehavender mÃ¥les til amortiseret kostpris, hvilket sÃ¦dvanligvis svarer til nominel vÃ¦rdi. VÃ¦rdien reduceres med nedskrivning til imÃ¸degÃ¥else af forventede tab.","NettoomsÃ¦tningen ved salg af handelsvarer og fÃ¦rdigvarer indregnes i resultatopgÃ¸relsen, sÃ¥fremt levering og risikoovergang til kÃ¸ber har fundet sted inden Ã¥rets udgang. NettoomsÃ¦tning indregnes eksklusiv moms, afgifter og med fradrag af rabatter i forbindelse med salget.","Ãrets skat, som bestÃ¥r af Ã¥rets aktuelle skat og forskydning i udskudt skat, indregnes i resultatopgÃ¸relsen med den del, der kan henfÃ¸res til Ã¥rets resultat, og direkte pÃ¥ egenkapitalen med den del, der kan henfÃ¸res til posteringer direkte pÃ¥ egenkapitalen.",Selskabets vÃ¦sentligste aktivitet er at drive administrationsvirkswomhed.,Der er ikke efter regnskabsÃ¥rets afslutning indtruffet begivenheder af vÃ¦sentlig betydning for selskabets finansielle stilling.,Selskabet har ingen eventualforpligtelser udover almindelige arbejds- og garantiforpligtelser.,Anpartskapitalen har ikke vÃ¦ret Ã¦ndret i de seneste 5 Ã¥r.,-96600.0,,,29195951.0,20222670.0,Direktionen har dags dato behandlet og godkendt Ã¥rsrapporten for 1. januar - 31. december 2013 for BtB Consult ApS.,"Vi har udfÃ¸rt udvidet gennemgang af Ã¥rsregnskabet for BtB Consult ApS for regnskabsÃ¥ret 1. januar - 31. december 2013, der omfatter anvendt regnskabspraksis, resultatopgÃ¸relse, balance og noter. Ãrsregnskabet udarbejdes efter Ã¥rsregnskabsloven.",Ãrsrapport,"Ledelsesberetningen indeholder efter min opfattelse en retvisende redegÃ¸relse for de forhold, beretningen omhandler.",Bent Christensen,Vibeke Gubbertsen,Vibeke Gubbertsen,Danske Bank,BtB Consult ApS,BDO Statsautoriseret revisionsaktieselskab,"PÃ¥ grundlag af det udfÃ¸rte arbejde er det vores opfattelse, at Ã¥rsregnskabet giver et retvisende billede af selskabets aktiver, passiver og finansielle stilling pr. 31. december 2013 samt af resultatet af selskabets aktiviteter for regnskabsÃ¥ret 1. januar - 31. december 2013 i overensstemmelse med Ã¥rsregnskabsloven.",,,Greve,,,,,Ãrsrapporten indstilles til generalforsamlingens godkendelse.,Greve,2013-12-31,2013-01-01,2014-02-21,KÃ¸benhavn,,"Ledelsen har ansvaret for udarbejdelsen af et Ã¥rsregnskab, der giver et retvisende billede i overensstemmelse med Ã¥rsregnskabsloven. Ledelsen har endvidere ansvaret for den interne kontrol, som ledelsen anser nÃ¸dvendig for at udarbejde et Ã¥rsregnskab uden vÃ¦sentlig fejlinformation, uanset om denne skyldes besvigelser eller fejl.","Vi har i henhold til Ã¥rsregnskabsloven gennemlÃ¦st ledelsesberetningen. Vi har ikke foretaget yderligere handlinger i tillÃ¦g til den udvidede gennemgang af Ã¥rsregnskabet. Det er pÃ¥ denne baggrund vores opfattelse, at oplysningerne i ledelsesberetningen er i overensstemmelse med Ã¥rsregnskabet.",,ErklÃ¦ring om udvidet gennemgang,,urn:ofk:oid:17264925,indberetninger-20180424,2.509595,29195951.0,,2018-03-31T21:22:50.573Z,2014-02-25T23:00:00.000Z,regnskab,0.0,,2013-12-31,2013-01-01,14-82.354,2014-02-25T23:00:00.000Z,,,,,,125000.0,,,,,,,,,,,,,,,,,,,,,,,
29195951,2013-01-01,2013-01-01,c158,http://regnskaber.virk.dk/15959192/Y3ZyLmRrOi8vcGRmcy8yOTE5NTk1MTtBcFMzNjE4MzA7MjAxMzAxMDE7MjAxMzEyMzE7UjtS.pdf,http://regnskaber.virk.dk/15959192/Y3ZyLmRrOi8veGJybHMvWC1CNjEwQjg1Ri0yMDE0MDIyNV8wNzUyMDVfNTY2.xml,KÃ¸benhavn V,1561.0,29.0,Havneholmen,KÃ¸benhavn K,1092.0,Holmens Kanal 2-12,2670  Greve,Greve Bygade 22,DK-1561 KÃ¸benhavn V,Havneholmen 29,Til kapitalejeren i BtB Consult ApS,,Regnskabsklasse B,Ãrsrapporten aflÃ¦gges i overensstemmelse med Ã¥rsregnskabsloven.,"Det er min opfattelse, at Ã¥rsregnskabet giver et retvisende billede af selskabets aktiver, passiver og finansielle stilling pr. 31. december 2013 samt af resultatet af selskabets aktiviteter for regnskabsÃ¥ret 1. januar - 31. december 2013.",,2014-02-21,2005-12-02,2014-02-23,,33410.0,Statsautoriseret revisor,"Udbytte, som forventes udbetalt for Ã¥ret, vises som en sÃ¦rskilt post under egenkapitalen.","VÃ¦rdipapirer, indregnet under omsÃ¦tningsaktiver, omfatter bÃ¸rsnoterede obligationer, aktier og andre vÃ¦rdipapirer, der mÃ¥les til dagsvÃ¦rdi pÃ¥ balancedagen. BÃ¸rsnoterede vÃ¦rdipapirer mÃ¥les til bÃ¸rskurs. Ikke bÃ¸rsnoterede vÃ¦rdipapirer mÃ¥les til en salgsvÃ¦rdi baseret pÃ¥ beregnet kapitalvÃ¦rdi.",PeriodeafgrÃ¦nsningsposter indregnet under aktiver omfatter afholdte omkostninger vedrÃ¸rende efterfÃ¸lgende regnskabsÃ¥r.,"Personaleomkostninger omfatter lÃ¸n og gager, inklusiv feriepenge og pensioner samt andre omkostninger til social sikring mv. til selskabets medarbejdere. I personaleomkostninger er fratrukket modtagne godtgÃ¸relser fra offentlige myndigheder.","Finansielle indtÃ¦gter og omkostninger indeholder renteindtÃ¦gter og -omkostninger, finansielle omkostninger ved finansiel leasing, realiserede og urealiserede kursgevinster og -tab vedrÃ¸rende vÃ¦rdipapirer, gÃ¦ld og transaktioner i fremmed valuta, amortisering af finansielle aktiver og forpligtelser samt tillÃ¦g og godtgÃ¸relse under acontoskatteordningen mv. Finansielle indtÃ¦gter og omkostninger indregnes med de belÃ¸b, der vedrÃ¸rer regnskabsÃ¥ret.","Deposita omfatter huslejedeposita, som indregnes og mÃ¥les til kostpris. Der afskrives ikke pÃ¥ deposita.",GÃ¦ld er mÃ¥lt til amortiseret kostpris svarende til nominel vÃ¦rdi.,"Tilgodehavender mÃ¥les til amortiseret kostpris, hvilket sÃ¦dvanligvis svarer til nominel vÃ¦rdi. VÃ¦rdien reduceres med nedskrivning til imÃ¸degÃ¥else af forventede tab.","NettoomsÃ¦tningen ved salg af handelsvarer og fÃ¦rdigvarer indregnes i resultatopgÃ¸relsen, sÃ¥fremt levering og risikoovergang til kÃ¸ber har fundet sted inden Ã¥rets udgang. NettoomsÃ¦tning indregnes eksklusiv moms, afgifter og med fradrag af rabatter i forbindelse med salget.","Ãrets skat, som bestÃ¥r af Ã¥rets aktuelle skat og forskydning i udskudt skat, indregnes i resultatopgÃ¸relsen med den del, der kan henfÃ¸res til Ã¥rets resultat, og direkte pÃ¥ egenkapitalen med den del, der kan henfÃ¸res til posteringer direkte pÃ¥ egenkapitalen.",Selskabets vÃ¦sentligste aktivitet er at drive administrationsvirkswomhed.,Der er ikke efter regnskabsÃ¥rets afslutning indtruffet begivenheder af vÃ¦sentlig betydning for selskabets finansielle stilling.,Selskabet har ingen eventualforpligtelser udover almindelige arbejds- og garantiforpligtelser.,Anpartskapitalen har ikke vÃ¦ret Ã¦ndret i de seneste 5 Ã¥r.,-96600.0,,,29195951.0,20222670.0,Direktionen har dags dato behandlet og godkendt Ã¥rsrapporten for 1. januar - 31. december 2013 for BtB Consult ApS.,"Vi har udfÃ¸rt udvidet gennemgang af Ã¥rsregnskabet for BtB Consult ApS for regnskabsÃ¥ret 1. januar - 31. december 2013, der omfatter anvendt regnskabspraksis, resultatopgÃ¸relse, balance og noter. Ãrsregnskabet udarbejdes efter Ã¥rsregnskabsloven.",Ãrsrapport,"Ledelsesberetningen indeholder efter min opfattelse en retvisende redegÃ¸relse for de forhold, beretningen omhandler.",Bent Christensen,Vibeke Gubbertsen,Vibeke Gubbertsen,Danske Bank,BtB Consult ApS,BDO Statsautoriseret revisionsaktieselskab,"PÃ¥ grundlag af det udfÃ¸rte arbejde er det vores opfattelse, at Ã¥rsregnskabet giver et retvisende billede af selskabets aktiver, passiver og finansielle stilling pr. 31. december 2013 samt af resultatet af selskabets aktiviteter for regnskabsÃ¥ret 1. januar - 31. december 2013 i overensstemmelse med Ã¥rsregnskabsloven.",,,Greve,,,,,Ãrsrapporten indstilles til generalforsamlingens godkendelse.,Greve,2013-12-31,2013-01-01,2014-02-21,KÃ¸benhavn,,"Ledelsen har ansvaret for udarbejdelsen af et Ã¥rsregnskab, der giver et retvisende billede i overensstemmelse med Ã¥rsregnskabsloven. Ledelsen har endvidere ansvaret for den interne kontrol, som ledelsen anser nÃ¸dvendig for at udarbejde et Ã¥rsregnskab uden vÃ¦sentlig fejlinformation, uanset om denne skyldes besvigelser eller fejl.","Vi har i henhold til Ã¥rsregnskabsloven gennemlÃ¦st ledelsesberetningen. Vi har ikke foretaget yderligere handlinger i tillÃ¦g til den udvidede gennemgang af Ã¥rsregnskabet. Det er pÃ¥ denne baggrund vores opfattelse, at oplysningerne i ledelsesberetningen er i overensstemmelse med Ã¥rsregnskabet.",,ErklÃ¦ring om udvidet gennemgang,,urn:ofk:oid:17264925,indberetninger-20180424,2.509595,29195951.0,,2018-03-31T21:22:50.573Z,2014-02-25T23:00:00.000Z,regnskab,0.0,,2013-12-31,2013-01-01,14-82.354,2014-02-25T23:00:00.000Z,,,,,,238624.0,,,,,,,,,,,,,,,,,,,,,,,
29195951,2013-01-01,2013-01-01,c161,http://regnskaber.virk.dk/15959192/Y3ZyLmRrOi8vcGRmcy8yOTE5NTk1MTtBcFMzNjE4MzA7MjAxMzAxMDE7MjAxMzEyMzE7UjtS.pdf,http://regnskaber.virk.dk/15959192/Y3ZyLmRrOi8veGJybHMvWC1CNjEwQjg1Ri0yMDE0MDIyNV8wNzUyMDVfNTY2.xml,KÃ¸benhavn V,1561.0,29.0,Havneholmen,KÃ¸benhavn K,1092.0,Holmens Kanal 2-12,2670  Greve,Greve Bygade 22,DK-1561 KÃ¸benhavn V,Havneholmen 29,Til kapitalejeren i BtB Consult ApS,,Regnskabsklasse B,Ãrsrapporten aflÃ¦gges i overensstemmelse med Ã¥rsregnskabsloven.,"Det er min opfattelse, at Ã¥rsregnskabet giver et retvisende billede af selskabets aktiver, passiver og finansielle stilling pr. 31. december 2013 samt af resultatet af selskabets aktiviteter for regnskabsÃ¥ret 1. januar - 31. december 2013.",,2014-02-21,2005-12-02,2014-02-23,,33410.0,Statsautoriseret revisor,"Udbytte, som forventes udbetalt for Ã¥ret, vises som en sÃ¦rskilt post under egenkapitalen.","VÃ¦rdipapirer, indregnet under omsÃ¦tningsaktiver, omfatter bÃ¸rsnoterede obligationer, aktier og andre vÃ¦rdipapirer, der mÃ¥les til dagsvÃ¦rdi pÃ¥ balancedagen. BÃ¸rsnoterede vÃ¦rdipapirer mÃ¥les til bÃ¸rskurs. Ikke bÃ¸rsnoterede vÃ¦rdipapirer mÃ¥les til en salgsvÃ¦rdi baseret pÃ¥ beregnet kapitalvÃ¦rdi.",PeriodeafgrÃ¦nsningsposter indregnet under aktiver omfatter afholdte omkostninger vedrÃ¸rende efterfÃ¸lgende regnskabsÃ¥r.,"Personaleomkostninger omfatter lÃ¸n og gager, inklusiv feriepenge og pensioner samt andre omkostninger til social sikring mv. til selskabets medarbejdere. I personaleomkostninger er fratrukket modtagne godtgÃ¸relser fra offentlige myndigheder.","Finansielle indtÃ¦gter og omkostninger indeholder renteindtÃ¦gter og -omkostninger, finansielle omkostninger ved finansiel leasing, realiserede og urealiserede kursgevinster og -tab vedrÃ¸rende vÃ¦rdipapirer, gÃ¦ld og transaktioner i fremmed valuta, amortisering af finansielle aktiver og forpligtelser samt tillÃ¦g og godtgÃ¸relse under acontoskatteordningen mv. Finansielle indtÃ¦gter og omkostninger indregnes med de belÃ¸b, der vedrÃ¸rer regnskabsÃ¥ret.","Deposita omfatter huslejedeposita, som indregnes og mÃ¥les til kostpris. Der afskrives ikke pÃ¥ deposita.",GÃ¦ld er mÃ¥lt til amortiseret kostpris svarende til nominel vÃ¦rdi.,"Tilgodehavender mÃ¥les til amortiseret kostpris, hvilket sÃ¦dvanligvis svarer til nominel vÃ¦rdi. VÃ¦rdien reduceres med nedskrivning til imÃ¸degÃ¥else af forventede tab.","NettoomsÃ¦tningen ved salg af handelsvarer og fÃ¦rdigvarer indregnes i resultatopgÃ¸relsen, sÃ¥fremt levering og risikoovergang til kÃ¸ber har fundet sted inden Ã¥rets udgang. NettoomsÃ¦tning indregnes eksklusiv moms, afgifter og med fradrag af rabatter i forbindelse med salget.","Ãrets skat, som bestÃ¥r af Ã¥rets aktuelle skat og forskydning i udskudt skat, indregnes i resultatopgÃ¸relsen med den del, der kan henfÃ¸res til Ã¥rets resultat, og direkte pÃ¥ egenkapitalen med den del, der kan henfÃ¸res til posteringer direkte pÃ¥ egenkapitalen.",Selskabets vÃ¦sentligste aktivitet er at drive administrationsvirkswomhed.,Der er ikke efter regnskabsÃ¥rets afslutning indtruffet begivenheder af vÃ¦sentlig betydning for selskabets finansielle stilling.,Selskabet har ingen eventualforpligtelser udover almindelige arbejds- og garantiforpligtelser.,Anpartskapitalen har ikke vÃ¦ret Ã¦ndret i de seneste 5 Ã¥r.,-96600.0,,,29195951.0,20222670.0,Direktionen har dags dato behandlet og godkendt Ã¥rsrapporten for 1. januar - 31. december 2013 for BtB Consult ApS.,"Vi har udfÃ¸rt udvidet gennemgang af Ã¥rsregnskabet for BtB Consult ApS for regnskabsÃ¥ret 1. januar - 31. december 2013, der omfatter anvendt regnskabspraksis, resultatopgÃ¸relse, balance og noter. Ãrsregnskabet udarbejdes efter Ã¥rsregnskabsloven.",Ãrsrapport,"Ledelsesberetningen indeholder efter min opfattelse en retvisende redegÃ¸relse for de forhold, beretningen omhandler.",Bent Christensen,Vibeke Gubbertsen,Vibeke Gubbertsen,Danske Bank,BtB Consult ApS,BDO Statsautoriseret revisionsaktieselskab,"PÃ¥ grundlag af det udfÃ¸rte arbejde er det vores opfattelse, at Ã¥rsregnskabet giver et retvisende billede af selskabets aktiver, passiver og finansielle stilling pr. 31. december 2013 samt af resultatet af selskabets aktiviteter for regnskabsÃ¥ret 1. januar - 31. december 2013 i overensstemmelse med Ã¥rsregnskabsloven.",,,Greve,,,,,Ãrsrapporten indstilles til generalforsamlingens godkendelse.,Greve,2013-12-31,2013-01-01,2014-02-21,KÃ¸benhavn,,"Ledelsen har ansvaret for udarbejdelsen af et Ã¥rsregnskab, der giver et retvisende billede i overensstemmelse med Ã¥rsregnskabsloven. Ledelsen har endvidere ansvaret for den interne kontrol, som ledelsen anser nÃ¸dvendig for at udarbejde et Ã¥rsregnskab uden vÃ¦sentlig fejlinformation, uanset om denne skyldes besvigelser eller fejl.","Vi har i henhold til Ã¥rsregnskabsloven gennemlÃ¦st ledelsesberetningen. Vi har ikke foretaget yderligere handlinger i tillÃ¦g til den udvidede gennemgang af Ã¥rsregnskabet. Det er pÃ¥ denne baggrund vores opfattelse, at oplysningerne i ledelsesberetningen er i overensstemmelse med Ã¥rsregnskabet.",,ErklÃ¦ring om udvidet gennemgang,,urn:ofk:oid:17264925,indberetninger-20180424,2.509595,29195951.0,,2018-03-31T21:22:50.573Z,2014-02-25T23:00:00.000Z,regnskab,0.0,,2013-12-31,2013-01-01,14-82.354,2014-02-25T23:00:00.000Z,,,,,,96600.0,,,,,,,,,,,,,,,,,,,,,,,
29195951,2013-01-01,2013-01-01,c88,http://regnskaber.virk.dk/15959192/Y3ZyLmRrOi8vcGRmcy8yOTE5NTk1MTtBcFMzNjE4MzA7MjAxMzAxMDE7MjAxMzEyMzE7UjtS.pdf,http://regnskaber.virk.dk/15959192/Y3ZyLmRrOi8veGJybHMvWC1CNjEwQjg1Ri0yMDE0MDIyNV8wNzUyMDVfNTY2.xml,KÃ¸benhavn V,1561.0,29.0,Havneholmen,KÃ¸benhavn K,1092.0,Holmens Kanal 2-12,2670  Greve,Greve Bygade 22,DK-1561 KÃ¸benhavn V,Havneholmen 29,Til kapitalejeren i BtB Consult ApS,,Regnskabsklasse B,Ãrsrapporten aflÃ¦gges i overensstemmelse med Ã¥rsregnskabsloven.,"Det er min opfattelse, at Ã¥rsregnskabet giver et retvisende billede af selskabets aktiver, passiver og finansielle stilling pr. 31. december 2013 samt af resultatet af selskabets aktiviteter for regnskabsÃ¥ret 1. januar - 31. december 2013.",,2014-02-21,2005-12-02,2014-02-23,,33410.0,Statsautoriseret revisor,"Udbytte, som forventes udbetalt for Ã¥ret, vises som en sÃ¦rskilt post under egenkapitalen.","VÃ¦rdipapirer, indregnet under omsÃ¦tningsaktiver, omfatter bÃ¸rsnoterede obligationer, aktier og andre vÃ¦rdipapirer, der mÃ¥les til dagsvÃ¦rdi pÃ¥ balancedagen. BÃ¸rsnoterede vÃ¦rdipapirer mÃ¥les til bÃ¸rskurs. Ikke bÃ¸rsnoterede vÃ¦rdipapirer mÃ¥les til en salgsvÃ¦rdi baseret pÃ¥ beregnet kapitalvÃ¦rdi.",PeriodeafgrÃ¦nsningsposter indregnet under aktiver omfatter afholdte omkostninger vedrÃ¸rende efterfÃ¸lgende regnskabsÃ¥r.,"Personaleomkostninger omfatter lÃ¸n og gager, inklusiv feriepenge og pensioner samt andre omkostninger til social sikring mv. til selskabets medarbejdere. I personaleomkostninger er fratrukket modtagne godtgÃ¸relser fra offentlige myndigheder.","Finansielle indtÃ¦gter og omkostninger indeholder renteindtÃ¦gter og -omkostninger, finansielle omkostninger ved finansiel leasing, realiserede og urealiserede kursgevinster og -tab vedrÃ¸rende vÃ¦rdipapirer, gÃ¦ld og transaktioner i fremmed valuta, amortisering af finansielle aktiver og forpligtelser samt tillÃ¦g og godtgÃ¸relse under acontoskatteordningen mv. Finansielle indtÃ¦gter og omkostninger indregnes med de belÃ¸b, der vedrÃ¸rer regnskabsÃ¥ret.","Deposita omfatter huslejedeposita, som indregnes og mÃ¥les til kostpris. Der afskrives ikke pÃ¥ deposita.",GÃ¦ld er mÃ¥lt til amortiseret kostpris svarende til nominel vÃ¦rdi.,"Tilgodehavender mÃ¥les til amortiseret kostpris, hvilket sÃ¦dvanligvis svarer til nominel vÃ¦rdi. VÃ¦rdien reduceres med nedskrivning til imÃ¸degÃ¥else af forventede tab.","NettoomsÃ¦tningen ved salg af handelsvarer og fÃ¦rdigvarer indregnes i resultatopgÃ¸relsen, sÃ¥fremt levering og risikoovergang til kÃ¸ber har fundet sted inden Ã¥rets udgang. NettoomsÃ¦tning indregnes eksklusiv moms, afgifter og med fradrag af rabatter i forbindelse med salget.","Ãrets skat, som bestÃ¥r af Ã¥rets aktuelle skat og forskydning i udskudt skat, indregnes i resultatopgÃ¸relsen med den del, der kan henfÃ¸res til Ã¥rets resultat, og direkte pÃ¥ egenkapitalen med den del, der kan henfÃ¸res til posteringer direkte pÃ¥ egenkapitalen.",Selskabets vÃ¦sentligste aktivitet er at drive administrationsvirkswomhed.,Der er ikke efter regnskabsÃ¥rets afslutning indtruffet begivenheder af vÃ¦sentlig betydning for selskabets finansielle stilling.,Selskabet har ingen eventualforpligtelser udover almindelige arbejds- og garantiforpligtelser.,Anpartskapitalen har ikke vÃ¦ret Ã¦ndret i de seneste 5 Ã¥r.,-96600.0,,,29195951.0,20222670.0,Direktionen har dags dato behandlet og godkendt Ã¥rsrapporten for 1. januar - 31. december 2013 for BtB Consult ApS.,"Vi har udfÃ¸rt udvidet gennemgang af Ã¥rsregnskabet for BtB Consult ApS for regnskabsÃ¥ret 1. januar - 31. december 2013, der omfatter anvendt regnskabspraksis, resultatopgÃ¸relse, balance og noter. Ãrsregnskabet udarbejdes efter Ã¥rsregnskabsloven.",Ãrsrapport,"Ledelsesberetningen indeholder efter min opfattelse en retvisende redegÃ¸relse for de forhold, beretningen omhandler.",Bent Christensen,Vibeke Gubbertsen,Vibeke Gubbertsen,Danske Bank,BtB Consult ApS,BDO Statsautoriseret revisionsaktieselskab,"PÃ¥ grundlag af det udfÃ¸rte arbejde er det vores opfattelse, at Ã¥rsregnskabet giver et retvisende billede af selskabets aktiver, passiver og finansielle stilling pr. 31. december 2013 samt af resultatet af selskabets aktiviteter for regnskabsÃ¥ret 1. januar - 31. december 2013 i overensstemmelse med Ã¥rsregnskabsloven.",,,Greve,,,,,Ãrsrapporten indstilles til generalforsamlingens godkendelse.,Greve,2013-12-31,2013-01-01,2014-02-21,KÃ¸benhavn,,"Ledelsen har ansvaret for udarbejdelsen af et Ã¥rsregnskab, der giver et retvisende billede i overensstemmelse med Ã¥rsregnskabsloven. Ledelsen har endvidere ansvaret for den interne kontrol, som ledelsen anser nÃ¸dvendig for at udarbejde et Ã¥rsregnskab uden vÃ¦sentlig fejlinformation, uanset om denne skyldes besvigelser eller fejl.","Vi har i henhold til Ã¥rsregnskabsloven gennemlÃ¦st ledelsesberetningen. Vi har ikke foretaget yderligere handlinger i tillÃ¦g til den udvidede gennemgang af Ã¥rsregnskabet. Det er pÃ¥ denne baggrund vores opfattelse, at oplysningerne i ledelsesberetningen er i overensstemmelse med Ã¥rsregnskabet.",,ErklÃ¦ring om udvidet gennemgang,,urn:ofk:oid:17264925,indberetninger-20180424,2.509595,29195951.0,,2018-03-31T21:22:50.573Z,2014-02-25T23:00:00.000Z,regnskab,0.0,,2013-12-31,2013-01-01,14-82.354,2014-02-25T23:00:00.000Z,,,,,,,,,,,,,,,,,,,,,,,,,,,37615.0,167049.0,
29195951,2013-01-01,2013-12-31,c0,http://regnskaber.virk.dk/15959192/Y3ZyLmRrOi8vcGRmcy8yOTE5NTk1MTtBcFMzNjE4MzA7MjAxMzAxMDE7MjAxMzEyMzE7UjtS.pdf,http://regnskaber.virk.dk/15959192/Y3ZyLmRrOi8veGJybHMvWC1CNjEwQjg1Ri0yMDE0MDIyNV8wNzUyMDVfNTY2.xml,KÃ¸benhavn V,1561.0,29.0,Havneholmen,KÃ¸benhavn K,1092.0,Holmens Kanal 2-12,2670  Greve,Greve Bygade 22,DK-1561 KÃ¸benhavn V,Havneholmen 29,Til kapitalejeren i BtB Consult ApS,1065.0,Regnskabsklasse B,Ãrsrapporten aflÃ¦gges i overensstemmelse med Ã¥rsregnskabsloven.,"Det er min opfattelse, at Ã¥rsregnskabet giver et retvisende billede af selskabets aktiver, passiver og finansielle stilling pr. 31. december 2013 samt af resultatet af selskabets aktiviteter for regnskabsÃ¥ret 1. januar - 31. december 2013.",-56650.0,2014-02-21,2005-12-02,2014-02-23,-33410.0,33410.0,Statsautoriseret revisor,"Udbytte, som forventes udbetalt for Ã¥ret, vises som en sÃ¦rskilt post under egenkapitalen.","VÃ¦rdipapirer, indregnet under omsÃ¦tningsaktiver, omfatter bÃ¸rsnoterede obligationer, aktier og andre vÃ¦rdipapirer, der mÃ¥les til dagsvÃ¦rdi pÃ¥ balancedagen. BÃ¸rsnoterede vÃ¦rdipapirer mÃ¥les til bÃ¸rskurs. Ikke bÃ¸rsnoterede vÃ¦rdipapirer mÃ¥les til en salgsvÃ¦rdi baseret pÃ¥ beregnet kapitalvÃ¦rdi.",PeriodeafgrÃ¦nsningsposter indregnet under aktiver omfatter afholdte omkostninger vedrÃ¸rende efterfÃ¸lgende regnskabsÃ¥r.,"Personaleomkostninger omfatter lÃ¸n og gager, inklusiv feriepenge og pensioner samt andre omkostninger til social sikring mv. til selskabets medarbejdere. I personaleomkostninger er fratrukket modtagne godtgÃ¸relser fra offentlige myndigheder.","Finansielle indtÃ¦gter og omkostninger indeholder renteindtÃ¦gter og -omkostninger, finansielle omkostninger ved finansiel leasing, realiserede og urealiserede kursgevinster og -tab vedrÃ¸rende vÃ¦rdipapirer, gÃ¦ld og transaktioner i fremmed valuta, amortisering af finansielle aktiver og forpligtelser samt tillÃ¦g og godtgÃ¸relse under acontoskatteordningen mv. Finansielle indtÃ¦gter og omkostninger indregnes med de belÃ¸b, der vedrÃ¸rer regnskabsÃ¥ret.","Deposita omfatter huslejedeposita, som indregnes og mÃ¥les til kostpris. Der afskrives ikke pÃ¥ deposita.",GÃ¦ld er mÃ¥lt til amortiseret kostpris svarende til nominel vÃ¦rdi.,"Tilgodehavender mÃ¥les til amortiseret kostpris, hvilket sÃ¦dvanligvis svarer til nominel vÃ¦rdi. VÃ¦rdien reduceres med nedskrivning til imÃ¸degÃ¥else af forventede tab.","NettoomsÃ¦tningen ved salg af handelsvarer og fÃ¦rdigvarer indregnes i resultatopgÃ¸relsen, sÃ¥fremt levering og risikoovergang til kÃ¸ber har fundet sted inden Ã¥rets udgang. NettoomsÃ¦tning indregnes eksklusiv moms, afgifter og med fradrag af rabatter i forbindelse med salget.","Ãrets skat, som bestÃ¥r af Ã¥rets aktuelle skat og forskydning i udskudt skat, indregnes i resultatopgÃ¸relsen med den del, der kan henfÃ¸res til Ã¥rets resultat, og direkte pÃ¥ egenkapitalen med den del, der kan henfÃ¸res til posteringer direkte pÃ¥ egenkapitalen.",Selskabets vÃ¦sentligste aktivitet er at drive administrationsvirkswomhed.,Der er ikke efter regnskabsÃ¥rets afslutning indtruffet begivenheder af vÃ¦sentlig betydning for selskabets finansielle stilling.,Selskabet har ingen eventualforpligtelser udover almindelige arbejds- og garantiforpligtelser.,Anpartskapitalen har ikke vÃ¦ret Ã¦ndret i de seneste 5 Ã¥r.,-96600.0,-1454534.0,1707110.0,29195951.0,20222670.0,Direktionen har dags dato behandlet og godkendt Ã¥rsrapporten for 1. januar - 31. december 2013 for BtB Consult ApS.,"Vi har udfÃ¸rt udvidet gennemgang af Ã¥rsregnskabet for BtB Consult ApS for regnskabsÃ¥ret 1. januar - 31. december 2013, der omfatter anvendt regnskabspraksis, resultatopgÃ¸relse, balance og noter. Ãrsregnskabet udarbejdes efter Ã¥rsregnskabsloven.",Ãrsrapport,"Ledelsesberetningen indeholder efter min opfattelse en retvisende redegÃ¸relse for de forhold, beretningen omhandler.",Bent Christensen,Vibeke Gubbertsen,Vibeke Gubbertsen,Danske Bank,BtB Consult ApS,BDO Statsautoriseret revisionsaktieselskab,"PÃ¥ grundlag af det udfÃ¸rte arbejde er det vores opfattelse, at Ã¥rsregnskabet giver et retvisende billede af selskabets aktiver, passiver og finansielle stilling pr. 31. december 2013 samt af resultatet af selskabets aktiviteter for regnskabsÃ¥ret 1. januar - 31. december 2013 i overensstemmelse med Ã¥rsregnskabsloven.",-395.0,2629.0,Greve,-102007.0,165815.0,221400.0,219166.0,Ãrsrapporten indstilles til generalforsamlingens godkendelse.,Greve,2013-12-31,2013-01-01,2014-02-21,KÃ¸benhavn,-14185.0,"Ledelsen har ansvaret for udarbejdelsen af et Ã¥rsregnskab, der giver et retvisende billede i overensstemmelse med Ã¥rsregnskabsloven. Ledelsen har endvidere ansvaret for den interne kontrol, som ledelsen anser nÃ¸dvendig for at udarbejde et Ã¥rsregnskab uden vÃ¦sentlig fejlinformation, uanset om denne skyldes besvigelser eller fejl.","Vi har i henhold til Ã¥rsregnskabsloven gennemlÃ¦st ledelsesberetningen. Vi har ikke foretaget yderligere handlinger i tillÃ¦g til den udvidede gennemgang af Ã¥rsregnskabet. Det er pÃ¥ denne baggrund vores opfattelse, at oplysningerne i ledelsesberetningen er i overensstemmelse med Ã¥rsregnskabet.",-55585.0,ErklÃ¦ring om udvidet gennemgang,-1338342.0,urn:ofk:oid:17264925,indberetninger-20180424,2.509595,29195951.0,,2018-03-31T21:22:50.573Z,2014-02-25T23:00:00.000Z,regnskab,0.0,,2013-12-31,2013-01-01,14-82.354,2014-02-25T23:00:00.000Z,,,,,,,,,,,,,,,,,,,,,,,,,,,,,BDO Statsautoriseret revisionsaktieselskab
29195951,2013-01-01,2013-12-31,c159,http://regnskaber.virk.dk/15959192/Y3ZyLmRrOi8vcGRmcy8yOTE5NTk1MTtBcFMzNjE4MzA7MjAxMzAxMDE7MjAxMzEyMzE7UjtS.pdf,http://regnskaber.virk.dk/15959192/Y3ZyLmRrOi8veGJybHMvWC1CNjEwQjg1Ri0yMDE0MDIyNV8wNzUyMDVfNTY2.xml,KÃ¸benhavn V,1561.0,29.0,Havneholmen,KÃ¸benhavn K,1092.0,Holmens Kanal 2-12,2670  Greve,Greve Bygade 22,DK-1561 KÃ¸benhavn V,Havneholmen 29,Til kapitalejeren i BtB Consult ApS,,Regnskabsklasse B,Ãrsrapporten aflÃ¦gges i overensstemmelse med Ã¥rsregnskabsloven.,"Det er min opfattelse, at Ã¥rsregnskabet giver et retvisende billede af selskabets aktiver, passiver og finansielle stilling pr. 31. december 2013 samt af resultatet af selskabets aktiviteter for regnskabsÃ¥ret 1. januar - 31. december 2013.",,2014-02-21,2005-12-02,2014-02-23,,33410.0,Statsautoriseret revisor,"Udbytte, som forventes udbetalt for Ã¥ret, vises som en sÃ¦rskilt post under egenkapitalen.","VÃ¦rdipapirer, indregnet under omsÃ¦tningsaktiver, omfatter bÃ¸rsnoterede obligationer, aktier og andre vÃ¦rdipapirer, der mÃ¥les til dagsvÃ¦rdi pÃ¥ balancedagen. BÃ¸rsnoterede vÃ¦rdipapirer mÃ¥les til bÃ¸rskurs. Ikke bÃ¸rsnoterede vÃ¦rdipapirer mÃ¥les til en salgsvÃ¦rdi baseret pÃ¥ beregnet kapitalvÃ¦rdi.",PeriodeafgrÃ¦nsningsposter indregnet under aktiver omfatter afholdte omkostninger vedrÃ¸rende efterfÃ¸lgende regnskabsÃ¥r.,"Personaleomkostninger omfatter lÃ¸n og gager, inklusiv feriepenge og pensioner samt andre omkostninger til social sikring mv. til selskabets medarbejdere. I personaleomkostninger er fratrukket modtagne godtgÃ¸relser fra offentlige myndigheder.","Finansielle indtÃ¦gter og omkostninger indeholder renteindtÃ¦gter og -omkostninger, finansielle omkostninger ved finansiel leasing, realiserede og urealiserede kursgevinster og -tab vedrÃ¸rende vÃ¦rdipapirer, gÃ¦ld og transaktioner i fremmed valuta, amortisering af finansielle aktiver og forpligtelser samt tillÃ¦g og godtgÃ¸relse under acontoskatteordningen mv. Finansielle indtÃ¦gter og omkostninger indregnes med de belÃ¸b, der vedrÃ¸rer regnskabsÃ¥ret.","Deposita omfatter huslejedeposita, som indregnes og mÃ¥les til kostpris. Der afskrives ikke pÃ¥ deposita.",GÃ¦ld er mÃ¥lt til amortiseret kostpris svarende til nominel vÃ¦rdi.,"Tilgodehavender mÃ¥les til amortiseret kostpris, hvilket sÃ¦dvanligvis svarer til nominel vÃ¦rdi. VÃ¦rdien reduceres med nedskrivning til imÃ¸degÃ¥else af forventede tab.","NettoomsÃ¦tningen ved salg af handelsvarer og fÃ¦rdigvarer indregnes i resultatopgÃ¸relsen, sÃ¥fremt levering og risikoovergang til kÃ¸ber har fundet sted inden Ã¥rets udgang. NettoomsÃ¦tning indregnes eksklusiv moms, afgifter og med fradrag af rabatter i forbindelse med salget.","Ãrets skat, som bestÃ¥r af Ã¥rets aktuelle skat og forskydning i udskudt skat, indregnes i resultatopgÃ¸relsen med den del, der kan henfÃ¸res til Ã¥rets resultat, og direkte pÃ¥ egenkapitalen med den del, der kan henfÃ¸res til posteringer direkte pÃ¥ egenkapitalen.",Selskabets vÃ¦sentligste aktivitet er at drive administrationsvirkswomhed.,Der er ikke efter regnskabsÃ¥rets afslutning indtruffet begivenheder af vÃ¦sentlig betydning for selskabets finansielle stilling.,Selskabet har ingen eventualforpligtelser udover almindelige arbejds- og garantiforpligtelser.,Anpartskapitalen har ikke vÃ¦ret Ã¦ndret i de seneste 5 Ã¥r.,-96600.0,,,29195951.0,20222670.0,Direktionen har dags dato behandlet og godkendt Ã¥rsrapporten for 1. januar - 31. december 2013 for BtB Consult ApS.,"Vi har udfÃ¸rt udvidet gennemgang af Ã¥rsregnskabet for BtB Consult ApS for regnskabsÃ¥ret 1. januar - 31. december 2013, der omfatter anvendt regnskabspraksis, resultatopgÃ¸relse, balance og noter. Ãrsregnskabet udarbejdes efter Ã¥rsregnskabsloven.",Ãrsrapport,"Ledelsesberetningen indeholder efter min opfattelse en retvisende redegÃ¸relse for de forhold, beretningen omhandler.",Bent Christensen,Vibeke Gubbertsen,Vibeke Gubbertsen,Danske Bank,BtB Consult ApS,BDO Statsautoriseret revisionsaktieselskab,"PÃ¥ grundlag af det udfÃ¸rte arbejde er det vores opfattelse, at Ã¥rsregnskabet giver et retvisende billede af selskabets aktiver, passiver og finansielle stilling pr. 31. december 2013 samt af resultatet af selskabets aktiviteter for regnskabsÃ¥ret 1. januar - 31. december 2013 i overensstemmelse med Ã¥rsregnskabsloven.",,,Greve,,67415.0,,,Ãrsrapporten indstilles til generalforsamlingens godkendelse.,Greve,2013-12-31,2013-01-01,2014-02-21,KÃ¸benhavn,,"Ledelsen har ansvaret for udarbejdelsen af et Ã¥rsregnskab, der giver et retvisende billede i overensstemmelse med Ã¥rsregnskabsloven. Ledelsen har endvidere ansvaret for den interne kontrol, som ledelsen anser nÃ¸dvendig for at udarbejde et Ã¥rsregnskab uden vÃ¦sentlig fejlinformation, uanset om denne skyldes besvigelser eller fejl.","Vi har i henhold til Ã¥rsregnskabsloven gennemlÃ¦st ledelsesberetningen. Vi har ikke foretaget yderligere handlinger i tillÃ¦g til den udvidede gennemgang af Ã¥rsregnskabet. Det er pÃ¥ denne baggrund vores opfattelse, at oplysningerne i ledelsesberetningen er i overensstemmelse med Ã¥rsregnskabet.",,ErklÃ¦ring om udvidet gennemgang,,urn:ofk:oid:17264925,indberetninger-20180424,2.509595,29195951.0,,2018-03-31T21:22:50.573Z,2014-02-25T23:00:00.000Z,regnskab,0.0,,2013-12-31,2013-01-01,14-82.354,2014-02-25T23:00:00.000Z,,,,,,,,,,,,,,,,,,,,,,,,,,,,,
29195951,2013-01-01,2013-12-31,c162,http://regnskaber.virk.dk/15959192/Y3ZyLmRrOi8vcGRmcy8yOTE5NTk1MTtBcFMzNjE4MzA7MjAxMzAxMDE7MjAxMzEyMzE7UjtS.pdf,http://regnskaber.virk.dk/15959192/Y3ZyLmRrOi8veGJybHMvWC1CNjEwQjg1Ri0yMDE0MDIyNV8wNzUyMDVfNTY2.xml,KÃ¸benhavn V,1561.0,29.0,Havneholmen,KÃ¸benhavn K,1092.0,Holmens Kanal 2-12,2670  Greve,Greve Bygade 22,DK-1561 KÃ¸benhavn V,Havneholmen 29,Til kapitalejeren i BtB Consult ApS,,Regnskabsklasse B,Ãrsrapporten aflÃ¦gges i overensstemmelse med Ã¥rsregnskabsloven.,"Det er min opfattelse, at Ã¥rsregnskabet giver et retvisende billede af selskabets aktiver, passiver og finansielle stilling pr. 31. december 2013 samt af resultatet af selskabets aktiviteter for regnskabsÃ¥ret 1. januar - 31. december 2013.",,2014-02-21,2005-12-02,2014-02-23,,33410.0,Statsautoriseret revisor,"Udbytte, som forventes udbetalt for Ã¥ret, vises som en sÃ¦rskilt post under egenkapitalen.","VÃ¦rdipapirer, indregnet under omsÃ¦tningsaktiver, omfatter bÃ¸rsnoterede obligationer, aktier og andre vÃ¦rdipapirer, der mÃ¥les til dagsvÃ¦rdi pÃ¥ balancedagen. BÃ¸rsnoterede vÃ¦rdipapirer mÃ¥les til bÃ¸rskurs. Ikke bÃ¸rsnoterede vÃ¦rdipapirer mÃ¥les til en salgsvÃ¦rdi baseret pÃ¥ beregnet kapitalvÃ¦rdi.",PeriodeafgrÃ¦nsningsposter indregnet under aktiver omfatter afholdte omkostninger vedrÃ¸rende efterfÃ¸lgende regnskabsÃ¥r.,"Personaleomkostninger omfatter lÃ¸n og gager, inklusiv feriepenge og pensioner samt andre omkostninger til social sikring mv. til selskabets medarbejdere. I personaleomkostninger er fratrukket modtagne godtgÃ¸relser fra offentlige myndigheder.","Finansielle indtÃ¦gter og omkostninger indeholder renteindtÃ¦gter og -omkostninger, finansielle omkostninger ved finansiel leasing, realiserede og urealiserede kursgevinster og -tab vedrÃ¸rende vÃ¦rdipapirer, gÃ¦ld og transaktioner i fremmed valuta, amortisering af finansielle aktiver og forpligtelser samt tillÃ¦g og godtgÃ¸relse under acontoskatteordningen mv. Finansielle indtÃ¦gter og omkostninger indregnes med de belÃ¸b, der vedrÃ¸rer regnskabsÃ¥ret.","Deposita omfatter huslejedeposita, som indregnes og mÃ¥les til kostpris. Der afskrives ikke pÃ¥ deposita.",GÃ¦ld er mÃ¥lt til amortiseret kostpris svarende til nominel vÃ¦rdi.,"Tilgodehavender mÃ¥les til amortiseret kostpris, hvilket sÃ¦dvanligvis svarer til nominel vÃ¦rdi. VÃ¦rdien reduceres med nedskrivning til imÃ¸degÃ¥else af forventede tab.","NettoomsÃ¦tningen ved salg af handelsvarer og fÃ¦rdigvarer indregnes i resultatopgÃ¸relsen, sÃ¥fremt levering og risikoovergang til kÃ¸ber har fundet sted inden Ã¥rets udgang. NettoomsÃ¦tning indregnes eksklusiv moms, afgifter og med fradrag af rabatter i forbindelse med salget.","Ãrets skat, som bestÃ¥r af Ã¥rets aktuelle skat og forskydning i udskudt skat, indregnes i resultatopgÃ¸relsen med den del, der kan henfÃ¸res til Ã¥rets resultat, og direkte pÃ¥ egenkapitalen med den del, der kan henfÃ¸res til posteringer direkte pÃ¥ egenkapitalen.",Selskabets vÃ¦sentligste aktivitet er at drive administrationsvirkswomhed.,Der er ikke efter regnskabsÃ¥rets afslutning indtruffet begivenheder af vÃ¦sentlig betydning for selskabets finansielle stilling.,Selskabet har ingen eventualforpligtelser udover almindelige arbejds- og garantiforpligtelser.,Anpartskapitalen har ikke vÃ¦ret Ã¦ndret i de seneste 5 Ã¥r.,-96600.0,,,29195951.0,20222670.0,Direktionen har dags dato behandlet og godkendt Ã¥rsrapporten for 1. januar - 31. december 2013 for BtB Consult ApS.,"Vi har udfÃ¸rt udvidet gennemgang af Ã¥rsregnskabet for BtB Consult ApS for regnskabsÃ¥ret 1. januar - 31. december 2013, der omfatter anvendt regnskabspraksis, resultatopgÃ¸relse, balance og noter. Ãrsregnskabet udarbejdes efter Ã¥rsregnskabsloven.",Ãrsrapport,"Ledelsesberetningen indeholder efter min opfattelse en retvisende redegÃ¸relse for de forhold, beretningen omhandler.",Bent Christensen,Vibeke Gubbertsen,Vibeke Gubbertsen,Danske Bank,BtB Consult ApS,BDO Statsautoriseret revisionsaktieselskab,"PÃ¥ grundlag af det udfÃ¸rte arbejde er det vores opfattelse, at Ã¥rsregnskabet giver et retvisende billede af selskabets aktiver, passiver og finansielle stilling pr. 31. december 2013 samt af resultatet af selskabets aktiviteter for regnskabsÃ¥ret 1. januar - 31. december 2013 i overensstemmelse med Ã¥rsregnskabsloven.",,,Greve,,98400.0,,,Ãrsrapporten indstilles til generalforsamlingens godkendelse.,Greve,2013-12-31,2013-01-01,2014-02-21,KÃ¸benhavn,,"Ledelsen har ansvaret for udarbejdelsen af et Ã¥rsregnskab, der giver et retvisende billede i overensstemmelse med Ã¥rsregnskabsloven. Ledelsen har endvidere ansvaret for den interne kontrol, som ledelsen anser nÃ¸dvendig for at udarbejde et Ã¥rsregnskab uden vÃ¦sentlig fejlinformation, uanset om denne skyldes besvigelser eller fejl.","Vi har i henhold til Ã¥rsregnskabsloven gennemlÃ¦st ledelsesberetningen. Vi har ikke foretaget yderligere handlinger i tillÃ¦g til den udvidede gennemgang af Ã¥rsregnskabet. Det er pÃ¥ denne baggrund vores opfattelse, at oplysningerne i ledelsesberetningen er i overensstemmelse med Ã¥rsregnskabet.",,ErklÃ¦ring om udvidet gennemgang,,urn:ofk:oid:17264925,indberetninger-20180424,2.509595,29195951.0,,2018-03-31T21:22:50.573Z,2014-02-25T23:00:00.000Z,regnskab,0.0,,2013-12-31,2013-01-01,14-82.354,2014-02-25T23:00:00.000Z,,,,,,,,,,,,,,,,,,,,,,,,,,,,,
29195951,2013-01-01,2013-12-31,c199,http://regnskaber.virk.dk/15959192/Y3ZyLmRrOi8vcGRmcy8yOTE5NTk1MTtBcFMzNjE4MzA7MjAxMzAxMDE7MjAxMzEyMzE7UjtS.pdf,http://regnskaber.virk.dk/15959192/Y3ZyLmRrOi8veGJybHMvWC1CNjEwQjg1Ri0yMDE0MDIyNV8wNzUyMDVfNTY2.xml,KÃ¸benhavn V,1561.0,29.0,Havneholmen,KÃ¸benhavn K,1092.0,Holmens Kanal 2-12,2670  Greve,Greve Bygade 22,DK-1561 KÃ¸benhavn V,Havneholmen 29,Til kapitalejeren i BtB Consult ApS,,Regnskabsklasse B,Ãrsrapporten aflÃ¦gges i overensstemmelse med Ã¥rsregnskabsloven.,"Det er min opfattelse, at Ã¥rsregnskabet giver et retvisende billede af selskabets aktiver, passiver og finansielle stilling pr. 31. december 2013 samt af resultatet af selskabets aktiviteter for regnskabsÃ¥ret 1. januar - 31. december 2013.",,2014-02-21,2005-12-02,2014-02-23,,33410.0,Statsautoriseret revisor,"Udbytte, som forventes udbetalt for Ã¥ret, vises som en sÃ¦rskilt post under egenkapitalen.","VÃ¦rdipapirer, indregnet under omsÃ¦tningsaktiver, omfatter bÃ¸rsnoterede obligationer, aktier og andre vÃ¦rdipapirer, der mÃ¥les til dagsvÃ¦rdi pÃ¥ balancedagen. BÃ¸rsnoterede vÃ¦rdipapirer mÃ¥les til bÃ¸rskurs. Ikke bÃ¸rsnoterede vÃ¦rdipapirer mÃ¥les til en salgsvÃ¦rdi baseret pÃ¥ beregnet kapitalvÃ¦rdi.",PeriodeafgrÃ¦nsningsposter indregnet under aktiver omfatter afholdte omkostninger vedrÃ¸rende efterfÃ¸lgende regnskabsÃ¥r.,"Personaleomkostninger omfatter lÃ¸n og gager, inklusiv feriepenge og pensioner samt andre omkostninger til social sikring mv. til selskabets medarbejdere. I personaleomkostninger er fratrukket modtagne godtgÃ¸relser fra offentlige myndigheder.","Finansielle indtÃ¦gter og omkostninger indeholder renteindtÃ¦gter og -omkostninger, finansielle omkostninger ved finansiel leasing, realiserede og urealiserede kursgevinster og -tab vedrÃ¸rende vÃ¦rdipapirer, gÃ¦ld og transaktioner i fremmed valuta, amortisering af finansielle aktiver og forpligtelser samt tillÃ¦g og godtgÃ¸relse under acontoskatteordningen mv. Finansielle indtÃ¦gter og omkostninger indregnes med de belÃ¸b, der vedrÃ¸rer regnskabsÃ¥ret.","Deposita omfatter huslejedeposita, som indregnes og mÃ¥les til kostpris. Der afskrives ikke pÃ¥ deposita.",GÃ¦ld er mÃ¥lt til amortiseret kostpris svarende til nominel vÃ¦rdi.,"Tilgodehavender mÃ¥les til amortiseret kostpris, hvilket sÃ¦dvanligvis svarer til nominel vÃ¦rdi. VÃ¦rdien reduceres med nedskrivning til imÃ¸degÃ¥else af forventede tab.","NettoomsÃ¦tningen ved salg af handelsvarer og fÃ¦rdigvarer indregnes i resultatopgÃ¸relsen, sÃ¥fremt levering og risikoovergang til kÃ¸ber har fundet sted inden Ã¥rets udgang. NettoomsÃ¦tning indregnes eksklusiv moms, afgifter og med fradrag af rabatter i forbindelse med salget.","Ãrets skat, som bestÃ¥r af Ã¥rets aktuelle skat og forskydning i udskudt skat, indregnes i resultatopgÃ¸relsen med den del, der kan henfÃ¸res til Ã¥rets resultat, og direkte pÃ¥ egenkapitalen med den del, der kan henfÃ¸res til posteringer direkte pÃ¥ egenkapitalen.",Selskabets vÃ¦sentligste aktivitet er at drive administrationsvirkswomhed.,Der er ikke efter regnskabsÃ¥rets afslutning indtruffet begivenheder af vÃ¦sentlig betydning for selskabets finansielle stilling.,Selskabet har ingen eventualforpligtelser udover almindelige arbejds- og garantiforpligtelser.,Anpartskapitalen har ikke vÃ¦ret Ã¦ndret i de seneste 5 Ã¥r.,-96600.0,,,29195951.0,20222670.0,Direktionen har dags dato behandlet og godkendt Ã¥rsrapporten for 1. januar - 31. december 2013 for BtB Consult ApS.,"Vi har udfÃ¸rt udvidet gennemgang af Ã¥rsregnskabet for BtB Consult ApS for regnskabsÃ¥ret 1. januar - 31. december 2013, der omfatter anvendt regnskabspraksis, resultatopgÃ¸relse, balance og noter. Ãrsregnskabet udarbejdes efter Ã¥rsregnskabsloven.",Ãrsrapport,"Ledelsesberetningen indeholder efter min opfattelse en retvisende redegÃ¸relse for de forhold, beretningen omhandler.",Bent Christensen,Vibeke Gubbertsen,Vibeke Gubbertsen,Danske Bank,BtB Consult ApS,BDO Statsautoriseret revisionsaktieselskab,"PÃ¥ grundlag af det udfÃ¸rte arbejde er det vores opfattelse, at Ã¥rsregnskabet giver et retvisende billede af selskabets aktiver, passiver og finansielle stilling pr. 31. december 2013 samt af resultatet af selskabets aktiviteter for regnskabsÃ¥ret 1. januar - 31. december 2013 i overensstemmelse med Ã¥rsregnskabsloven.",,,Greve,,,,,Ãrsrapporten indstilles til generalforsamlingens godkendelse.,Greve,2013-12-31,2013-01-01,2014-02-21,KÃ¸benhavn,,"Ledelsen har ansvaret for udarbejdelsen af et Ã¥rsregnskab, der giver et retvisende billede i overensstemmelse med Ã¥rsregnskabsloven. Ledelsen har endvidere ansvaret for den interne kontrol, som ledelsen anser nÃ¸dvendig for at udarbejde et Ã¥rsregnskab uden vÃ¦sentlig fejlinformation, uanset om denne skyldes besvigelser eller fejl.","Vi har i henhold til Ã¥rsregnskabsloven gennemlÃ¦st ledelsesberetningen. Vi har ikke foretaget yderligere handlinger i tillÃ¦g til den udvidede gennemgang af Ã¥rsregnskabet. Det er pÃ¥ denne baggrund vores opfattelse, at oplysningerne i ledelsesberetningen er i overensstemmelse med Ã¥rsregnskabet.",,ErklÃ¦ring om udvidet gennemgang,,urn:ofk:oid:17264925,indberetninger-20180424,2.509595,29195951.0,,2018-03-31T21:22:50.573Z,2014-02-25T23:00:00.000Z,regnskab,0.0,,2013-12-31,2013-01-01,14-82.354,2014-02-25T23:00:00.000Z,,,,,,,,,,,,,,,,,,,,,,,,,,,,,
29195951,2013-01-01,2013-12-31,c29,http://regnskaber.virk.dk/15959192/Y3ZyLmRrOi8vcGRmcy8yOTE5NTk1MTtBcFMzNjE4MzA7MjAxMzAxMDE7MjAxMzEyMzE7UjtS.pdf,http://regnskaber.virk.dk/15959192/Y3ZyLmRrOi8veGJybHMvWC1CNjEwQjg1Ri0yMDE0MDIyNV8wNzUyMDVfNTY2.xml,KÃ¸benhavn V,1561.0,29.0,Havneholmen,KÃ¸benhavn K,1092.0,Holmens Kanal 2-12,2670  Greve,Greve Bygade 22,DK-1561 KÃ¸benhavn V,Havneholmen 29,Til kapitalejeren i BtB Consult ApS,,Regnskabsklasse B,Ãrsrapporten aflÃ¦gges i overensstemmelse med Ã¥rsregnskabsloven.,"Det er min opfattelse, at Ã¥rsregnskabet giver et retvisende billede af selskabets aktiver, passiver og finansielle stilling pr. 31. december 2013 samt af resultatet af selskabets aktiviteter for regnskabsÃ¥ret 1. januar - 31. december 2013.",,2014-02-21,2005-12-02,2014-02-23,,33410.0,Statsautoriseret revisor,"Udbytte, som forventes udbetalt for Ã¥ret, vises som en sÃ¦rskilt post under egenkapitalen.","VÃ¦rdipapirer, indregnet under omsÃ¦tningsaktiver, omfatter bÃ¸rsnoterede obligationer, aktier og andre vÃ¦rdipapirer, der mÃ¥les til dagsvÃ¦rdi pÃ¥ balancedagen. BÃ¸rsnoterede vÃ¦rdipapirer mÃ¥les til bÃ¸rskurs. Ikke bÃ¸rsnoterede vÃ¦rdipapirer mÃ¥les til en salgsvÃ¦rdi baseret pÃ¥ beregnet kapitalvÃ¦rdi.",PeriodeafgrÃ¦nsningsposter indregnet under aktiver omfatter afholdte omkostninger vedrÃ¸rende efterfÃ¸lgende regnskabsÃ¥r.,"Personaleomkostninger omfatter lÃ¸n og gager, inklusiv feriepenge og pensioner samt andre omkostninger til social sikring mv. til selskabets medarbejdere. I personaleomkostninger er fratrukket modtagne godtgÃ¸relser fra offentlige myndigheder.","Finansielle indtÃ¦gter og omkostninger indeholder renteindtÃ¦gter og -omkostninger, finansielle omkostninger ved finansiel leasing, realiserede og urealiserede kursgevinster og -tab vedrÃ¸rende vÃ¦rdipapirer, gÃ¦ld og transaktioner i fremmed valuta, amortisering af finansielle aktiver og forpligtelser samt tillÃ¦g og godtgÃ¸relse under acontoskatteordningen mv. Finansielle indtÃ¦gter og omkostninger indregnes med de belÃ¸b, der vedrÃ¸rer regnskabsÃ¥ret.","Deposita omfatter huslejedeposita, som indregnes og mÃ¥les til kostpris. Der afskrives ikke pÃ¥ deposita.",GÃ¦ld er mÃ¥lt til amortiseret kostpris svarende til nominel vÃ¦rdi.,"Tilgodehavender mÃ¥les til amortiseret kostpris, hvilket sÃ¦dvanligvis svarer til nominel vÃ¦rdi. VÃ¦rdien reduceres med nedskrivning til imÃ¸degÃ¥else af forventede tab.","NettoomsÃ¦tningen ved salg af handelsvarer og fÃ¦rdigvarer indregnes i resultatopgÃ¸relsen, sÃ¥fremt levering og risikoovergang til kÃ¸ber har fundet sted inden Ã¥rets udgang. NettoomsÃ¦tning indregnes eksklusiv moms, afgifter og med fradrag af rabatter i forbindelse med salget.","Ãrets skat, som bestÃ¥r af Ã¥rets aktuelle skat og forskydning i udskudt skat, indregnes i resultatopgÃ¸relsen med den del, der kan henfÃ¸res til Ã¥rets resultat, og direkte pÃ¥ egenkapitalen med den del, der kan henfÃ¸res til posteringer direkte pÃ¥ egenkapitalen.",Selskabets vÃ¦sentligste aktivitet er at drive administrationsvirkswomhed.,Der er ikke efter regnskabsÃ¥rets afslutning indtruffet begivenheder af vÃ¦sentlig betydning for selskabets finansielle stilling.,Selskabet har ingen eventualforpligtelser udover almindelige arbejds- og garantiforpligtelser.,Anpartskapitalen har ikke vÃ¦ret Ã¦ndret i de seneste 5 Ã¥r.,-96600.0,,,29195951.0,20222670.0,Direktionen har dags dato behandlet og godkendt Ã¥rsrapporten for 1. januar - 31. december 2013 for BtB Consult ApS.,"Vi har udfÃ¸rt udvidet gennemgang af Ã¥rsregnskabet for BtB Consult ApS for regnskabsÃ¥ret 1. januar - 31. december 2013, der omfatter anvendt regnskabspraksis, resultatopgÃ¸relse, balance og noter. Ãrsregnskabet udarbejdes efter Ã¥rsregnskabsloven.",Ãrsrapport,"Ledelsesberetningen indeholder efter min opfattelse en retvisende redegÃ¸relse for de forhold, beretningen omhandler.",Bent Christensen,Vibeke Gubbertsen,Vibeke Gubbertsen,Danske Bank,BtB Consult ApS,BDO Statsautoriseret revisionsaktieselskab,"PÃ¥ grundlag af det udfÃ¸rte arbejde er det vores opfattelse, at Ã¥rsregnskabet giver et retvisende billede af selskabets aktiver, passiver og finansielle stilling pr. 31. december 2013 samt af resultatet af selskabets aktiviteter for regnskabsÃ¥ret 1. januar - 31. december 2013 i overensstemmelse med Ã¥rsregnskabsloven.",,,Greve,,67415.0,,,Ãrsrapporten indstilles til generalforsamlingens godkendelse.,Greve,2013-12-31,2013-01-01,2014-02-21,KÃ¸benhavn,,"Ledelsen har ansvaret for udarbejdelsen af et Ã¥rsregnskab, der giver et retvisende billede i overensstemmelse med Ã¥rsregnskabsloven. Ledelsen har endvidere ansvaret for den interne kontrol, som ledelsen anser nÃ¸dvendig for at udarbejde et Ã¥rsregnskab uden vÃ¦sentlig fejlinformation, uanset om denne skyldes besvigelser eller fejl.","Vi har i henhold til Ã¥rsregnskabsloven gennemlÃ¦st ledelsesberetningen. Vi har ikke foretaget yderligere handlinger i tillÃ¦g til den udvidede gennemgang af Ã¥rsregnskabet. Det er pÃ¥ denne baggrund vores opfattelse, at oplysningerne i ledelsesberetningen er i overensstemmelse med Ã¥rsregnskabet.",,ErklÃ¦ring om udvidet gennemgang,,urn:ofk:oid:17264925,indberetninger-20180424,2.509595,29195951.0,,2018-03-31T21:22:50.573Z,2014-02-25T23:00:00.000Z,regnskab,0.0,,2013-12-31,2013-01-01,14-82.354,2014-02-25T23:00:00.000Z,,,,,,,,,,,,,,,,,,,,,,,,,,,,,
29195951,2013-01-01,2013-12-31,c299,http://regnskaber.virk.dk/15959192/Y3ZyLmRrOi8vcGRmcy8yOTE5NTk1MTtBcFMzNjE4MzA7MjAxMzAxMDE7MjAxMzEyMzE7UjtS.pdf,http://regnskaber.virk.dk/15959192/Y3ZyLmRrOi8veGJybHMvWC1CNjEwQjg1Ri0yMDE0MDIyNV8wNzUyMDVfNTY2.xml,KÃ¸benhavn V,1561.0,29.0,Havneholmen,KÃ¸benhavn K,1092.0,Holmens Kanal 2-12,2670  Greve,Greve Bygade 22,DK-1561 KÃ¸benhavn V,Havneholmen 29,Til kapitalejeren i BtB Consult ApS,,Regnskabsklasse B,Ãrsrapporten aflÃ¦gges i overensstemmelse med Ã¥rsregnskabsloven.,"Det er min opfattelse, at Ã¥rsregnskabet giver et retvisende billede af selskabets aktiver, passiver og finansielle stilling pr. 31. december 2013 samt af resultatet af selskabets aktiviteter for regnskabsÃ¥ret 1. januar - 31. december 2013.",,2014-02-21,2005-12-02,2014-02-23,,33410.0,Statsautoriseret revisor,"Udbytte, som forventes udbetalt for Ã¥ret, vises som en sÃ¦rskilt post under egenkapitalen.","VÃ¦rdipapirer, indregnet under omsÃ¦tningsaktiver, omfatter bÃ¸rsnoterede obligationer, aktier og andre vÃ¦rdipapirer, der mÃ¥les til dagsvÃ¦rdi pÃ¥ balancedagen. BÃ¸rsnoterede vÃ¦rdipapirer mÃ¥les til bÃ¸rskurs. Ikke bÃ¸rsnoterede vÃ¦rdipapirer mÃ¥les til en salgsvÃ¦rdi baseret pÃ¥ beregnet kapitalvÃ¦rdi.",PeriodeafgrÃ¦nsningsposter indregnet under aktiver omfatter afholdte omkostninger vedrÃ¸rende efterfÃ¸lgende regnskabsÃ¥r.,"Personaleomkostninger omfatter lÃ¸n og gager, inklusiv feriepenge og pensioner samt andre omkostninger til social sikring mv. til selskabets medarbejdere. I personaleomkostninger er fratrukket modtagne godtgÃ¸relser fra offentlige myndigheder.","Finansielle indtÃ¦gter og omkostninger indeholder renteindtÃ¦gter og -omkostninger, finansielle omkostninger ved finansiel leasing, realiserede og urealiserede kursgevinster og -tab vedrÃ¸rende vÃ¦rdipapirer, gÃ¦ld og transaktioner i fremmed valuta, amortisering af finansielle aktiver og forpligtelser samt tillÃ¦g og godtgÃ¸relse under acontoskatteordningen mv. Finansielle indtÃ¦gter og omkostninger indregnes med de belÃ¸b, der vedrÃ¸rer regnskabsÃ¥ret.","Deposita omfatter huslejedeposita, som indregnes og mÃ¥les til kostpris. Der afskrives ikke pÃ¥ deposita.",GÃ¦ld er mÃ¥lt til amortiseret kostpris svarende til nominel vÃ¦rdi.,"Tilgodehavender mÃ¥les til amortiseret kostpris, hvilket sÃ¦dvanligvis svarer til nominel vÃ¦rdi. VÃ¦rdien reduceres med nedskrivning til imÃ¸degÃ¥else af forventede tab.","NettoomsÃ¦tningen ved salg af handelsvarer og fÃ¦rdigvarer indregnes i resultatopgÃ¸relsen, sÃ¥fremt levering og risikoovergang til kÃ¸ber har fundet sted inden Ã¥rets udgang. NettoomsÃ¦tning indregnes eksklusiv moms, afgifter og med fradrag af rabatter i forbindelse med salget.","Ãrets skat, som bestÃ¥r af Ã¥rets aktuelle skat og forskydning i udskudt skat, indregnes i resultatopgÃ¸relsen med den del, der kan henfÃ¸res til Ã¥rets resultat, og direkte pÃ¥ egenkapitalen med den del, der kan henfÃ¸res til posteringer direkte pÃ¥ egenkapitalen.",Selskabets vÃ¦sentligste aktivitet er at drive administrationsvirkswomhed.,Der er ikke efter regnskabsÃ¥rets afslutning indtruffet begivenheder af vÃ¦sentlig betydning for selskabets finansielle stilling.,Selskabet har ingen eventualforpligtelser udover almindelige arbejds- og garantiforpligtelser.,Anpartskapitalen har ikke vÃ¦ret Ã¦ndret i de seneste 5 Ã¥r.,-96600.0,,,29195951.0,20222670.0,Direktionen har dags dato behandlet og godkendt Ã¥rsrapporten for 1. januar - 31. december 2013 for BtB Consult ApS.,"Vi har udfÃ¸rt udvidet gennemgang af Ã¥rsregnskabet for BtB Consult ApS for regnskabsÃ¥ret 1. januar - 31. december 2013, der omfatter anvendt regnskabspraksis, resultatopgÃ¸relse, balance og noter. Ãrsregnskabet udarbejdes efter Ã¥rsregnskabsloven.",Ãrsrapport,"Ledelsesberetningen indeholder efter min opfattelse en retvisende redegÃ¸relse for de forhold, beretningen omhandler.",Bent Christensen,Vibeke Gubbertsen,Vibeke Gubbertsen,Danske Bank,BtB Consult ApS,BDO Statsautoriseret revisionsaktieselskab,"PÃ¥ grundlag af det udfÃ¸rte arbejde er det vores opfattelse, at Ã¥rsregnskabet giver et retvisende billede af selskabets aktiver, passiver og finansielle stilling pr. 31. december 2013 samt af resultatet af selskabets aktiviteter for regnskabsÃ¥ret 1. januar - 31. december 2013 i overensstemmelse med Ã¥rsregnskabsloven.",,,Greve,,,,,Ãrsrapporten indstilles til generalforsamlingens godkendelse.,Greve,2013-12-31,2013-01-01,2014-02-21,KÃ¸benhavn,,"Ledelsen har ansvaret for udarbejdelsen af et Ã¥rsregnskab, der giver et retvisende billede i overensstemmelse med Ã¥rsregnskabsloven. Ledelsen har endvidere ansvaret for den interne kontrol, som ledelsen anser nÃ¸dvendig for at udarbejde et Ã¥rsregnskab uden vÃ¦sentlig fejlinformation, uanset om denne skyldes besvigelser eller fejl.","Vi har i henhold til Ã¥rsregnskabsloven gennemlÃ¦st ledelsesberetningen. Vi har ikke foretaget yderligere handlinger i tillÃ¦g til den udvidede gennemgang af Ã¥rsregnskabet. Det er pÃ¥ denne baggrund vores opfattelse, at oplysningerne i ledelsesberetningen er i overensstemmelse med Ã¥rsregnskabet.",,ErklÃ¦ring om udvidet gennemgang,,urn:ofk:oid:17264925,indberetninger-20180424,2.509595,29195951.0,,2018-03-31T21:22:50.573Z,2014-02-25T23:00:00.000Z,regnskab,0.0,,2013-12-31,2013-01-01,14-82.354,2014-02-25T23:00:00.000Z,,,,,,,,,,,,,,,,,,,,,,,,,,,,,
29195951,2013-01-01,2013-12-31,c5,http://regnskaber.virk.dk/15959192/Y3ZyLmRrOi8vcGRmcy8yOTE5NTk1MTtBcFMzNjE4MzA7MjAxMzAxMDE7MjAxMzEyMzE7UjtS.pdf,http://regnskaber.virk.dk/15959192/Y3ZyLmRrOi8veGJybHMvWC1CNjEwQjg1Ri0yMDE0MDIyNV8wNzUyMDVfNTY2.xml,KÃ¸benhavn V,1561.0,29.0,Havneholmen,KÃ¸benhavn K,1092.0,Holmens Kanal 2-12,2670  Greve,Greve Bygade 22,DK-1561 KÃ¸benhavn V,Havneholmen 29,Til kapitalejeren i BtB Consult ApS,,Regnskabsklasse B,Ãrsrapporten aflÃ¦gges i overensstemmelse med Ã¥rsregnskabsloven.,"Det er min opfattelse, at Ã¥rsregnskabet giver et retvisende billede af selskabets aktiver, passiver og finansielle stilling pr. 31. december 2013 samt af resultatet af selskabets aktiviteter for regnskabsÃ¥ret 1. januar - 31. december 2013.",,2014-02-21,2005-12-02,2014-02-23,,33410.0,Statsautoriseret revisor,"Udbytte, som forventes udbetalt for Ã¥ret, vises som en sÃ¦rskilt post under egenkapitalen.","VÃ¦rdipapirer, indregnet under omsÃ¦tningsaktiver, omfatter bÃ¸rsnoterede obligationer, aktier og andre vÃ¦rdipapirer, der mÃ¥les til dagsvÃ¦rdi pÃ¥ balancedagen. BÃ¸rsnoterede vÃ¦rdipapirer mÃ¥les til bÃ¸rskurs. Ikke bÃ¸rsnoterede vÃ¦rdipapirer mÃ¥les til en salgsvÃ¦rdi baseret pÃ¥ beregnet kapitalvÃ¦rdi.",PeriodeafgrÃ¦nsningsposter indregnet under aktiver omfatter afholdte omkostninger vedrÃ¸rende efterfÃ¸lgende regnskabsÃ¥r.,"Personaleomkostninger omfatter lÃ¸n og gager, inklusiv feriepenge og pensioner samt andre omkostninger til social sikring mv. til selskabets medarbejdere. I personaleomkostninger er fratrukket modtagne godtgÃ¸relser fra offentlige myndigheder.","Finansielle indtÃ¦gter og omkostninger indeholder renteindtÃ¦gter og -omkostninger, finansielle omkostninger ved finansiel leasing, realiserede og urealiserede kursgevinster og -tab vedrÃ¸rende vÃ¦rdipapirer, gÃ¦ld og transaktioner i fremmed valuta, amortisering af finansielle aktiver og forpligtelser samt tillÃ¦g og godtgÃ¸relse under acontoskatteordningen mv. Finansielle indtÃ¦gter og omkostninger indregnes med de belÃ¸b, der vedrÃ¸rer regnskabsÃ¥ret.","Deposita omfatter huslejedeposita, som indregnes og mÃ¥les til kostpris. Der afskrives ikke pÃ¥ deposita.",GÃ¦ld er mÃ¥lt til amortiseret kostpris svarende til nominel vÃ¦rdi.,"Tilgodehavender mÃ¥les til amortiseret kostpris, hvilket sÃ¦dvanligvis svarer til nominel vÃ¦rdi. VÃ¦rdien reduceres med nedskrivning til imÃ¸degÃ¥else af forventede tab.","NettoomsÃ¦tningen ved salg af handelsvarer og fÃ¦rdigvarer indregnes i resultatopgÃ¸relsen, sÃ¥fremt levering og risikoovergang til kÃ¸ber har fundet sted inden Ã¥rets udgang. NettoomsÃ¦tning indregnes eksklusiv moms, afgifter og med fradrag af rabatter i forbindelse med salget.","Ãrets skat, som bestÃ¥r af Ã¥rets aktuelle skat og forskydning i udskudt skat, indregnes i resultatopgÃ¸relsen med den del, der kan henfÃ¸res til Ã¥rets resultat, og direkte pÃ¥ egenkapitalen med den del, der kan henfÃ¸res til posteringer direkte pÃ¥ egenkapitalen.",Selskabets vÃ¦sentligste aktivitet er at drive administrationsvirkswomhed.,Der er ikke efter regnskabsÃ¥rets afslutning indtruffet begivenheder af vÃ¦sentlig betydning for selskabets finansielle stilling.,Selskabet har ingen eventualforpligtelser udover almindelige arbejds- og garantiforpligtelser.,Anpartskapitalen har ikke vÃ¦ret Ã¦ndret i de seneste 5 Ã¥r.,-96600.0,,,29195951.0,20222670.0,Direktionen har dags dato behandlet og godkendt Ã¥rsrapporten for 1. januar - 31. december 2013 for BtB Consult ApS.,"Vi har udfÃ¸rt udvidet gennemgang af Ã¥rsregnskabet for BtB Consult ApS for regnskabsÃ¥ret 1. januar - 31. december 2013, der omfatter anvendt regnskabspraksis, resultatopgÃ¸relse, balance og noter. Ãrsregnskabet udarbejdes efter Ã¥rsregnskabsloven.",Ãrsrapport,"Ledelsesberetningen indeholder efter min opfattelse en retvisende redegÃ¸relse for de forhold, beretningen omhandler.",Bent Christensen,Vibeke Gubbertsen,Vibeke Gubbertsen,Danske Bank,BtB Consult ApS,BDO Statsautoriseret revisionsaktieselskab,"PÃ¥ grundlag af det udfÃ¸rte arbejde er det vores opfattelse, at Ã¥rsregnskabet giver et retvisende billede af selskabets aktiver, passiver og finansielle stilling pr. 31. december 2013 samt af resultatet af selskabets aktiviteter for regnskabsÃ¥ret 1. januar - 31. december 2013 i overensstemmelse med Ã¥rsregnskabsloven.",,,Greve,,98400.0,,,Ãrsrapporten indstilles til generalforsamlingens godkendelse.,Greve,2013-12-31,2013-01-01,2014-02-21,KÃ¸benhavn,,"Ledelsen har ansvaret for udarbejdelsen af et Ã¥rsregnskab, der giver et retvisende billede i overensstemmelse med Ã¥rsregnskabsloven. Ledelsen har endvidere ansvaret for den interne kontrol, som ledelsen anser nÃ¸dvendig for at udarbejde et Ã¥rsregnskab uden vÃ¦sentlig fejlinformation, uanset om denne skyldes besvigelser eller fejl.","Vi har i henhold til Ã¥rsregnskabsloven gennemlÃ¦st ledelsesberetningen. Vi har ikke foretaget yderligere handlinger i tillÃ¦g til den udvidede gennemgang af Ã¥rsregnskabet. Det er pÃ¥ denne baggrund vores opfattelse, at oplysningerne i ledelsesberetningen er i overensstemmelse med Ã¥rsregnskabet.",,ErklÃ¦ring om udvidet gennemgang,,urn:ofk:oid:17264925,indberetninger-20180424,2.509595,29195951.0,,2018-03-31T21:22:50.573Z,2014-02-25T23:00:00.000Z,regnskab,0.0,,2013-12-31,2013-01-01,14-82.354,2014-02-25T23:00:00.000Z,,,,,,,,,,,,,,,,,,,,,,,,,,,,,
29195951,2013-01-01,2013-12-31,c89,http://regnskaber.virk.dk/15959192/Y3ZyLmRrOi8vcGRmcy8yOTE5NTk1MTtBcFMzNjE4MzA7MjAxMzAxMDE7MjAxMzEyMzE7UjtS.pdf,http://regnskaber.virk.dk/15959192/Y3ZyLmRrOi8veGJybHMvWC1CNjEwQjg1Ri0yMDE0MDIyNV8wNzUyMDVfNTY2.xml,KÃ¸benhavn V,1561.0,29.0,Havneholmen,KÃ¸benhavn K,1092.0,Holmens Kanal 2-12,2670  Greve,Greve Bygade 22,DK-1561 KÃ¸benhavn V,Havneholmen 29,Til kapitalejeren i BtB Consult ApS,,Regnskabsklasse B,Ãrsrapporten aflÃ¦gges i overensstemmelse med Ã¥rsregnskabsloven.,"Det er min opfattelse, at Ã¥rsregnskabet giver et retvisende billede af selskabets aktiver, passiver og finansielle stilling pr. 31. december 2013 samt af resultatet af selskabets aktiviteter for regnskabsÃ¥ret 1. januar - 31. december 2013.",,2014-02-21,2005-12-02,2014-02-23,,33410.0,Statsautoriseret revisor,"Udbytte, som forventes udbetalt for Ã¥ret, vises som en sÃ¦rskilt post under egenkapitalen.","VÃ¦rdipapirer, indregnet under omsÃ¦tningsaktiver, omfatter bÃ¸rsnoterede obligationer, aktier og andre vÃ¦rdipapirer, der mÃ¥les til dagsvÃ¦rdi pÃ¥ balancedagen. BÃ¸rsnoterede vÃ¦rdipapirer mÃ¥les til bÃ¸rskurs. Ikke bÃ¸rsnoterede vÃ¦rdipapirer mÃ¥les til en salgsvÃ¦rdi baseret pÃ¥ beregnet kapitalvÃ¦rdi.",PeriodeafgrÃ¦nsningsposter indregnet under aktiver omfatter afholdte omkostninger vedrÃ¸rende efterfÃ¸lgende regnskabsÃ¥r.,"Personaleomkostninger omfatter lÃ¸n og gager, inklusiv feriepenge og pensioner samt andre omkostninger til social sikring mv. til selskabets medarbejdere. I personaleomkostninger er fratrukket modtagne godtgÃ¸relser fra offentlige myndigheder.","Finansielle indtÃ¦gter og omkostninger indeholder renteindtÃ¦gter og -omkostninger, finansielle omkostninger ved finansiel leasing, realiserede og urealiserede kursgevinster og -tab vedrÃ¸rende vÃ¦rdipapirer, gÃ¦ld og transaktioner i fremmed valuta, amortisering af finansielle aktiver og forpligtelser samt tillÃ¦g og godtgÃ¸relse under acontoskatteordningen mv. Finansielle indtÃ¦gter og omkostninger indregnes med de belÃ¸b, der vedrÃ¸rer regnskabsÃ¥ret.","Deposita omfatter huslejedeposita, som indregnes og mÃ¥les til kostpris. Der afskrives ikke pÃ¥ deposita.",GÃ¦ld er mÃ¥lt til amortiseret kostpris svarende til nominel vÃ¦rdi.,"Tilgodehavender mÃ¥les til amortiseret kostpris, hvilket sÃ¦dvanligvis svarer til nominel vÃ¦rdi. VÃ¦rdien reduceres med nedskrivning til imÃ¸degÃ¥else af forventede tab.","NettoomsÃ¦tningen ved salg af handelsvarer og fÃ¦rdigvarer indregnes i resultatopgÃ¸relsen, sÃ¥fremt levering og risikoovergang til kÃ¸ber har fundet sted inden Ã¥rets udgang. NettoomsÃ¦tning indregnes eksklusiv moms, afgifter og med fradrag af rabatter i forbindelse med salget.","Ãrets skat, som bestÃ¥r af Ã¥rets aktuelle skat og forskydning i udskudt skat, indregnes i resultatopgÃ¸relsen med den del, der kan henfÃ¸res til Ã¥rets resultat, og direkte pÃ¥ egenkapitalen med den del, der kan henfÃ¸res til posteringer direkte pÃ¥ egenkapitalen.",Selskabets vÃ¦sentligste aktivitet er at drive administrationsvirkswomhed.,Der er ikke efter regnskabsÃ¥rets afslutning indtruffet begivenheder af vÃ¦sentlig betydning for selskabets finansielle stilling.,Selskabet har ingen eventualforpligtelser udover almindelige arbejds- og garantiforpligtelser.,Anpartskapitalen har ikke vÃ¦ret Ã¦ndret i de seneste 5 Ã¥r.,-96600.0,,,29195951.0,20222670.0,Direktionen har dags dato behandlet og godkendt Ã¥rsrapporten for 1. januar - 31. december 2013 for BtB Consult ApS.,"Vi har udfÃ¸rt udvidet gennemgang af Ã¥rsregnskabet for BtB Consult ApS for regnskabsÃ¥ret 1. januar - 31. december 2013, der omfatter anvendt regnskabspraksis, resultatopgÃ¸relse, balance og noter. Ãrsregnskabet udarbejdes efter Ã¥rsregnskabsloven.",Ãrsrapport,"Ledelsesberetningen indeholder efter min opfattelse en retvisende redegÃ¸relse for de forhold, beretningen omhandler.",Bent Christensen,Vibeke Gubbertsen,Vibeke Gubbertsen,Danske Bank,BtB Consult ApS,BDO Statsautoriseret revisionsaktieselskab,"PÃ¥ grundlag af det udfÃ¸rte arbejde er det vores opfattelse, at Ã¥rsregnskabet giver et retvisende billede af selskabets aktiver, passiver og finansielle stilling pr. 31. december 2013 samt af resultatet af selskabets aktiviteter for regnskabsÃ¥ret 1. januar - 31. december 2013 i overensstemmelse med Ã¥rsregnskabsloven.",,,Greve,,,,,Ãrsrapporten indstilles til generalforsamlingens godkendelse.,Greve,2013-12-31,2013-01-01,2014-02-21,KÃ¸benhavn,,"Ledelsen har ansvaret for udarbejdelsen af et Ã¥rsregnskab, der giver et retvisende billede i overensstemmelse med Ã¥rsregnskabsloven. Ledelsen har endvidere ansvaret for den interne kontrol, som ledelsen anser nÃ¸dvendig for at udarbejde et Ã¥rsregnskab uden vÃ¦sentlig fejlinformation, uanset om denne skyldes besvigelser eller fejl.","Vi har i henhold til Ã¥rsregnskabsloven gennemlÃ¦st ledelsesberetningen. Vi har ikke foretaget yderligere handlinger i tillÃ¦g til den udvidede gennemgang af Ã¥rsregnskabet. Det er pÃ¥ denne baggrund vores opfattelse, at oplysningerne i ledelsesberetningen er i overensstemmelse med Ã¥rsregnskabet.",,ErklÃ¦ring om udvidet gennemgang,,urn:ofk:oid:17264925,indberetninger-20180424,2.509595,29195951.0,,2018-03-31T21:22:50.573Z,2014-02-25T23:00:00.000Z,regnskab,0.0,,2013-12-31,2013-01-01,14-82.354,2014-02-25T23:00:00.000Z,,,,,,,,,,,,,,,,,,,,,,,,,,,,,
29195951,2013-12-31,2013-12-31,c133,http://regnskaber.virk.dk/15959192/Y3ZyLmRrOi8vcGRmcy8yOTE5NTk1MTtBcFMzNjE4MzA7MjAxMzAxMDE7MjAxMzEyMzE7UjtS.pdf,http://regnskaber.virk.dk/15959192/Y3ZyLmRrOi8veGJybHMvWC1CNjEwQjg1Ri0yMDE0MDIyNV8wNzUyMDVfNTY2.xml,KÃ¸benhavn V,1561.0,29.0,Havneholmen,KÃ¸benhavn K,1092.0,Holmens Kanal 2-12,2670  Greve,Greve Bygade 22,DK-1561 KÃ¸benhavn V,Havneholmen 29,Til kapitalejeren i BtB Consult ApS,,Regnskabsklasse B,Ãrsrapporten aflÃ¦gges i overensstemmelse med Ã¥rsregnskabsloven.,"Det er min opfattelse, at Ã¥rsregnskabet giver et retvisende billede af selskabets aktiver, passiver og finansielle stilling pr. 31. december 2013 samt af resultatet af selskabets aktiviteter for regnskabsÃ¥ret 1. januar - 31. december 2013.",,2014-02-21,2005-12-02,2014-02-23,,33410.0,Statsautoriseret revisor,"Udbytte, som forventes udbetalt for Ã¥ret, vises som en sÃ¦rskilt post under egenkapitalen.","VÃ¦rdipapirer, indregnet under omsÃ¦tningsaktiver, omfatter bÃ¸rsnoterede obligationer, aktier og andre vÃ¦rdipapirer, der mÃ¥les til dagsvÃ¦rdi pÃ¥ balancedagen. BÃ¸rsnoterede vÃ¦rdipapirer mÃ¥les til bÃ¸rskurs. Ikke bÃ¸rsnoterede vÃ¦rdipapirer mÃ¥les til en salgsvÃ¦rdi baseret pÃ¥ beregnet kapitalvÃ¦rdi.",PeriodeafgrÃ¦nsningsposter indregnet under aktiver omfatter afholdte omkostninger vedrÃ¸rende efterfÃ¸lgende regnskabsÃ¥r.,"Personaleomkostninger omfatter lÃ¸n og gager, inklusiv feriepenge og pensioner samt andre omkostninger til social sikring mv. til selskabets medarbejdere. I personaleomkostninger er fratrukket modtagne godtgÃ¸relser fra offentlige myndigheder.","Finansielle indtÃ¦gter og omkostninger indeholder renteindtÃ¦gter og -omkostninger, finansielle omkostninger ved finansiel leasing, realiserede og urealiserede kursgevinster og -tab vedrÃ¸rende vÃ¦rdipapirer, gÃ¦ld og transaktioner i fremmed valuta, amortisering af finansielle aktiver og forpligtelser samt tillÃ¦g og godtgÃ¸relse under acontoskatteordningen mv. Finansielle indtÃ¦gter og omkostninger indregnes med de belÃ¸b, der vedrÃ¸rer regnskabsÃ¥ret.","Deposita omfatter huslejedeposita, som indregnes og mÃ¥les til kostpris. Der afskrives ikke pÃ¥ deposita.",GÃ¦ld er mÃ¥lt til amortiseret kostpris svarende til nominel vÃ¦rdi.,"Tilgodehavender mÃ¥les til amortiseret kostpris, hvilket sÃ¦dvanligvis svarer til nominel vÃ¦rdi. VÃ¦rdien reduceres med nedskrivning til imÃ¸degÃ¥else af forventede tab.","NettoomsÃ¦tningen ved salg af handelsvarer og fÃ¦rdigvarer indregnes i resultatopgÃ¸relsen, sÃ¥fremt levering og risikoovergang til kÃ¸ber har fundet sted inden Ã¥rets udgang. NettoomsÃ¦tning indregnes eksklusiv moms, afgifter og med fradrag af rabatter i forbindelse med salget.","Ãrets skat, som bestÃ¥r af Ã¥rets aktuelle skat og forskydning i udskudt skat, indregnes i resultatopgÃ¸relsen med den del, der kan henfÃ¸res til Ã¥rets resultat, og direkte pÃ¥ egenkapitalen med den del, der kan henfÃ¸res til posteringer direkte pÃ¥ egenkapitalen.",Selskabets vÃ¦sentligste aktivitet er at drive administrationsvirkswomhed.,Der er ikke efter regnskabsÃ¥rets afslutning indtruffet begivenheder af vÃ¦sentlig betydning for selskabets finansielle stilling.,Selskabet har ingen eventualforpligtelser udover almindelige arbejds- og garantiforpligtelser.,Anpartskapitalen har ikke vÃ¦ret Ã¦ndret i de seneste 5 Ã¥r.,-96600.0,,,29195951.0,20222670.0,Direktionen har dags dato behandlet og godkendt Ã¥rsrapporten for 1. januar - 31. december 2013 for BtB Consult ApS.,"Vi har udfÃ¸rt udvidet gennemgang af Ã¥rsregnskabet for BtB Consult ApS for regnskabsÃ¥ret 1. januar - 31. december 2013, der omfatter anvendt regnskabspraksis, resultatopgÃ¸relse, balance og noter. Ãrsregnskabet udarbejdes efter Ã¥rsregnskabsloven.",Ãrsrapport,"Ledelsesberetningen indeholder efter min opfattelse en retvisende redegÃ¸relse for de forhold, beretningen omhandler.",Bent Christensen,Vibeke Gubbertsen,Vibeke Gubbertsen,Danske Bank,BtB Consult ApS,BDO Statsautoriseret revisionsaktieselskab,"PÃ¥ grundlag af det udfÃ¸rte arbejde er det vores opfattelse, at Ã¥rsregnskabet giver et retvisende billede af selskabets aktiver, passiver og finansielle stilling pr. 31. december 2013 samt af resultatet af selskabets aktiviteter for regnskabsÃ¥ret 1. januar - 31. december 2013 i overensstemmelse med Ã¥rsregnskabsloven.",,,Greve,,,,,Ãrsrapporten indstilles til generalforsamlingens godkendelse.,Greve,2013-12-31,2013-01-01,2014-02-21,KÃ¸benhavn,,"Ledelsen har ansvaret for udarbejdelsen af et Ã¥rsregnskab, der giver et retvisende billede i overensstemmelse med Ã¥rsregnskabsloven. Ledelsen har endvidere ansvaret for den interne kontrol, som ledelsen anser nÃ¸dvendig for at udarbejde et Ã¥rsregnskab uden vÃ¦sentlig fejlinformation, uanset om denne skyldes besvigelser eller fejl.","Vi har i henhold til Ã¥rsregnskabsloven gennemlÃ¦st ledelsesberetningen. Vi har ikke foretaget yderligere handlinger i tillÃ¦g til den udvidede gennemgang af Ã¥rsregnskabet. Det er pÃ¥ denne baggrund vores opfattelse, at oplysningerne i ledelsesberetningen er i overensstemmelse med Ã¥rsregnskabet.",,ErklÃ¦ring om udvidet gennemgang,,urn:ofk:oid:17264925,indberetninger-20180424,2.509595,29195951.0,,2018-03-31T21:22:50.573Z,2014-02-25T23:00:00.000Z,regnskab,0.0,,2013-12-31,2013-01-01,14-82.354,2014-02-25T23:00:00.000Z,,,,,,,,,,35200.0,,,,,,,,,,,,,,,,35200.0,,,
29195951,2013-12-31,2013-12-31,c139,http://regnskaber.virk.dk/15959192/Y3ZyLmRrOi8vcGRmcy8yOTE5NTk1MTtBcFMzNjE4MzA7MjAxMzAxMDE7MjAxMzEyMzE7UjtS.pdf,http://regnskaber.virk.dk/15959192/Y3ZyLmRrOi8veGJybHMvWC1CNjEwQjg1Ri0yMDE0MDIyNV8wNzUyMDVfNTY2.xml,KÃ¸benhavn V,1561.0,29.0,Havneholmen,KÃ¸benhavn K,1092.0,Holmens Kanal 2-12,2670  Greve,Greve Bygade 22,DK-1561 KÃ¸benhavn V,Havneholmen 29,Til kapitalejeren i BtB Consult ApS,,Regnskabsklasse B,Ãrsrapporten aflÃ¦gges i overensstemmelse med Ã¥rsregnskabsloven.,"Det er min opfattelse, at Ã¥rsregnskabet giver et retvisende billede af selskabets aktiver, passiver og finansielle stilling pr. 31. december 2013 samt af resultatet af selskabets aktiviteter for regnskabsÃ¥ret 1. januar - 31. december 2013.",,2014-02-21,2005-12-02,2014-02-23,,33410.0,Statsautoriseret revisor,"Udbytte, som forventes udbetalt for Ã¥ret, vises som en sÃ¦rskilt post under egenkapitalen.","VÃ¦rdipapirer, indregnet under omsÃ¦tningsaktiver, omfatter bÃ¸rsnoterede obligationer, aktier og andre vÃ¦rdipapirer, der mÃ¥les til dagsvÃ¦rdi pÃ¥ balancedagen. BÃ¸rsnoterede vÃ¦rdipapirer mÃ¥les til bÃ¸rskurs. Ikke bÃ¸rsnoterede vÃ¦rdipapirer mÃ¥les til en salgsvÃ¦rdi baseret pÃ¥ beregnet kapitalvÃ¦rdi.",PeriodeafgrÃ¦nsningsposter indregnet under aktiver omfatter afholdte omkostninger vedrÃ¸rende efterfÃ¸lgende regnskabsÃ¥r.,"Personaleomkostninger omfatter lÃ¸n og gager, inklusiv feriepenge og pensioner samt andre omkostninger til social sikring mv. til selskabets medarbejdere. I personaleomkostninger er fratrukket modtagne godtgÃ¸relser fra offentlige myndigheder.","Finansielle indtÃ¦gter og omkostninger indeholder renteindtÃ¦gter og -omkostninger, finansielle omkostninger ved finansiel leasing, realiserede og urealiserede kursgevinster og -tab vedrÃ¸rende vÃ¦rdipapirer, gÃ¦ld og transaktioner i fremmed valuta, amortisering af finansielle aktiver og forpligtelser samt tillÃ¦g og godtgÃ¸relse under acontoskatteordningen mv. Finansielle indtÃ¦gter og omkostninger indregnes med de belÃ¸b, der vedrÃ¸rer regnskabsÃ¥ret.","Deposita omfatter huslejedeposita, som indregnes og mÃ¥les til kostpris. Der afskrives ikke pÃ¥ deposita.",GÃ¦ld er mÃ¥lt til amortiseret kostpris svarende til nominel vÃ¦rdi.,"Tilgodehavender mÃ¥les til amortiseret kostpris, hvilket sÃ¦dvanligvis svarer til nominel vÃ¦rdi. VÃ¦rdien reduceres med nedskrivning til imÃ¸degÃ¥else af forventede tab.","NettoomsÃ¦tningen ved salg af handelsvarer og fÃ¦rdigvarer indregnes i resultatopgÃ¸relsen, sÃ¥fremt levering og risikoovergang til kÃ¸ber har fundet sted inden Ã¥rets udgang. NettoomsÃ¦tning indregnes eksklusiv moms, afgifter og med fradrag af rabatter i forbindelse med salget.","Ãrets skat, som bestÃ¥r af Ã¥rets aktuelle skat og forskydning i udskudt skat, indregnes i resultatopgÃ¸relsen med den del, der kan henfÃ¸res til Ã¥rets resultat, og direkte pÃ¥ egenkapitalen med den del, der kan henfÃ¸res til posteringer direkte pÃ¥ egenkapitalen.",Selskabets vÃ¦sentligste aktivitet er at drive administrationsvirkswomhed.,Der er ikke efter regnskabsÃ¥rets afslutning indtruffet begivenheder af vÃ¦sentlig betydning for selskabets finansielle stilling.,Selskabet har ingen eventualforpligtelser udover almindelige arbejds- og garantiforpligtelser.,Anpartskapitalen har ikke vÃ¦ret Ã¦ndret i de seneste 5 Ã¥r.,-96600.0,,,29195951.0,20222670.0,Direktionen har dags dato behandlet og godkendt Ã¥rsrapporten for 1. januar - 31. december 2013 for BtB Consult ApS.,"Vi har udfÃ¸rt udvidet gennemgang af Ã¥rsregnskabet for BtB Consult ApS for regnskabsÃ¥ret 1. januar - 31. december 2013, der omfatter anvendt regnskabspraksis, resultatopgÃ¸relse, balance og noter. Ãrsregnskabet udarbejdes efter Ã¥rsregnskabsloven.",Ãrsrapport,"Ledelsesberetningen indeholder efter min opfattelse en retvisende redegÃ¸relse for de forhold, beretningen omhandler.",Bent Christensen,Vibeke Gubbertsen,Vibeke Gubbertsen,Danske Bank,BtB Consult ApS,BDO Statsautoriseret revisionsaktieselskab,"PÃ¥ grundlag af det udfÃ¸rte arbejde er det vores opfattelse, at Ã¥rsregnskabet giver et retvisende billede af selskabets aktiver, passiver og finansielle stilling pr. 31. december 2013 samt af resultatet af selskabets aktiviteter for regnskabsÃ¥ret 1. januar - 31. december 2013 i overensstemmelse med Ã¥rsregnskabsloven.",,,Greve,,,,,Ãrsrapporten indstilles til generalforsamlingens godkendelse.,Greve,2013-12-31,2013-01-01,2014-02-21,KÃ¸benhavn,,"Ledelsen har ansvaret for udarbejdelsen af et Ã¥rsregnskab, der giver et retvisende billede i overensstemmelse med Ã¥rsregnskabsloven. Ledelsen har endvidere ansvaret for den interne kontrol, som ledelsen anser nÃ¸dvendig for at udarbejde et Ã¥rsregnskab uden vÃ¦sentlig fejlinformation, uanset om denne skyldes besvigelser eller fejl.","Vi har i henhold til Ã¥rsregnskabsloven gennemlÃ¦st ledelsesberetningen. Vi har ikke foretaget yderligere handlinger i tillÃ¦g til den udvidede gennemgang af Ã¥rsregnskabet. Det er pÃ¥ denne baggrund vores opfattelse, at oplysningerne i ledelsesberetningen er i overensstemmelse med Ã¥rsregnskabet.",,ErklÃ¦ring om udvidet gennemgang,,urn:ofk:oid:17264925,indberetninger-20180424,2.509595,29195951.0,,2018-03-31T21:22:50.573Z,2014-02-25T23:00:00.000Z,regnskab,0.0,,2013-12-31,2013-01-01,14-82.354,2014-02-25T23:00:00.000Z,,,,,,125000.0,,,,,,,,,,,,,,,,,,,,,,,
29195951,2013-12-31,2013-12-31,c160,http://regnskaber.virk.dk/15959192/Y3ZyLmRrOi8vcGRmcy8yOTE5NTk1MTtBcFMzNjE4MzA7MjAxMzAxMDE7MjAxMzEyMzE7UjtS.pdf,http://regnskaber.virk.dk/15959192/Y3ZyLmRrOi8veGJybHMvWC1CNjEwQjg1Ri0yMDE0MDIyNV8wNzUyMDVfNTY2.xml,KÃ¸benhavn V,1561.0,29.0,Havneholmen,KÃ¸benhavn K,1092.0,Holmens Kanal 2-12,2670  Greve,Greve Bygade 22,DK-1561 KÃ¸benhavn V,Havneholmen 29,Til kapitalejeren i BtB Consult ApS,,Regnskabsklasse B,Ãrsrapporten aflÃ¦gges i overensstemmelse med Ã¥rsregnskabsloven.,"Det er min opfattelse, at Ã¥rsregnskabet giver et retvisende billede af selskabets aktiver, passiver og finansielle stilling pr. 31. december 2013 samt af resultatet af selskabets aktiviteter for regnskabsÃ¥ret 1. januar - 31. december 2013.",,2014-02-21,2005-12-02,2014-02-23,,33410.0,Statsautoriseret revisor,"Udbytte, som forventes udbetalt for Ã¥ret, vises som en sÃ¦rskilt post under egenkapitalen.","VÃ¦rdipapirer, indregnet under omsÃ¦tningsaktiver, omfatter bÃ¸rsnoterede obligationer, aktier og andre vÃ¦rdipapirer, der mÃ¥les til dagsvÃ¦rdi pÃ¥ balancedagen. BÃ¸rsnoterede vÃ¦rdipapirer mÃ¥les til bÃ¸rskurs. Ikke bÃ¸rsnoterede vÃ¦rdipapirer mÃ¥les til en salgsvÃ¦rdi baseret pÃ¥ beregnet kapitalvÃ¦rdi.",PeriodeafgrÃ¦nsningsposter indregnet under aktiver omfatter afholdte omkostninger vedrÃ¸rende efterfÃ¸lgende regnskabsÃ¥r.,"Personaleomkostninger omfatter lÃ¸n og gager, inklusiv feriepenge og pensioner samt andre omkostninger til social sikring mv. til selskabets medarbejdere. I personaleomkostninger er fratrukket modtagne godtgÃ¸relser fra offentlige myndigheder.","Finansielle indtÃ¦gter og omkostninger indeholder renteindtÃ¦gter og -omkostninger, finansielle omkostninger ved finansiel leasing, realiserede og urealiserede kursgevinster og -tab vedrÃ¸rende vÃ¦rdipapirer, gÃ¦ld og transaktioner i fremmed valuta, amortisering af finansielle aktiver og forpligtelser samt tillÃ¦g og godtgÃ¸relse under acontoskatteordningen mv. Finansielle indtÃ¦gter og omkostninger indregnes med de belÃ¸b, der vedrÃ¸rer regnskabsÃ¥ret.","Deposita omfatter huslejedeposita, som indregnes og mÃ¥les til kostpris. Der afskrives ikke pÃ¥ deposita.",GÃ¦ld er mÃ¥lt til amortiseret kostpris svarende til nominel vÃ¦rdi.,"Tilgodehavender mÃ¥les til amortiseret kostpris, hvilket sÃ¦dvanligvis svarer til nominel vÃ¦rdi. VÃ¦rdien reduceres med nedskrivning til imÃ¸degÃ¥else af forventede tab.","NettoomsÃ¦tningen ved salg af handelsvarer og fÃ¦rdigvarer indregnes i resultatopgÃ¸relsen, sÃ¥fremt levering og risikoovergang til kÃ¸ber har fundet sted inden Ã¥rets udgang. NettoomsÃ¦tning indregnes eksklusiv moms, afgifter og med fradrag af rabatter i forbindelse med salget.","Ãrets skat, som bestÃ¥r af Ã¥rets aktuelle skat og forskydning i udskudt skat, indregnes i resultatopgÃ¸relsen med den del, der kan henfÃ¸res til Ã¥rets resultat, og direkte pÃ¥ egenkapitalen med den del, der kan henfÃ¸res til posteringer direkte pÃ¥ egenkapitalen.",Selskabets vÃ¦sentligste aktivitet er at drive administrationsvirkswomhed.,Der er ikke efter regnskabsÃ¥rets afslutning indtruffet begivenheder af vÃ¦sentlig betydning for selskabets finansielle stilling.,Selskabet har ingen eventualforpligtelser udover almindelige arbejds- og garantiforpligtelser.,Anpartskapitalen har ikke vÃ¦ret Ã¦ndret i de seneste 5 Ã¥r.,-96600.0,,,29195951.0,20222670.0,Direktionen har dags dato behandlet og godkendt Ã¥rsrapporten for 1. januar - 31. december 2013 for BtB Consult ApS.,"Vi har udfÃ¸rt udvidet gennemgang af Ã¥rsregnskabet for BtB Consult ApS for regnskabsÃ¥ret 1. januar - 31. december 2013, der omfatter anvendt regnskabspraksis, resultatopgÃ¸relse, balance og noter. Ãrsregnskabet udarbejdes efter Ã¥rsregnskabsloven.",Ãrsrapport,"Ledelsesberetningen indeholder efter min opfattelse en retvisende redegÃ¸relse for de forhold, beretningen omhandler.",Bent Christensen,Vibeke Gubbertsen,Vibeke Gubbertsen,Danske Bank,BtB Consult ApS,BDO Statsautoriseret revisionsaktieselskab,"PÃ¥ grundlag af det udfÃ¸rte arbejde er det vores opfattelse, at Ã¥rsregnskabet giver et retvisende billede af selskabets aktiver, passiver og finansielle stilling pr. 31. december 2013 samt af resultatet af selskabets aktiviteter for regnskabsÃ¥ret 1. januar - 31. december 2013 i overensstemmelse med Ã¥rsregnskabsloven.",,,Greve,,,,,Ãrsrapporten indstilles til generalforsamlingens godkendelse.,Greve,2013-12-31,2013-01-01,2014-02-21,KÃ¸benhavn,,"Ledelsen har ansvaret for udarbejdelsen af et Ã¥rsregnskab, der giver et retvisende billede i overensstemmelse med Ã¥rsregnskabsloven. Ledelsen har endvidere ansvaret for den interne kontrol, som ledelsen anser nÃ¸dvendig for at udarbejde et Ã¥rsregnskab uden vÃ¦sentlig fejlinformation, uanset om denne skyldes besvigelser eller fejl.","Vi har i henhold til Ã¥rsregnskabsloven gennemlÃ¦st ledelsesberetningen. Vi har ikke foretaget yderligere handlinger i tillÃ¦g til den udvidede gennemgang af Ã¥rsregnskabet. Det er pÃ¥ denne baggrund vores opfattelse, at oplysningerne i ledelsesberetningen er i overensstemmelse med Ã¥rsregnskabet.",,ErklÃ¦ring om udvidet gennemgang,,urn:ofk:oid:17264925,indberetninger-20180424,2.509595,29195951.0,,2018-03-31T21:22:50.573Z,2014-02-25T23:00:00.000Z,regnskab,0.0,,2013-12-31,2013-01-01,14-82.354,2014-02-25T23:00:00.000Z,,,,,,306039.0,,,,,,,,,,,,,,,,,,,,,,,
29195951,2013-12-31,2013-12-31,c163,http://regnskaber.virk.dk/15959192/Y3ZyLmRrOi8vcGRmcy8yOTE5NTk1MTtBcFMzNjE4MzA7MjAxMzAxMDE7MjAxMzEyMzE7UjtS.pdf,http://regnskaber.virk.dk/15959192/Y3ZyLmRrOi8veGJybHMvWC1CNjEwQjg1Ri0yMDE0MDIyNV8wNzUyMDVfNTY2.xml,KÃ¸benhavn V,1561.0,29.0,Havneholmen,KÃ¸benhavn K,1092.0,Holmens Kanal 2-12,2670  Greve,Greve Bygade 22,DK-1561 KÃ¸benhavn V,Havneholmen 29,Til kapitalejeren i BtB Consult ApS,,Regnskabsklasse B,Ãrsrapporten aflÃ¦gges i overensstemmelse med Ã¥rsregnskabsloven.,"Det er min opfattelse, at Ã¥rsregnskabet giver et retvisende billede af selskabets aktiver, passiver og finansielle stilling pr. 31. december 2013 samt af resultatet af selskabets aktiviteter for regnskabsÃ¥ret 1. januar - 31. december 2013.",,2014-02-21,2005-12-02,2014-02-23,,33410.0,Statsautoriseret revisor,"Udbytte, som forventes udbetalt for Ã¥ret, vises som en sÃ¦rskilt post under egenkapitalen.","VÃ¦rdipapirer, indregnet under omsÃ¦tningsaktiver, omfatter bÃ¸rsnoterede obligationer, aktier og andre vÃ¦rdipapirer, der mÃ¥les til dagsvÃ¦rdi pÃ¥ balancedagen. BÃ¸rsnoterede vÃ¦rdipapirer mÃ¥les til bÃ¸rskurs. Ikke bÃ¸rsnoterede vÃ¦rdipapirer mÃ¥les til en salgsvÃ¦rdi baseret pÃ¥ beregnet kapitalvÃ¦rdi.",PeriodeafgrÃ¦nsningsposter indregnet under aktiver omfatter afholdte omkostninger vedrÃ¸rende efterfÃ¸lgende regnskabsÃ¥r.,"Personaleomkostninger omfatter lÃ¸n og gager, inklusiv feriepenge og pensioner samt andre omkostninger til social sikring mv. til selskabets medarbejdere. I personaleomkostninger er fratrukket modtagne godtgÃ¸relser fra offentlige myndigheder.","Finansielle indtÃ¦gter og omkostninger indeholder renteindtÃ¦gter og -omkostninger, finansielle omkostninger ved finansiel leasing, realiserede og urealiserede kursgevinster og -tab vedrÃ¸rende vÃ¦rdipapirer, gÃ¦ld og transaktioner i fremmed valuta, amortisering af finansielle aktiver og forpligtelser samt tillÃ¦g og godtgÃ¸relse under acontoskatteordningen mv. Finansielle indtÃ¦gter og omkostninger indregnes med de belÃ¸b, der vedrÃ¸rer regnskabsÃ¥ret.","Deposita omfatter huslejedeposita, som indregnes og mÃ¥les til kostpris. Der afskrives ikke pÃ¥ deposita.",GÃ¦ld er mÃ¥lt til amortiseret kostpris svarende til nominel vÃ¦rdi.,"Tilgodehavender mÃ¥les til amortiseret kostpris, hvilket sÃ¦dvanligvis svarer til nominel vÃ¦rdi. VÃ¦rdien reduceres med nedskrivning til imÃ¸degÃ¥else af forventede tab.","NettoomsÃ¦tningen ved salg af handelsvarer og fÃ¦rdigvarer indregnes i resultatopgÃ¸relsen, sÃ¥fremt levering og risikoovergang til kÃ¸ber har fundet sted inden Ã¥rets udgang. NettoomsÃ¦tning indregnes eksklusiv moms, afgifter og med fradrag af rabatter i forbindelse med salget.","Ãrets skat, som bestÃ¥r af Ã¥rets aktuelle skat og forskydning i udskudt skat, indregnes i resultatopgÃ¸relsen med den del, der kan henfÃ¸res til Ã¥rets resultat, og direkte pÃ¥ egenkapitalen med den del, der kan henfÃ¸res til posteringer direkte pÃ¥ egenkapitalen.",Selskabets vÃ¦sentligste aktivitet er at drive administrationsvirkswomhed.,Der er ikke efter regnskabsÃ¥rets afslutning indtruffet begivenheder af vÃ¦sentlig betydning for selskabets finansielle stilling.,Selskabet har ingen eventualforpligtelser udover almindelige arbejds- og garantiforpligtelser.,Anpartskapitalen har ikke vÃ¦ret Ã¦ndret i de seneste 5 Ã¥r.,-96600.0,,,29195951.0,20222670.0,Direktionen har dags dato behandlet og godkendt Ã¥rsrapporten for 1. januar - 31. december 2013 for BtB Consult ApS.,"Vi har udfÃ¸rt udvidet gennemgang af Ã¥rsregnskabet for BtB Consult ApS for regnskabsÃ¥ret 1. januar - 31. december 2013, der omfatter anvendt regnskabspraksis, resultatopgÃ¸relse, balance og noter. Ãrsregnskabet udarbejdes efter Ã¥rsregnskabsloven.",Ãrsrapport,"Ledelsesberetningen indeholder efter min opfattelse en retvisende redegÃ¸relse for de forhold, beretningen omhandler.",Bent Christensen,Vibeke Gubbertsen,Vibeke Gubbertsen,Danske Bank,BtB Consult ApS,BDO Statsautoriseret revisionsaktieselskab,"PÃ¥ grundlag af det udfÃ¸rte arbejde er det vores opfattelse, at Ã¥rsregnskabet giver et retvisende billede af selskabets aktiver, passiver og finansielle stilling pr. 31. december 2013 samt af resultatet af selskabets aktiviteter for regnskabsÃ¥ret 1. januar - 31. december 2013 i overensstemmelse med Ã¥rsregnskabsloven.",,,Greve,,,,,Ãrsrapporten indstilles til generalforsamlingens godkendelse.,Greve,2013-12-31,2013-01-01,2014-02-21,KÃ¸benhavn,,"Ledelsen har ansvaret for udarbejdelsen af et Ã¥rsregnskab, der giver et retvisende billede i overensstemmelse med Ã¥rsregnskabsloven. Ledelsen har endvidere ansvaret for den interne kontrol, som ledelsen anser nÃ¸dvendig for at udarbejde et Ã¥rsregnskab uden vÃ¦sentlig fejlinformation, uanset om denne skyldes besvigelser eller fejl.","Vi har i henhold til Ã¥rsregnskabsloven gennemlÃ¦st ledelsesberetningen. Vi har ikke foretaget yderligere handlinger i tillÃ¦g til den udvidede gennemgang af Ã¥rsregnskabet. Det er pÃ¥ denne baggrund vores opfattelse, at oplysningerne i ledelsesberetningen er i overensstemmelse med Ã¥rsregnskabet.",,ErklÃ¦ring om udvidet gennemgang,,urn:ofk:oid:17264925,indberetninger-20180424,2.509595,29195951.0,,2018-03-31T21:22:50.573Z,2014-02-25T23:00:00.000Z,regnskab,0.0,,2013-12-31,2013-01-01,14-82.354,2014-02-25T23:00:00.000Z,,,,,,98400.0,,,,,,,,,,,,,,,,,,,,,,,
29195951,2013-12-31,2013-12-31,c2,http://regnskaber.virk.dk/15959192/Y3ZyLmRrOi8vcGRmcy8yOTE5NTk1MTtBcFMzNjE4MzA7MjAxMzAxMDE7MjAxMzEyMzE7UjtS.pdf,http://regnskaber.virk.dk/15959192/Y3ZyLmRrOi8veGJybHMvWC1CNjEwQjg1Ri0yMDE0MDIyNV8wNzUyMDVfNTY2.xml,KÃ¸benhavn V,1561.0,29.0,Havneholmen,KÃ¸benhavn K,1092.0,Holmens Kanal 2-12,2670  Greve,Greve Bygade 22,DK-1561 KÃ¸benhavn V,Havneholmen 29,Til kapitalejeren i BtB Consult ApS,,Regnskabsklasse B,Ãrsrapporten aflÃ¦gges i overensstemmelse med Ã¥rsregnskabsloven.,"Det er min opfattelse, at Ã¥rsregnskabet giver et retvisende billede af selskabets aktiver, passiver og finansielle stilling pr. 31. december 2013 samt af resultatet af selskabets aktiviteter for regnskabsÃ¥ret 1. januar - 31. december 2013.",,2014-02-21,2005-12-02,2014-02-23,,33410.0,Statsautoriseret revisor,"Udbytte, som forventes udbetalt for Ã¥ret, vises som en sÃ¦rskilt post under egenkapitalen.","VÃ¦rdipapirer, indregnet under omsÃ¦tningsaktiver, omfatter bÃ¸rsnoterede obligationer, aktier og andre vÃ¦rdipapirer, der mÃ¥les til dagsvÃ¦rdi pÃ¥ balancedagen. BÃ¸rsnoterede vÃ¦rdipapirer mÃ¥les til bÃ¸rskurs. Ikke bÃ¸rsnoterede vÃ¦rdipapirer mÃ¥les til en salgsvÃ¦rdi baseret pÃ¥ beregnet kapitalvÃ¦rdi.",PeriodeafgrÃ¦nsningsposter indregnet under aktiver omfatter afholdte omkostninger vedrÃ¸rende efterfÃ¸lgende regnskabsÃ¥r.,"Personaleomkostninger omfatter lÃ¸n og gager, inklusiv feriepenge og pensioner samt andre omkostninger til social sikring mv. til selskabets medarbejdere. I personaleomkostninger er fratrukket modtagne godtgÃ¸relser fra offentlige myndigheder.","Finansielle indtÃ¦gter og omkostninger indeholder renteindtÃ¦gter og -omkostninger, finansielle omkostninger ved finansiel leasing, realiserede og urealiserede kursgevinster og -tab vedrÃ¸rende vÃ¦rdipapirer, gÃ¦ld og transaktioner i fremmed valuta, amortisering af finansielle aktiver og forpligtelser samt tillÃ¦g og godtgÃ¸relse under acontoskatteordningen mv. Finansielle indtÃ¦gter og omkostninger indregnes med de belÃ¸b, der vedrÃ¸rer regnskabsÃ¥ret.","Deposita omfatter huslejedeposita, som indregnes og mÃ¥les til kostpris. Der afskrives ikke pÃ¥ deposita.",GÃ¦ld er mÃ¥lt til amortiseret kostpris svarende til nominel vÃ¦rdi.,"Tilgodehavender mÃ¥les til amortiseret kostpris, hvilket sÃ¦dvanligvis svarer til nominel vÃ¦rdi. VÃ¦rdien reduceres med nedskrivning til imÃ¸degÃ¥else af forventede tab.","NettoomsÃ¦tningen ved salg af handelsvarer og fÃ¦rdigvarer indregnes i resultatopgÃ¸relsen, sÃ¥fremt levering og risikoovergang til kÃ¸ber har fundet sted inden Ã¥rets udgang. NettoomsÃ¦tning indregnes eksklusiv moms, afgifter og med fradrag af rabatter i forbindelse med salget.","Ãrets skat, som bestÃ¥r af Ã¥rets aktuelle skat og forskydning i udskudt skat, indregnes i resultatopgÃ¸relsen med den del, der kan henfÃ¸res til Ã¥rets resultat, og direkte pÃ¥ egenkapitalen med den del, der kan henfÃ¸res til posteringer direkte pÃ¥ egenkapitalen.",Selskabets vÃ¦sentligste aktivitet er at drive administrationsvirkswomhed.,Der er ikke efter regnskabsÃ¥rets afslutning indtruffet begivenheder af vÃ¦sentlig betydning for selskabets finansielle stilling.,Selskabet har ingen eventualforpligtelser udover almindelige arbejds- og garantiforpligtelser.,Anpartskapitalen har ikke vÃ¦ret Ã¦ndret i de seneste 5 Ã¥r.,-96600.0,,,29195951.0,20222670.0,Direktionen har dags dato behandlet og godkendt Ã¥rsrapporten for 1. januar - 31. december 2013 for BtB Consult ApS.,"Vi har udfÃ¸rt udvidet gennemgang af Ã¥rsregnskabet for BtB Consult ApS for regnskabsÃ¥ret 1. januar - 31. december 2013, der omfatter anvendt regnskabspraksis, resultatopgÃ¸relse, balance og noter. Ãrsregnskabet udarbejdes efter Ã¥rsregnskabsloven.",Ãrsrapport,"Ledelsesberetningen indeholder efter min opfattelse en retvisende redegÃ¸relse for de forhold, beretningen omhandler.",Bent Christensen,Vibeke Gubbertsen,Vibeke Gubbertsen,Danske Bank,BtB Consult ApS,BDO Statsautoriseret revisionsaktieselskab,"PÃ¥ grundlag af det udfÃ¸rte arbejde er det vores opfattelse, at Ã¥rsregnskabet giver et retvisende billede af selskabets aktiver, passiver og finansielle stilling pr. 31. december 2013 samt af resultatet af selskabets aktiviteter for regnskabsÃ¥ret 1. januar - 31. december 2013 i overensstemmelse med Ã¥rsregnskabsloven.",,,Greve,,,,,Ãrsrapporten indstilles til generalforsamlingens godkendelse.,Greve,2013-12-31,2013-01-01,2014-02-21,KÃ¸benhavn,,"Ledelsen har ansvaret for udarbejdelsen af et Ã¥rsregnskab, der giver et retvisende billede i overensstemmelse med Ã¥rsregnskabsloven. Ledelsen har endvidere ansvaret for den interne kontrol, som ledelsen anser nÃ¸dvendig for at udarbejde et Ã¥rsregnskab uden vÃ¦sentlig fejlinformation, uanset om denne skyldes besvigelser eller fejl.","Vi har i henhold til Ã¥rsregnskabsloven gennemlÃ¦st ledelsesberetningen. Vi har ikke foretaget yderligere handlinger i tillÃ¦g til den udvidede gennemgang af Ã¥rsregnskabet. Det er pÃ¥ denne baggrund vores opfattelse, at oplysningerne i ledelsesberetningen er i overensstemmelse med Ã¥rsregnskabet.",,ErklÃ¦ring om udvidet gennemgang,,urn:ofk:oid:17264925,indberetninger-20180424,2.509595,29195951.0,,2018-03-31T21:22:50.573Z,2014-02-25T23:00:00.000Z,regnskab,0.0,,2013-12-31,2013-01-01,14-82.354,2014-02-25T23:00:00.000Z,759657.0,277405.0,125000.0,628433.0,10087.0,529439.0,96024.0,759657.0,228283.0,35200.0,131224.0,35200.0,115178.0,228283.0,96024.0,98400.0,1935.0,1935.0,306039.0,115178.0,228283.0,235850.0,0.0,5350.0,220413.0,,,,
29195951,2013-12-31,2013-12-31,c90,http://regnskaber.virk.dk/15959192/Y3ZyLmRrOi8vcGRmcy8yOTE5NTk1MTtBcFMzNjE4MzA7MjAxMzAxMDE7MjAxMzEyMzE7UjtS.pdf,http://regnskaber.virk.dk/15959192/Y3ZyLmRrOi8veGJybHMvWC1CNjEwQjg1Ri0yMDE0MDIyNV8wNzUyMDVfNTY2.xml,KÃ¸benhavn V,1561.0,29.0,Havneholmen,KÃ¸benhavn K,1092.0,Holmens Kanal 2-12,2670  Greve,Greve Bygade 22,DK-1561 KÃ¸benhavn V,Havneholmen 29,Til kapitalejeren i BtB Consult ApS,,Regnskabsklasse B,Ãrsrapporten aflÃ¦gges i overensstemmelse med Ã¥rsregnskabsloven.,"Det er min opfattelse, at Ã¥rsregnskabet giver et retvisende billede af selskabets aktiver, passiver og finansielle stilling pr. 31. december 2013 samt af resultatet af selskabets aktiviteter for regnskabsÃ¥ret 1. januar - 31. december 2013.",,2014-02-21,2005-12-02,2014-02-23,,33410.0,Statsautoriseret revisor,"Udbytte, som forventes udbetalt for Ã¥ret, vises som en sÃ¦rskilt post under egenkapitalen.","VÃ¦rdipapirer, indregnet under omsÃ¦tningsaktiver, omfatter bÃ¸rsnoterede obligationer, aktier og andre vÃ¦rdipapirer, der mÃ¥les til dagsvÃ¦rdi pÃ¥ balancedagen. BÃ¸rsnoterede vÃ¦rdipapirer mÃ¥les til bÃ¸rskurs. Ikke bÃ¸rsnoterede vÃ¦rdipapirer mÃ¥les til en salgsvÃ¦rdi baseret pÃ¥ beregnet kapitalvÃ¦rdi.",PeriodeafgrÃ¦nsningsposter indregnet under aktiver omfatter afholdte omkostninger vedrÃ¸rende efterfÃ¸lgende regnskabsÃ¥r.,"Personaleomkostninger omfatter lÃ¸n og gager, inklusiv feriepenge og pensioner samt andre omkostninger til social sikring mv. til selskabets medarbejdere. I personaleomkostninger er fratrukket modtagne godtgÃ¸relser fra offentlige myndigheder.","Finansielle indtÃ¦gter og omkostninger indeholder renteindtÃ¦gter og -omkostninger, finansielle omkostninger ved finansiel leasing, realiserede og urealiserede kursgevinster og -tab vedrÃ¸rende vÃ¦rdipapirer, gÃ¦ld og transaktioner i fremmed valuta, amortisering af finansielle aktiver og forpligtelser samt tillÃ¦g og godtgÃ¸relse under acontoskatteordningen mv. Finansielle indtÃ¦gter og omkostninger indregnes med de belÃ¸b, der vedrÃ¸rer regnskabsÃ¥ret.","Deposita omfatter huslejedeposita, som indregnes og mÃ¥les til kostpris. Der afskrives ikke pÃ¥ deposita.",GÃ¦ld er mÃ¥lt til amortiseret kostpris svarende til nominel vÃ¦rdi.,"Tilgodehavender mÃ¥les til amortiseret kostpris, hvilket sÃ¦dvanligvis svarer til nominel vÃ¦rdi. VÃ¦rdien reduceres med nedskrivning til imÃ¸degÃ¥else af forventede tab.","NettoomsÃ¦tningen ved salg af handelsvarer og fÃ¦rdigvarer indregnes i resultatopgÃ¸relsen, sÃ¥fremt levering og risikoovergang til kÃ¸ber har fundet sted inden Ã¥rets udgang. NettoomsÃ¦tning indregnes eksklusiv moms, afgifter og med fradrag af rabatter i forbindelse med salget.","Ãrets skat, som bestÃ¥r af Ã¥rets aktuelle skat og forskydning i udskudt skat, indregnes i resultatopgÃ¸relsen med den del, der kan henfÃ¸res til Ã¥rets resultat, og direkte pÃ¥ egenkapitalen med den del, der kan henfÃ¸res til posteringer direkte pÃ¥ egenkapitalen.",Selskabets vÃ¦sentligste aktivitet er at drive administrationsvirkswomhed.,Der er ikke efter regnskabsÃ¥rets afslutning indtruffet begivenheder af vÃ¦sentlig betydning for selskabets finansielle stilling.,Selskabet har ingen eventualforpligtelser udover almindelige arbejds- og garantiforpligtelser.,Anpartskapitalen har ikke vÃ¦ret Ã¦ndret i de seneste 5 Ã¥r.,-96600.0,,,29195951.0,20222670.0,Direktionen har dags dato behandlet og godkendt Ã¥rsrapporten for 1. januar - 31. december 2013 for BtB Consult ApS.,"Vi har udfÃ¸rt udvidet gennemgang af Ã¥rsregnskabet for BtB Consult ApS for regnskabsÃ¥ret 1. januar - 31. december 2013, der omfatter anvendt regnskabspraksis, resultatopgÃ¸relse, balance og noter. Ãrsregnskabet udarbejdes efter Ã¥rsregnskabsloven.",Ãrsrapport,"Ledelsesberetningen indeholder efter min opfattelse en retvisende redegÃ¸relse for de forhold, beretningen omhandler.",Bent Christensen,Vibeke Gubbertsen,Vibeke Gubbertsen,Danske Bank,BtB Consult ApS,BDO Statsautoriseret revisionsaktieselskab,"PÃ¥ grundlag af det udfÃ¸rte arbejde er det vores opfattelse, at Ã¥rsregnskabet giver et retvisende billede af selskabets aktiver, passiver og finansielle stilling pr. 31. december 2013 samt af resultatet af selskabets aktiviteter for regnskabsÃ¥ret 1. januar - 31. december 2013 i overensstemmelse med Ã¥rsregnskabsloven.",,,Greve,,,,,Ãrsrapporten indstilles til generalforsamlingens godkendelse.,Greve,2013-12-31,2013-01-01,2014-02-21,KÃ¸benhavn,,"Ledelsen har ansvaret for udarbejdelsen af et Ã¥rsregnskab, der giver et retvisende billede i overensstemmelse med Ã¥rsregnskabsloven. Ledelsen har endvidere ansvaret for den interne kontrol, som ledelsen anser nÃ¸dvendig for at udarbejde et Ã¥rsregnskab uden vÃ¦sentlig fejlinformation, uanset om denne skyldes besvigelser eller fejl.","Vi har i henhold til Ã¥rsregnskabsloven gennemlÃ¦st ledelsesberetningen. Vi har ikke foretaget yderligere handlinger i tillÃ¦g til den udvidede gennemgang af Ã¥rsregnskabet. Det er pÃ¥ denne baggrund vores opfattelse, at oplysningerne i ledelsesberetningen er i overensstemmelse med Ã¥rsregnskabet.",,ErklÃ¦ring om udvidet gennemgang,,urn:ofk:oid:17264925,indberetninger-20180424,2.509595,29195951.0,,2018-03-31T21:22:50.573Z,2014-02-25T23:00:00.000Z,regnskab,0.0,,2013-12-31,2013-01-01,14-82.354,2014-02-25T23:00:00.000Z,,,,,,,,,,,,,,,96024.0,,,,,,,,,,,,71025.0,167049.0,
