entity,start_date,end_date,context,AARSRAPPORT_html,AARSRAPPORT_pdf,AARSRAPPORT_xml,AdditionsToInvestments,AddressOfAuditorDistrictName,AddressOfAuditorPostCodeIdentifier,AddressOfAuditorStreetBuildingIdentifier,AddressOfAuditorStreetName,AddressOfReportingEntityDistrictName,AddressOfReportingEntityPostCodeIdentifier,AddressOfReportingEntityStreetBuildingIdentifier,AddressOfReportingEntityStreetName,AddressOfSubmittingEnterprisePostcodeAndTown,AddressOfSubmittingEnterpriseStreetAndNumber,AddresseeOfAuditorsReportOnAuditedFinancialStatements,ClassOfReportingEntity,ConfirmationThatAnnualReportIsPresentedInAccordanceWithRequirementsProvidedForByLegislationAnyStandardsAndRequirementsProvidedByArticlesOfAssociationOrByAgreement,ConfirmationThatFinancialStatementGivesTrueAndFairViewOfAssetsLiabilitiesEquityFinancialPositionAndResults,DateOfApprovalOfAnnualReport,DateOfApprovalOfReport,DateOfFoundationOfReportingEntity,DateOfGeneralMeeting,DepreciationOfPropertyPlantAndEquipment,DescriptionOfDevelopmentInActivitiesAndFinancialAffairs,DescriptionOfMethodsOfDividends,DescriptionOfMethodsOfInvestments,DescriptionOfMethodsOfRecognitionAndMeasurementBasisOfExternalExpenses,DescriptionOfMethodsOfRecognitionAndMeasurementBasisOfFinanceIncomeAndExpenses,DescriptionOfMethodsOfRecognitionAndMeasurementBasisOfIncomeAndExpensesFromInvestmentsInGroupEnterprisesAndAssociates,DescriptionOfMethodsOfRecognitionAndMeasurementBasisOfReceivables,DescriptionOfPrimaryActivitiesOfEntity,DescriptionOfSignificantEventsOccurringAfterEndOfReportingPeriod,Dividend,DividendPaid,ExplanationOfOtherMethodsOfRecognitionAndMeasurementBasisForAssetsInPreviousPeriod,IdentificationNumberCvrOfReportingEntity,IdentificationNumberCvrOfSubmittingEnterprise,IdentificationOfApprovedAnnualReport,IdentificationOfAuditedFinancialStatements,InformationOnAnyPartOfLiabilityFallingDueInMoreThanFiveYears,InformationOnTypeOfSubmittedReport,ManagementsStatementAboutManagementsReview,NameAndSurnameOfChairmanOfGeneralMeeting,NameAndSurnameOfMemberOfExecutiveBoard,NameOfReportingEntity,NameOfSubmittingEnterprise,OpinionOnAuditedFinancialStatements,PlaceOfSignatureOfStatement,ProfitLoss,ProfitLossRelatedToInvestments,RecommendationForApprovalOfAnnualReportByGeneralMeeting,RegisteredOfficeOfReportingEntity,ReportingPeriodEndDate,ReportingPeriodStartDate,SignatureOfAuditorsDate,SignatureOfAuditorsPlace,StatementOfExecutiveAndSupervisoryBoardsResponsibilityForFinancialStatements,StatementOnManagementsReviewAuditorsReportOnAuditedFinancialStatements,TelephoneNumberOfReportingEntity,TitleOfMemberOfExecutiveBoard,TypeOfAuditorAssistance,_id,_index,_score,cvrNummer,indlaesningsId,indlaesningsTidspunkt,offentliggoerelsesTidspunkt,offentliggoerelsestype,omgoerelse,regNummer,regnskabsperiode_slutDato,regnskabsperiode_startDato,sagsNummer,sidstOpdateret,AdjustmentsForDeferredTax,CurrentTaxExpense,DepreciationAmortisationExpenseAndImpairmentLossesOfPropertyPlantAndEquipmentAndIntangibleAssetsRecognisedInProfitOrLoss,GrossProfitLoss,IncomeFromInvestmentsInGroupEnterprises,InterestExpenseAssignedToGroupEnterprises,InterestIncomeFromGroupEnterprises,OtherAdjustmentsOfFinanceExpenses,OtherAdjustmentsOfFinanceIncome,OtherFinanceExpenses,OtherFinanceIncome,ProfitLossFromOrdinaryActivitiesBeforeTax,ProfitLossFromOrdinaryOperatingActivities,TaxExpenseOnOrdinaryActivities,Assets,CashAndCashEquivalents,ContributedCapital,CurrentAssets,CurrentDeferredTaxAssets,Equity,Inventories,LandAndBuildings,LiabilitiesAndEquity,LiabilitiesOtherThanProvisions,LongtermInvestmentsAndReceivables,LongtermInvestmentsInGroupEnterprises,LongtermLiabilitiesOtherThanProvisions,LongtermMortgageDebt,ManufacturedGoodsAndGoodsForResale,NoncurrentAssets,OtherLongtermInvestments,OtherLongtermPayables,OtherShorttermPayables,PropertyPlantAndEquipment,ProposedDividendRecognisedInEquity,ReserveForNetRevaluationAccordingToEquityMethod,RetainedEarnings,ShorttermDebtToBanks,ShorttermLiabilitiesOtherThanProvisions,ShorttermPartOfLongtermLiabilitiesOtherThanProvisions,ShorttermPayablesToGroupEnterprises,ShorttermPayablesToShareholdersAndManagement,ShorttermReceivables,ShorttermReceivablesFromGroupEnterprises,ShorttermTaxPayables,ShorttermTaxReceivables,ShorttermTradePayables,ShorttermTradeReceivables,AccumulatedImpairmentLossesAndDepreciationOfPropertyPlantAndEquipment,PropertyPlantAndEquipmentGross,AccumulatedRevaluationsOfInvestments,InvestmentsGross,DescriptionOfAuditor,NameAndSurnameOfAuditor,RelatedEntityName,RelatedEntityRegisteredOffice,ShareHeldByEntityOrConsolidatedEnterprisesInRelatedEntity
32450989,2013-07-01,2014-06-30,c173,,http://regnskaber.virk.dk/98905423/ZG9rdW1lbnRsYWdlcjovLzAzL2M2LzhhL2ZjL2M0LzA2NDgtNDY1NS04NmE4LWIxMGE1NzkyZmU1Mw.pdf,http://regnskaber.virk.dk/98905423/ZG9rdW1lbnRsYWdlcjovLzAzLzc0LzJiLzcyL2IxL2NhY2QtNGQxMy05MGZhLTA3ZWQyYTM0NWVjNg.xml,50000.0,Aalborg,9100.0,1A,Vestre Havnepromenade,NÃ¸rresundby,9400.0,16.0,Ãstre FÃ¦lledvej,"Postboks 710, 9100 Aalborg",Vestre Havnepromenade 1A,Til kapitalejerne i MVe Holding ApS,Regnskabsklasse B,Ãrsrapporten aflÃ¦gges i overensstemmelse med Ã¥rsregnskabsloven.,"Det er min opfattelse, at Ã¥rsregnskabet giver et retvisende billede af selskabets aktiver, passiver og finansielle stilling pr. 30. juni 2015 samt af resultatet af selskabets aktiviteter for regnskabsÃ¥ret 1. juli 2014 - 30. juni 2015.",2015-11-30,2015-11-30,2009-09-16,2015-11-30,75654.0,"Selskabets resultatopgÃ¸relse for 2014/15 udviser et overskud pÃ¥ kr. 1.606.975 mod kr. 2.026.272 sidste Ã¥r, og selskabets balance pr. 30. juni 2015 udviser en egenkapital pÃ¥ kr. 10.011.802.  Ledelsen anser Ã¥rets resultat for tilfredsstillende.",ForeslÃ¥et udbytte indregnes som en forpligtelse pÃ¥ tidspunktet for vedtagelse pÃ¥ den ordinÃ¦re generalforsamling (deklareringstidspunktet).,VÃ¦rdipapirer mÃ¥les til dagsvÃ¦rdi pÃ¥ balancedagen.,"Andre eksterne omkostninger omfatter omkostninger vedrÃ¸rende virksomhedens primÃ¦re aktivitet, der er afholdt i Ã¥rets lÃ¸b, herunder omkostninger til distribution, salg, reklame, administration, lokaler, tab pÃ¥ debitorer, ydelser pÃ¥ operationelle leasingkontrakter m.v.","Finansielle indtÃ¦gter og omkostninger indregnes i resultatopgÃ¸relsen med de belÃ¸b, der vedrÃ¸rer regnskabsÃ¥ret. Finansielle poster omfatter renteindtÃ¦gter og -omkostninger samt tillÃ¦g og godtgÃ¸relse under acontoskatteordningen m.v.",Posten omfatter den forholdsmÃ¦ssige andel af resultat efter skat i dattervirksomheder efter eliminering af interne avancer eller tab og fratrukket af- og nedskrivning pÃ¥ goodwill og andre mervÃ¦rdier pÃ¥ erhvervelsestidspunktet.,"Tilgodehavender mÃ¥les til amortiseret kostpris, der sÃ¦dvanligvis svarer til nominel vÃ¦rdi. Der foretages nedskrivning til imÃ¸degÃ¥else af tab baseret pÃ¥ en objektiv indikation pÃ¥, at et tilgodehavende eller en gruppe af tilgodehavender er vÃ¦rdiforringet. Nedskrivning foretages til nettorealisationsvÃ¦rdi, hvis denne er lavere end regnskabsmÃ¦ssig vÃ¦rdi.",Selskabets formÃ¥l er investering i vÃ¦rdipapirer og investering i og udvikling af fast ejendom samt efter direktionens skÃ¸n hermed beslÃ¦gtet virksomhed.,Der er efter regnskabsÃ¥rets afslutning ikke indtruffet betydningsfulde hÃ¦ndelser.,50000.0,49200.0,Ãrsregnskabet er aflagt efter samme regnskabspraksis som sidste Ã¥r.,32450989.0,30700228.0,Direktionen har dags dato behandlet og godkendt Ã¥rsrapporten for regnskabsÃ¥ret 1. juli 2014 - 30. juni 2015 for MVe Holding ApS.,"Vi har revideret Ã¥rsregnskabet for MVe Holding ApS for regnskabsÃ¥ret 1. juli 2014 - 30. juni 2015, der omfatter resultatopgÃ¸relse, balance, egenkapitalopgÃ¸relse og noter, herunder anvendt regnskabspraksis. Ãrsregnskabet udarbejdes efter Ã¥rsregnskabsloven.",Af de langfristede gÃ¦ldsforpligtelser forfalder 3.704 t.kr. senere end 5 Ã¥r fra balancedagen.,Ãrsrapport,"Det er endvidere min opfattelse, at ledelsesberetningen indeholder en retvisende redegÃ¸relse for de forhold, beretningen omhandler.",Michael Vestergaard,Michael Vestergaard,MVe Holding ApS,Ernst & Young Godkendt Revisionspartnerselskab,"Det er vores opfattelse, at Ã¥rsregnskabet giver et retvisende billede af selskabets aktiver, passiver og finansielle stilling pr. 30. juni 2015 samt af resultatet af selskabets aktiviteter for regnskabsÃ¥ret 1. juli 2014 - 30. juni 2015 i overensstemmelse med Ã¥rsregnskabsloven.","NÃ¸rresundby, den",49200.0,1212191.0,Ãrsrapporten indstilles til generalforsamlingens godkendelse.,Aalborg,2015-06-30,2014-07-01,2015-11-30,"Aalborg, den","Ledelsen har ansvaret for udarbejdelsen af et Ã¥rsregnskab, der giver et retvisende billede i overensstemmelse med Ã¥rsregnskabsloven. Ledelsen har endvidere ansvaret for den interne kontrol, som ledelsen anser nÃ¸dvendig for at udarbejde et Ã¥rsregnskab uden vÃ¦sentlig fejlinformation, uanset om denne skyldes besvigelser eller fejl.","Vi har i henhold til Ã¥rsregnskabsloven gennemlÃ¦st ledelsesberetningen. Vi har ikke foretaget yderligere handlinger i tillÃ¦g til den udfÃ¸rte revision af Ã¥rsregnskabet. Det er pÃ¥ denne baggrund vores opfattelse, at oplysningerne i ledelsesberetningen er i overensstemmelse med Ã¥rsregnskabet.",29100065.0,direktÃ¸r,RevisionspÃ¥tegning,urn:ofk:oid:21741930,indberetninger-20180424,2.5097437,32450989.0,,2018-03-30T19:12:37.829Z,2015-12-04T07:40:58.988Z,regnskab,0.0,,2015-06-30,2014-07-01,X15-AK-99-VN,2015-12-04T07:40:59.395Z,,,,,,,,,,,,,,,,,,,,,,,,,,,,,,,,,,,,,,,,,,,,,,,,,,,,,,,,,
32450989,2013-07-01,2014-06-30,c183,,http://regnskaber.virk.dk/98905423/ZG9rdW1lbnRsYWdlcjovLzAzL2M2LzhhL2ZjL2M0LzA2NDgtNDY1NS04NmE4LWIxMGE1NzkyZmU1Mw.pdf,http://regnskaber.virk.dk/98905423/ZG9rdW1lbnRsYWdlcjovLzAzLzc0LzJiLzcyL2IxL2NhY2QtNGQxMy05MGZhLTA3ZWQyYTM0NWVjNg.xml,50000.0,Aalborg,9100.0,1A,Vestre Havnepromenade,NÃ¸rresundby,9400.0,16.0,Ãstre FÃ¦lledvej,"Postboks 710, 9100 Aalborg",Vestre Havnepromenade 1A,Til kapitalejerne i MVe Holding ApS,Regnskabsklasse B,Ãrsrapporten aflÃ¦gges i overensstemmelse med Ã¥rsregnskabsloven.,"Det er min opfattelse, at Ã¥rsregnskabet giver et retvisende billede af selskabets aktiver, passiver og finansielle stilling pr. 30. juni 2015 samt af resultatet af selskabets aktiviteter for regnskabsÃ¥ret 1. juli 2014 - 30. juni 2015.",2015-11-30,2015-11-30,2009-09-16,2015-11-30,75654.0,"Selskabets resultatopgÃ¸relse for 2014/15 udviser et overskud pÃ¥ kr. 1.606.975 mod kr. 2.026.272 sidste Ã¥r, og selskabets balance pr. 30. juni 2015 udviser en egenkapital pÃ¥ kr. 10.011.802.  Ledelsen anser Ã¥rets resultat for tilfredsstillende.",ForeslÃ¥et udbytte indregnes som en forpligtelse pÃ¥ tidspunktet for vedtagelse pÃ¥ den ordinÃ¦re generalforsamling (deklareringstidspunktet).,VÃ¦rdipapirer mÃ¥les til dagsvÃ¦rdi pÃ¥ balancedagen.,"Andre eksterne omkostninger omfatter omkostninger vedrÃ¸rende virksomhedens primÃ¦re aktivitet, der er afholdt i Ã¥rets lÃ¸b, herunder omkostninger til distribution, salg, reklame, administration, lokaler, tab pÃ¥ debitorer, ydelser pÃ¥ operationelle leasingkontrakter m.v.","Finansielle indtÃ¦gter og omkostninger indregnes i resultatopgÃ¸relsen med de belÃ¸b, der vedrÃ¸rer regnskabsÃ¥ret. Finansielle poster omfatter renteindtÃ¦gter og -omkostninger samt tillÃ¦g og godtgÃ¸relse under acontoskatteordningen m.v.",Posten omfatter den forholdsmÃ¦ssige andel af resultat efter skat i dattervirksomheder efter eliminering af interne avancer eller tab og fratrukket af- og nedskrivning pÃ¥ goodwill og andre mervÃ¦rdier pÃ¥ erhvervelsestidspunktet.,"Tilgodehavender mÃ¥les til amortiseret kostpris, der sÃ¦dvanligvis svarer til nominel vÃ¦rdi. Der foretages nedskrivning til imÃ¸degÃ¥else af tab baseret pÃ¥ en objektiv indikation pÃ¥, at et tilgodehavende eller en gruppe af tilgodehavender er vÃ¦rdiforringet. Nedskrivning foretages til nettorealisationsvÃ¦rdi, hvis denne er lavere end regnskabsmÃ¦ssig vÃ¦rdi.",Selskabets formÃ¥l er investering i vÃ¦rdipapirer og investering i og udvikling af fast ejendom samt efter direktionens skÃ¸n hermed beslÃ¦gtet virksomhed.,Der er efter regnskabsÃ¥rets afslutning ikke indtruffet betydningsfulde hÃ¦ndelser.,50000.0,49200.0,Ãrsregnskabet er aflagt efter samme regnskabspraksis som sidste Ã¥r.,32450989.0,30700228.0,Direktionen har dags dato behandlet og godkendt Ã¥rsrapporten for regnskabsÃ¥ret 1. juli 2014 - 30. juni 2015 for MVe Holding ApS.,"Vi har revideret Ã¥rsregnskabet for MVe Holding ApS for regnskabsÃ¥ret 1. juli 2014 - 30. juni 2015, der omfatter resultatopgÃ¸relse, balance, egenkapitalopgÃ¸relse og noter, herunder anvendt regnskabspraksis. Ãrsregnskabet udarbejdes efter Ã¥rsregnskabsloven.",Af de langfristede gÃ¦ldsforpligtelser forfalder 3.704 t.kr. senere end 5 Ã¥r fra balancedagen.,Ãrsrapport,"Det er endvidere min opfattelse, at ledelsesberetningen indeholder en retvisende redegÃ¸relse for de forhold, beretningen omhandler.",Michael Vestergaard,Michael Vestergaard,MVe Holding ApS,Ernst & Young Godkendt Revisionspartnerselskab,"Det er vores opfattelse, at Ã¥rsregnskabet giver et retvisende billede af selskabets aktiver, passiver og finansielle stilling pr. 30. juni 2015 samt af resultatet af selskabets aktiviteter for regnskabsÃ¥ret 1. juli 2014 - 30. juni 2015 i overensstemmelse med Ã¥rsregnskabsloven.","NÃ¸rresundby, den",1736287.0,1212191.0,Ãrsrapporten indstilles til generalforsamlingens godkendelse.,Aalborg,2015-06-30,2014-07-01,2015-11-30,"Aalborg, den","Ledelsen har ansvaret for udarbejdelsen af et Ã¥rsregnskab, der giver et retvisende billede i overensstemmelse med Ã¥rsregnskabsloven. Ledelsen har endvidere ansvaret for den interne kontrol, som ledelsen anser nÃ¸dvendig for at udarbejde et Ã¥rsregnskab uden vÃ¦sentlig fejlinformation, uanset om denne skyldes besvigelser eller fejl.","Vi har i henhold til Ã¥rsregnskabsloven gennemlÃ¦st ledelsesberetningen. Vi har ikke foretaget yderligere handlinger i tillÃ¦g til den udfÃ¸rte revision af Ã¥rsregnskabet. Det er pÃ¥ denne baggrund vores opfattelse, at oplysningerne i ledelsesberetningen er i overensstemmelse med Ã¥rsregnskabet.",29100065.0,direktÃ¸r,RevisionspÃ¥tegning,urn:ofk:oid:21741930,indberetninger-20180424,2.5097437,32450989.0,,2018-03-30T19:12:37.829Z,2015-12-04T07:40:58.988Z,regnskab,0.0,,2015-06-30,2014-07-01,X15-AK-99-VN,2015-12-04T07:40:59.395Z,,,,,,,,,,,,,,,,,,,,,,,,,,,,,,,,,,,,,,,,,,,,,,,,,,,,,,,,,
32450989,2013-07-01,2014-06-30,c195,,http://regnskaber.virk.dk/98905423/ZG9rdW1lbnRsYWdlcjovLzAzL2M2LzhhL2ZjL2M0LzA2NDgtNDY1NS04NmE4LWIxMGE1NzkyZmU1Mw.pdf,http://regnskaber.virk.dk/98905423/ZG9rdW1lbnRsYWdlcjovLzAzLzc0LzJiLzcyL2IxL2NhY2QtNGQxMy05MGZhLTA3ZWQyYTM0NWVjNg.xml,50000.0,Aalborg,9100.0,1A,Vestre Havnepromenade,NÃ¸rresundby,9400.0,16.0,Ãstre FÃ¦lledvej,"Postboks 710, 9100 Aalborg",Vestre Havnepromenade 1A,Til kapitalejerne i MVe Holding ApS,Regnskabsklasse B,Ãrsrapporten aflÃ¦gges i overensstemmelse med Ã¥rsregnskabsloven.,"Det er min opfattelse, at Ã¥rsregnskabet giver et retvisende billede af selskabets aktiver, passiver og finansielle stilling pr. 30. juni 2015 samt af resultatet af selskabets aktiviteter for regnskabsÃ¥ret 1. juli 2014 - 30. juni 2015.",2015-11-30,2015-11-30,2009-09-16,2015-11-30,75654.0,"Selskabets resultatopgÃ¸relse for 2014/15 udviser et overskud pÃ¥ kr. 1.606.975 mod kr. 2.026.272 sidste Ã¥r, og selskabets balance pr. 30. juni 2015 udviser en egenkapital pÃ¥ kr. 10.011.802.  Ledelsen anser Ã¥rets resultat for tilfredsstillende.",ForeslÃ¥et udbytte indregnes som en forpligtelse pÃ¥ tidspunktet for vedtagelse pÃ¥ den ordinÃ¦re generalforsamling (deklareringstidspunktet).,VÃ¦rdipapirer mÃ¥les til dagsvÃ¦rdi pÃ¥ balancedagen.,"Andre eksterne omkostninger omfatter omkostninger vedrÃ¸rende virksomhedens primÃ¦re aktivitet, der er afholdt i Ã¥rets lÃ¸b, herunder omkostninger til distribution, salg, reklame, administration, lokaler, tab pÃ¥ debitorer, ydelser pÃ¥ operationelle leasingkontrakter m.v.","Finansielle indtÃ¦gter og omkostninger indregnes i resultatopgÃ¸relsen med de belÃ¸b, der vedrÃ¸rer regnskabsÃ¥ret. Finansielle poster omfatter renteindtÃ¦gter og -omkostninger samt tillÃ¦g og godtgÃ¸relse under acontoskatteordningen m.v.",Posten omfatter den forholdsmÃ¦ssige andel af resultat efter skat i dattervirksomheder efter eliminering af interne avancer eller tab og fratrukket af- og nedskrivning pÃ¥ goodwill og andre mervÃ¦rdier pÃ¥ erhvervelsestidspunktet.,"Tilgodehavender mÃ¥les til amortiseret kostpris, der sÃ¦dvanligvis svarer til nominel vÃ¦rdi. Der foretages nedskrivning til imÃ¸degÃ¥else af tab baseret pÃ¥ en objektiv indikation pÃ¥, at et tilgodehavende eller en gruppe af tilgodehavender er vÃ¦rdiforringet. Nedskrivning foretages til nettorealisationsvÃ¦rdi, hvis denne er lavere end regnskabsmÃ¦ssig vÃ¦rdi.",Selskabets formÃ¥l er investering i vÃ¦rdipapirer og investering i og udvikling af fast ejendom samt efter direktionens skÃ¸n hermed beslÃ¦gtet virksomhed.,Der er efter regnskabsÃ¥rets afslutning ikke indtruffet betydningsfulde hÃ¦ndelser.,50000.0,49200.0,Ãrsregnskabet er aflagt efter samme regnskabspraksis som sidste Ã¥r.,32450989.0,30700228.0,Direktionen har dags dato behandlet og godkendt Ã¥rsrapporten for regnskabsÃ¥ret 1. juli 2014 - 30. juni 2015 for MVe Holding ApS.,"Vi har revideret Ã¥rsregnskabet for MVe Holding ApS for regnskabsÃ¥ret 1. juli 2014 - 30. juni 2015, der omfatter resultatopgÃ¸relse, balance, egenkapitalopgÃ¸relse og noter, herunder anvendt regnskabspraksis. Ãrsregnskabet udarbejdes efter Ã¥rsregnskabsloven.",Af de langfristede gÃ¦ldsforpligtelser forfalder 3.704 t.kr. senere end 5 Ã¥r fra balancedagen.,Ãrsrapport,"Det er endvidere min opfattelse, at ledelsesberetningen indeholder en retvisende redegÃ¸relse for de forhold, beretningen omhandler.",Michael Vestergaard,Michael Vestergaard,MVe Holding ApS,Ernst & Young Godkendt Revisionspartnerselskab,"Det er vores opfattelse, at Ã¥rsregnskabet giver et retvisende billede af selskabets aktiver, passiver og finansielle stilling pr. 30. juni 2015 samt af resultatet af selskabets aktiviteter for regnskabsÃ¥ret 1. juli 2014 - 30. juni 2015 i overensstemmelse med Ã¥rsregnskabsloven.","NÃ¸rresundby, den",240785.0,1212191.0,Ãrsrapporten indstilles til generalforsamlingens godkendelse.,Aalborg,2015-06-30,2014-07-01,2015-11-30,"Aalborg, den","Ledelsen har ansvaret for udarbejdelsen af et Ã¥rsregnskab, der giver et retvisende billede i overensstemmelse med Ã¥rsregnskabsloven. Ledelsen har endvidere ansvaret for den interne kontrol, som ledelsen anser nÃ¸dvendig for at udarbejde et Ã¥rsregnskab uden vÃ¦sentlig fejlinformation, uanset om denne skyldes besvigelser eller fejl.","Vi har i henhold til Ã¥rsregnskabsloven gennemlÃ¦st ledelsesberetningen. Vi har ikke foretaget yderligere handlinger i tillÃ¦g til den udfÃ¸rte revision af Ã¥rsregnskabet. Det er pÃ¥ denne baggrund vores opfattelse, at oplysningerne i ledelsesberetningen er i overensstemmelse med Ã¥rsregnskabet.",29100065.0,direktÃ¸r,RevisionspÃ¥tegning,urn:ofk:oid:21741930,indberetninger-20180424,2.5097437,32450989.0,,2018-03-30T19:12:37.829Z,2015-12-04T07:40:58.988Z,regnskab,0.0,,2015-06-30,2014-07-01,X15-AK-99-VN,2015-12-04T07:40:59.395Z,,,,,,,,,,,,,,,,,,,,,,,,,,,,,,,,,,,,,,,,,,,,,,,,,,,,,,,,,
32450989,2013-07-01,2014-06-30,c4,,http://regnskaber.virk.dk/98905423/ZG9rdW1lbnRsYWdlcjovLzAzL2M2LzhhL2ZjL2M0LzA2NDgtNDY1NS04NmE4LWIxMGE1NzkyZmU1Mw.pdf,http://regnskaber.virk.dk/98905423/ZG9rdW1lbnRsYWdlcjovLzAzLzc0LzJiLzcyL2IxL2NhY2QtNGQxMy05MGZhLTA3ZWQyYTM0NWVjNg.xml,50000.0,Aalborg,9100.0,1A,Vestre Havnepromenade,NÃ¸rresundby,9400.0,16.0,Ãstre FÃ¦lledvej,"Postboks 710, 9100 Aalborg",Vestre Havnepromenade 1A,Til kapitalejerne i MVe Holding ApS,Regnskabsklasse B,Ãrsrapporten aflÃ¦gges i overensstemmelse med Ã¥rsregnskabsloven.,"Det er min opfattelse, at Ã¥rsregnskabet giver et retvisende billede af selskabets aktiver, passiver og finansielle stilling pr. 30. juni 2015 samt af resultatet af selskabets aktiviteter for regnskabsÃ¥ret 1. juli 2014 - 30. juni 2015.",2015-11-30,2015-11-30,2009-09-16,2015-11-30,75654.0,"Selskabets resultatopgÃ¸relse for 2014/15 udviser et overskud pÃ¥ kr. 1.606.975 mod kr. 2.026.272 sidste Ã¥r, og selskabets balance pr. 30. juni 2015 udviser en egenkapital pÃ¥ kr. 10.011.802.  Ledelsen anser Ã¥rets resultat for tilfredsstillende.",ForeslÃ¥et udbytte indregnes som en forpligtelse pÃ¥ tidspunktet for vedtagelse pÃ¥ den ordinÃ¦re generalforsamling (deklareringstidspunktet).,VÃ¦rdipapirer mÃ¥les til dagsvÃ¦rdi pÃ¥ balancedagen.,"Andre eksterne omkostninger omfatter omkostninger vedrÃ¸rende virksomhedens primÃ¦re aktivitet, der er afholdt i Ã¥rets lÃ¸b, herunder omkostninger til distribution, salg, reklame, administration, lokaler, tab pÃ¥ debitorer, ydelser pÃ¥ operationelle leasingkontrakter m.v.","Finansielle indtÃ¦gter og omkostninger indregnes i resultatopgÃ¸relsen med de belÃ¸b, der vedrÃ¸rer regnskabsÃ¥ret. Finansielle poster omfatter renteindtÃ¦gter og -omkostninger samt tillÃ¦g og godtgÃ¸relse under acontoskatteordningen m.v.",Posten omfatter den forholdsmÃ¦ssige andel af resultat efter skat i dattervirksomheder efter eliminering af interne avancer eller tab og fratrukket af- og nedskrivning pÃ¥ goodwill og andre mervÃ¦rdier pÃ¥ erhvervelsestidspunktet.,"Tilgodehavender mÃ¥les til amortiseret kostpris, der sÃ¦dvanligvis svarer til nominel vÃ¦rdi. Der foretages nedskrivning til imÃ¸degÃ¥else af tab baseret pÃ¥ en objektiv indikation pÃ¥, at et tilgodehavende eller en gruppe af tilgodehavender er vÃ¦rdiforringet. Nedskrivning foretages til nettorealisationsvÃ¦rdi, hvis denne er lavere end regnskabsmÃ¦ssig vÃ¦rdi.",Selskabets formÃ¥l er investering i vÃ¦rdipapirer og investering i og udvikling af fast ejendom samt efter direktionens skÃ¸n hermed beslÃ¦gtet virksomhed.,Der er efter regnskabsÃ¥rets afslutning ikke indtruffet betydningsfulde hÃ¦ndelser.,50000.0,49200.0,Ãrsregnskabet er aflagt efter samme regnskabspraksis som sidste Ã¥r.,32450989.0,30700228.0,Direktionen har dags dato behandlet og godkendt Ã¥rsrapporten for regnskabsÃ¥ret 1. juli 2014 - 30. juni 2015 for MVe Holding ApS.,"Vi har revideret Ã¥rsregnskabet for MVe Holding ApS for regnskabsÃ¥ret 1. juli 2014 - 30. juni 2015, der omfatter resultatopgÃ¸relse, balance, egenkapitalopgÃ¸relse og noter, herunder anvendt regnskabspraksis. Ãrsregnskabet udarbejdes efter Ã¥rsregnskabsloven.",Af de langfristede gÃ¦ldsforpligtelser forfalder 3.704 t.kr. senere end 5 Ã¥r fra balancedagen.,Ãrsrapport,"Det er endvidere min opfattelse, at ledelsesberetningen indeholder en retvisende redegÃ¸relse for de forhold, beretningen omhandler.",Michael Vestergaard,Michael Vestergaard,MVe Holding ApS,Ernst & Young Godkendt Revisionspartnerselskab,"Det er vores opfattelse, at Ã¥rsregnskabet giver et retvisende billede af selskabets aktiver, passiver og finansielle stilling pr. 30. juni 2015 samt af resultatet af selskabets aktiviteter for regnskabsÃ¥ret 1. juli 2014 - 30. juni 2015 i overensstemmelse med Ã¥rsregnskabsloven.","NÃ¸rresundby, den",2026272.0,1212191.0,Ãrsrapporten indstilles til generalforsamlingens godkendelse.,Aalborg,2015-06-30,2014-07-01,2015-11-30,"Aalborg, den","Ledelsen har ansvaret for udarbejdelsen af et Ã¥rsregnskab, der giver et retvisende billede i overensstemmelse med Ã¥rsregnskabsloven. Ledelsen har endvidere ansvaret for den interne kontrol, som ledelsen anser nÃ¸dvendig for at udarbejde et Ã¥rsregnskab uden vÃ¦sentlig fejlinformation, uanset om denne skyldes besvigelser eller fejl.","Vi har i henhold til Ã¥rsregnskabsloven gennemlÃ¦st ledelsesberetningen. Vi har ikke foretaget yderligere handlinger i tillÃ¦g til den udfÃ¸rte revision af Ã¥rsregnskabet. Det er pÃ¥ denne baggrund vores opfattelse, at oplysningerne i ledelsesberetningen er i overensstemmelse med Ã¥rsregnskabet.",29100065.0,direktÃ¸r,RevisionspÃ¥tegning,urn:ofk:oid:21741930,indberetninger-20180424,2.5097437,32450989.0,,2018-03-30T19:12:37.829Z,2015-12-04T07:40:58.988Z,regnskab,0.0,,2015-06-30,2014-07-01,X15-AK-99-VN,2015-12-04T07:40:59.395Z,-9901.0,115597.0,77610.0,589167.0,1736287.0,26948.0,104809.0,195574.0,1837.0,222522.0,106646.0,2131968.0,511557.0,105696.0,,,,,,,,,,,,,,,,,,,,,,,,,,,,,,,,,,,,,,,,,,,
32450989,2014-06-30,2014-06-30,c5,,http://regnskaber.virk.dk/98905423/ZG9rdW1lbnRsYWdlcjovLzAzL2M2LzhhL2ZjL2M0LzA2NDgtNDY1NS04NmE4LWIxMGE1NzkyZmU1Mw.pdf,http://regnskaber.virk.dk/98905423/ZG9rdW1lbnRsYWdlcjovLzAzLzc0LzJiLzcyL2IxL2NhY2QtNGQxMy05MGZhLTA3ZWQyYTM0NWVjNg.xml,50000.0,Aalborg,9100.0,1A,Vestre Havnepromenade,NÃ¸rresundby,9400.0,16.0,Ãstre FÃ¦lledvej,"Postboks 710, 9100 Aalborg",Vestre Havnepromenade 1A,Til kapitalejerne i MVe Holding ApS,Regnskabsklasse B,Ãrsrapporten aflÃ¦gges i overensstemmelse med Ã¥rsregnskabsloven.,"Det er min opfattelse, at Ã¥rsregnskabet giver et retvisende billede af selskabets aktiver, passiver og finansielle stilling pr. 30. juni 2015 samt af resultatet af selskabets aktiviteter for regnskabsÃ¥ret 1. juli 2014 - 30. juni 2015.",2015-11-30,2015-11-30,2009-09-16,2015-11-30,75654.0,"Selskabets resultatopgÃ¸relse for 2014/15 udviser et overskud pÃ¥ kr. 1.606.975 mod kr. 2.026.272 sidste Ã¥r, og selskabets balance pr. 30. juni 2015 udviser en egenkapital pÃ¥ kr. 10.011.802.  Ledelsen anser Ã¥rets resultat for tilfredsstillende.",ForeslÃ¥et udbytte indregnes som en forpligtelse pÃ¥ tidspunktet for vedtagelse pÃ¥ den ordinÃ¦re generalforsamling (deklareringstidspunktet).,VÃ¦rdipapirer mÃ¥les til dagsvÃ¦rdi pÃ¥ balancedagen.,"Andre eksterne omkostninger omfatter omkostninger vedrÃ¸rende virksomhedens primÃ¦re aktivitet, der er afholdt i Ã¥rets lÃ¸b, herunder omkostninger til distribution, salg, reklame, administration, lokaler, tab pÃ¥ debitorer, ydelser pÃ¥ operationelle leasingkontrakter m.v.","Finansielle indtÃ¦gter og omkostninger indregnes i resultatopgÃ¸relsen med de belÃ¸b, der vedrÃ¸rer regnskabsÃ¥ret. Finansielle poster omfatter renteindtÃ¦gter og -omkostninger samt tillÃ¦g og godtgÃ¸relse under acontoskatteordningen m.v.",Posten omfatter den forholdsmÃ¦ssige andel af resultat efter skat i dattervirksomheder efter eliminering af interne avancer eller tab og fratrukket af- og nedskrivning pÃ¥ goodwill og andre mervÃ¦rdier pÃ¥ erhvervelsestidspunktet.,"Tilgodehavender mÃ¥les til amortiseret kostpris, der sÃ¦dvanligvis svarer til nominel vÃ¦rdi. Der foretages nedskrivning til imÃ¸degÃ¥else af tab baseret pÃ¥ en objektiv indikation pÃ¥, at et tilgodehavende eller en gruppe af tilgodehavender er vÃ¦rdiforringet. Nedskrivning foretages til nettorealisationsvÃ¦rdi, hvis denne er lavere end regnskabsmÃ¦ssig vÃ¦rdi.",Selskabets formÃ¥l er investering i vÃ¦rdipapirer og investering i og udvikling af fast ejendom samt efter direktionens skÃ¸n hermed beslÃ¦gtet virksomhed.,Der er efter regnskabsÃ¥rets afslutning ikke indtruffet betydningsfulde hÃ¦ndelser.,50000.0,49200.0,Ãrsregnskabet er aflagt efter samme regnskabspraksis som sidste Ã¥r.,32450989.0,30700228.0,Direktionen har dags dato behandlet og godkendt Ã¥rsrapporten for regnskabsÃ¥ret 1. juli 2014 - 30. juni 2015 for MVe Holding ApS.,"Vi har revideret Ã¥rsregnskabet for MVe Holding ApS for regnskabsÃ¥ret 1. juli 2014 - 30. juni 2015, der omfatter resultatopgÃ¸relse, balance, egenkapitalopgÃ¸relse og noter, herunder anvendt regnskabspraksis. Ãrsregnskabet udarbejdes efter Ã¥rsregnskabsloven.",Af de langfristede gÃ¦ldsforpligtelser forfalder 3.704 t.kr. senere end 5 Ã¥r fra balancedagen.,Ãrsrapport,"Det er endvidere min opfattelse, at ledelsesberetningen indeholder en retvisende redegÃ¸relse for de forhold, beretningen omhandler.",Michael Vestergaard,Michael Vestergaard,MVe Holding ApS,Ernst & Young Godkendt Revisionspartnerselskab,"Det er vores opfattelse, at Ã¥rsregnskabet giver et retvisende billede af selskabets aktiver, passiver og finansielle stilling pr. 30. juni 2015 samt af resultatet af selskabets aktiviteter for regnskabsÃ¥ret 1. juli 2014 - 30. juni 2015 i overensstemmelse med Ã¥rsregnskabsloven.","NÃ¸rresundby, den",,1212191.0,Ãrsrapporten indstilles til generalforsamlingens godkendelse.,Aalborg,2015-06-30,2014-07-01,2015-11-30,"Aalborg, den","Ledelsen har ansvaret for udarbejdelsen af et Ã¥rsregnskab, der giver et retvisende billede i overensstemmelse med Ã¥rsregnskabsloven. Ledelsen har endvidere ansvaret for den interne kontrol, som ledelsen anser nÃ¸dvendig for at udarbejde et Ã¥rsregnskab uden vÃ¦sentlig fejlinformation, uanset om denne skyldes besvigelser eller fejl.","Vi har i henhold til Ã¥rsregnskabsloven gennemlÃ¦st ledelsesberetningen. Vi har ikke foretaget yderligere handlinger i tillÃ¦g til den udfÃ¸rte revision af Ã¥rsregnskabet. Det er pÃ¥ denne baggrund vores opfattelse, at oplysningerne i ledelsesberetningen er i overensstemmelse med Ã¥rsregnskabet.",29100065.0,direktÃ¸r,RevisionspÃ¥tegning,urn:ofk:oid:21741930,indberetninger-20180424,2.5097437,32450989.0,,2018-03-30T19:12:37.829Z,2015-12-04T07:40:58.988Z,regnskab,0.0,,2015-06-30,2014-07-01,X15-AK-99-VN,2015-12-04T07:40:59.395Z,,,,,,,,,,,,,,,16568779.0,0.0,125000.0,5581979.0,0.0,8454027.0,3323338.0,6593977.0,16568779.0,8114752.0,4392823.0,4367823.0,6326760.0,6142410.0,3323338.0,10986800.0,25000.0,184350.0,118528.0,6593977.0,49200.0,4082824.0,4197003.0,150755.0,1787992.0,368735.0,0.0,255780.0,2258641.0,1619841.0,820455.0,638800.0,73739.0,0.0,,,,,,,,,
32450989,2014-07-01,2014-07-01,c217,,http://regnskaber.virk.dk/98905423/ZG9rdW1lbnRsYWdlcjovLzAzL2M2LzhhL2ZjL2M0LzA2NDgtNDY1NS04NmE4LWIxMGE1NzkyZmU1Mw.pdf,http://regnskaber.virk.dk/98905423/ZG9rdW1lbnRsYWdlcjovLzAzLzc0LzJiLzcyL2IxL2NhY2QtNGQxMy05MGZhLTA3ZWQyYTM0NWVjNg.xml,50000.0,Aalborg,9100.0,1A,Vestre Havnepromenade,NÃ¸rresundby,9400.0,16.0,Ãstre FÃ¦lledvej,"Postboks 710, 9100 Aalborg",Vestre Havnepromenade 1A,Til kapitalejerne i MVe Holding ApS,Regnskabsklasse B,Ãrsrapporten aflÃ¦gges i overensstemmelse med Ã¥rsregnskabsloven.,"Det er min opfattelse, at Ã¥rsregnskabet giver et retvisende billede af selskabets aktiver, passiver og finansielle stilling pr. 30. juni 2015 samt af resultatet af selskabets aktiviteter for regnskabsÃ¥ret 1. juli 2014 - 30. juni 2015.",2015-11-30,2015-11-30,2009-09-16,2015-11-30,75654.0,"Selskabets resultatopgÃ¸relse for 2014/15 udviser et overskud pÃ¥ kr. 1.606.975 mod kr. 2.026.272 sidste Ã¥r, og selskabets balance pr. 30. juni 2015 udviser en egenkapital pÃ¥ kr. 10.011.802.  Ledelsen anser Ã¥rets resultat for tilfredsstillende.",ForeslÃ¥et udbytte indregnes som en forpligtelse pÃ¥ tidspunktet for vedtagelse pÃ¥ den ordinÃ¦re generalforsamling (deklareringstidspunktet).,VÃ¦rdipapirer mÃ¥les til dagsvÃ¦rdi pÃ¥ balancedagen.,"Andre eksterne omkostninger omfatter omkostninger vedrÃ¸rende virksomhedens primÃ¦re aktivitet, der er afholdt i Ã¥rets lÃ¸b, herunder omkostninger til distribution, salg, reklame, administration, lokaler, tab pÃ¥ debitorer, ydelser pÃ¥ operationelle leasingkontrakter m.v.","Finansielle indtÃ¦gter og omkostninger indregnes i resultatopgÃ¸relsen med de belÃ¸b, der vedrÃ¸rer regnskabsÃ¥ret. Finansielle poster omfatter renteindtÃ¦gter og -omkostninger samt tillÃ¦g og godtgÃ¸relse under acontoskatteordningen m.v.",Posten omfatter den forholdsmÃ¦ssige andel af resultat efter skat i dattervirksomheder efter eliminering af interne avancer eller tab og fratrukket af- og nedskrivning pÃ¥ goodwill og andre mervÃ¦rdier pÃ¥ erhvervelsestidspunktet.,"Tilgodehavender mÃ¥les til amortiseret kostpris, der sÃ¦dvanligvis svarer til nominel vÃ¦rdi. Der foretages nedskrivning til imÃ¸degÃ¥else af tab baseret pÃ¥ en objektiv indikation pÃ¥, at et tilgodehavende eller en gruppe af tilgodehavender er vÃ¦rdiforringet. Nedskrivning foretages til nettorealisationsvÃ¦rdi, hvis denne er lavere end regnskabsmÃ¦ssig vÃ¦rdi.",Selskabets formÃ¥l er investering i vÃ¦rdipapirer og investering i og udvikling af fast ejendom samt efter direktionens skÃ¸n hermed beslÃ¦gtet virksomhed.,Der er efter regnskabsÃ¥rets afslutning ikke indtruffet betydningsfulde hÃ¦ndelser.,50000.0,49200.0,Ãrsregnskabet er aflagt efter samme regnskabspraksis som sidste Ã¥r.,32450989.0,30700228.0,Direktionen har dags dato behandlet og godkendt Ã¥rsrapporten for regnskabsÃ¥ret 1. juli 2014 - 30. juni 2015 for MVe Holding ApS.,"Vi har revideret Ã¥rsregnskabet for MVe Holding ApS for regnskabsÃ¥ret 1. juli 2014 - 30. juni 2015, der omfatter resultatopgÃ¸relse, balance, egenkapitalopgÃ¸relse og noter, herunder anvendt regnskabspraksis. Ãrsregnskabet udarbejdes efter Ã¥rsregnskabsloven.",Af de langfristede gÃ¦ldsforpligtelser forfalder 3.704 t.kr. senere end 5 Ã¥r fra balancedagen.,Ãrsrapport,"Det er endvidere min opfattelse, at ledelsesberetningen indeholder en retvisende redegÃ¸relse for de forhold, beretningen omhandler.",Michael Vestergaard,Michael Vestergaard,MVe Holding ApS,Ernst & Young Godkendt Revisionspartnerselskab,"Det er vores opfattelse, at Ã¥rsregnskabet giver et retvisende billede af selskabets aktiver, passiver og finansielle stilling pr. 30. juni 2015 samt af resultatet af selskabets aktiviteter for regnskabsÃ¥ret 1. juli 2014 - 30. juni 2015 i overensstemmelse med Ã¥rsregnskabsloven.","NÃ¸rresundby, den",,1212191.0,Ãrsrapporten indstilles til generalforsamlingens godkendelse.,Aalborg,2015-06-30,2014-07-01,2015-11-30,"Aalborg, den","Ledelsen har ansvaret for udarbejdelsen af et Ã¥rsregnskab, der giver et retvisende billede i overensstemmelse med Ã¥rsregnskabsloven. Ledelsen har endvidere ansvaret for den interne kontrol, som ledelsen anser nÃ¸dvendig for at udarbejde et Ã¥rsregnskab uden vÃ¦sentlig fejlinformation, uanset om denne skyldes besvigelser eller fejl.","Vi har i henhold til Ã¥rsregnskabsloven gennemlÃ¦st ledelsesberetningen. Vi har ikke foretaget yderligere handlinger i tillÃ¦g til den udfÃ¸rte revision af Ã¥rsregnskabet. Det er pÃ¥ denne baggrund vores opfattelse, at oplysningerne i ledelsesberetningen er i overensstemmelse med Ã¥rsregnskabet.",29100065.0,direktÃ¸r,RevisionspÃ¥tegning,urn:ofk:oid:21741930,indberetninger-20180424,2.5097437,32450989.0,,2018-03-30T19:12:37.829Z,2015-12-04T07:40:58.988Z,regnskab,0.0,,2015-06-30,2014-07-01,X15-AK-99-VN,2015-12-04T07:40:59.395Z,,,,,,,,,,,,,,,,,,,,,,,,,,,,,,,,,,,,,,,,,,,,,,,,,75654.0,6669631.0,,,,,,,
32450989,2014-07-01,2014-07-01,c261,,http://regnskaber.virk.dk/98905423/ZG9rdW1lbnRsYWdlcjovLzAzL2M2LzhhL2ZjL2M0LzA2NDgtNDY1NS04NmE4LWIxMGE1NzkyZmU1Mw.pdf,http://regnskaber.virk.dk/98905423/ZG9rdW1lbnRsYWdlcjovLzAzLzc0LzJiLzcyL2IxL2NhY2QtNGQxMy05MGZhLTA3ZWQyYTM0NWVjNg.xml,50000.0,Aalborg,9100.0,1A,Vestre Havnepromenade,NÃ¸rresundby,9400.0,16.0,Ãstre FÃ¦lledvej,"Postboks 710, 9100 Aalborg",Vestre Havnepromenade 1A,Til kapitalejerne i MVe Holding ApS,Regnskabsklasse B,Ãrsrapporten aflÃ¦gges i overensstemmelse med Ã¥rsregnskabsloven.,"Det er min opfattelse, at Ã¥rsregnskabet giver et retvisende billede af selskabets aktiver, passiver og finansielle stilling pr. 30. juni 2015 samt af resultatet af selskabets aktiviteter for regnskabsÃ¥ret 1. juli 2014 - 30. juni 2015.",2015-11-30,2015-11-30,2009-09-16,2015-11-30,75654.0,"Selskabets resultatopgÃ¸relse for 2014/15 udviser et overskud pÃ¥ kr. 1.606.975 mod kr. 2.026.272 sidste Ã¥r, og selskabets balance pr. 30. juni 2015 udviser en egenkapital pÃ¥ kr. 10.011.802.  Ledelsen anser Ã¥rets resultat for tilfredsstillende.",ForeslÃ¥et udbytte indregnes som en forpligtelse pÃ¥ tidspunktet for vedtagelse pÃ¥ den ordinÃ¦re generalforsamling (deklareringstidspunktet).,VÃ¦rdipapirer mÃ¥les til dagsvÃ¦rdi pÃ¥ balancedagen.,"Andre eksterne omkostninger omfatter omkostninger vedrÃ¸rende virksomhedens primÃ¦re aktivitet, der er afholdt i Ã¥rets lÃ¸b, herunder omkostninger til distribution, salg, reklame, administration, lokaler, tab pÃ¥ debitorer, ydelser pÃ¥ operationelle leasingkontrakter m.v.","Finansielle indtÃ¦gter og omkostninger indregnes i resultatopgÃ¸relsen med de belÃ¸b, der vedrÃ¸rer regnskabsÃ¥ret. Finansielle poster omfatter renteindtÃ¦gter og -omkostninger samt tillÃ¦g og godtgÃ¸relse under acontoskatteordningen m.v.",Posten omfatter den forholdsmÃ¦ssige andel af resultat efter skat i dattervirksomheder efter eliminering af interne avancer eller tab og fratrukket af- og nedskrivning pÃ¥ goodwill og andre mervÃ¦rdier pÃ¥ erhvervelsestidspunktet.,"Tilgodehavender mÃ¥les til amortiseret kostpris, der sÃ¦dvanligvis svarer til nominel vÃ¦rdi. Der foretages nedskrivning til imÃ¸degÃ¥else af tab baseret pÃ¥ en objektiv indikation pÃ¥, at et tilgodehavende eller en gruppe af tilgodehavender er vÃ¦rdiforringet. Nedskrivning foretages til nettorealisationsvÃ¦rdi, hvis denne er lavere end regnskabsmÃ¦ssig vÃ¦rdi.",Selskabets formÃ¥l er investering i vÃ¦rdipapirer og investering i og udvikling af fast ejendom samt efter direktionens skÃ¸n hermed beslÃ¦gtet virksomhed.,Der er efter regnskabsÃ¥rets afslutning ikke indtruffet betydningsfulde hÃ¦ndelser.,50000.0,49200.0,Ãrsregnskabet er aflagt efter samme regnskabspraksis som sidste Ã¥r.,32450989.0,30700228.0,Direktionen har dags dato behandlet og godkendt Ã¥rsrapporten for regnskabsÃ¥ret 1. juli 2014 - 30. juni 2015 for MVe Holding ApS.,"Vi har revideret Ã¥rsregnskabet for MVe Holding ApS for regnskabsÃ¥ret 1. juli 2014 - 30. juni 2015, der omfatter resultatopgÃ¸relse, balance, egenkapitalopgÃ¸relse og noter, herunder anvendt regnskabspraksis. Ãrsregnskabet udarbejdes efter Ã¥rsregnskabsloven.",Af de langfristede gÃ¦ldsforpligtelser forfalder 3.704 t.kr. senere end 5 Ã¥r fra balancedagen.,Ãrsrapport,"Det er endvidere min opfattelse, at ledelsesberetningen indeholder en retvisende redegÃ¸relse for de forhold, beretningen omhandler.",Michael Vestergaard,Michael Vestergaard,MVe Holding ApS,Ernst & Young Godkendt Revisionspartnerselskab,"Det er vores opfattelse, at Ã¥rsregnskabet giver et retvisende billede af selskabets aktiver, passiver og finansielle stilling pr. 30. juni 2015 samt af resultatet af selskabets aktiviteter for regnskabsÃ¥ret 1. juli 2014 - 30. juni 2015 i overensstemmelse med Ã¥rsregnskabsloven.","NÃ¸rresundby, den",,1212191.0,Ãrsrapporten indstilles til generalforsamlingens godkendelse.,Aalborg,2015-06-30,2014-07-01,2015-11-30,"Aalborg, den","Ledelsen har ansvaret for udarbejdelsen af et Ã¥rsregnskab, der giver et retvisende billede i overensstemmelse med Ã¥rsregnskabsloven. Ledelsen har endvidere ansvaret for den interne kontrol, som ledelsen anser nÃ¸dvendig for at udarbejde et Ã¥rsregnskab uden vÃ¦sentlig fejlinformation, uanset om denne skyldes besvigelser eller fejl.","Vi har i henhold til Ã¥rsregnskabsloven gennemlÃ¦st ledelsesberetningen. Vi har ikke foretaget yderligere handlinger i tillÃ¦g til den udfÃ¸rte revision af Ã¥rsregnskabet. Det er pÃ¥ denne baggrund vores opfattelse, at oplysningerne i ledelsesberetningen er i overensstemmelse med Ã¥rsregnskabet.",29100065.0,direktÃ¸r,RevisionspÃ¥tegning,urn:ofk:oid:21741930,indberetninger-20180424,2.5097437,32450989.0,,2018-03-30T19:12:37.829Z,2015-12-04T07:40:58.988Z,regnskab,0.0,,2015-06-30,2014-07-01,X15-AK-99-VN,2015-12-04T07:40:59.395Z,,,,,,,,,,,,,,,,,,,,,,,,,,,,,,,,,,,,,,,,,,,,,,,,,,,2706795.0,1661028.0,,,,,
32450989,2014-07-01,2014-07-01,c312,,http://regnskaber.virk.dk/98905423/ZG9rdW1lbnRsYWdlcjovLzAzL2M2LzhhL2ZjL2M0LzA2NDgtNDY1NS04NmE4LWIxMGE1NzkyZmU1Mw.pdf,http://regnskaber.virk.dk/98905423/ZG9rdW1lbnRsYWdlcjovLzAzLzc0LzJiLzcyL2IxL2NhY2QtNGQxMy05MGZhLTA3ZWQyYTM0NWVjNg.xml,50000.0,Aalborg,9100.0,1A,Vestre Havnepromenade,NÃ¸rresundby,9400.0,16.0,Ãstre FÃ¦lledvej,"Postboks 710, 9100 Aalborg",Vestre Havnepromenade 1A,Til kapitalejerne i MVe Holding ApS,Regnskabsklasse B,Ãrsrapporten aflÃ¦gges i overensstemmelse med Ã¥rsregnskabsloven.,"Det er min opfattelse, at Ã¥rsregnskabet giver et retvisende billede af selskabets aktiver, passiver og finansielle stilling pr. 30. juni 2015 samt af resultatet af selskabets aktiviteter for regnskabsÃ¥ret 1. juli 2014 - 30. juni 2015.",2015-11-30,2015-11-30,2009-09-16,2015-11-30,75654.0,"Selskabets resultatopgÃ¸relse for 2014/15 udviser et overskud pÃ¥ kr. 1.606.975 mod kr. 2.026.272 sidste Ã¥r, og selskabets balance pr. 30. juni 2015 udviser en egenkapital pÃ¥ kr. 10.011.802.  Ledelsen anser Ã¥rets resultat for tilfredsstillende.",ForeslÃ¥et udbytte indregnes som en forpligtelse pÃ¥ tidspunktet for vedtagelse pÃ¥ den ordinÃ¦re generalforsamling (deklareringstidspunktet).,VÃ¦rdipapirer mÃ¥les til dagsvÃ¦rdi pÃ¥ balancedagen.,"Andre eksterne omkostninger omfatter omkostninger vedrÃ¸rende virksomhedens primÃ¦re aktivitet, der er afholdt i Ã¥rets lÃ¸b, herunder omkostninger til distribution, salg, reklame, administration, lokaler, tab pÃ¥ debitorer, ydelser pÃ¥ operationelle leasingkontrakter m.v.","Finansielle indtÃ¦gter og omkostninger indregnes i resultatopgÃ¸relsen med de belÃ¸b, der vedrÃ¸rer regnskabsÃ¥ret. Finansielle poster omfatter renteindtÃ¦gter og -omkostninger samt tillÃ¦g og godtgÃ¸relse under acontoskatteordningen m.v.",Posten omfatter den forholdsmÃ¦ssige andel af resultat efter skat i dattervirksomheder efter eliminering af interne avancer eller tab og fratrukket af- og nedskrivning pÃ¥ goodwill og andre mervÃ¦rdier pÃ¥ erhvervelsestidspunktet.,"Tilgodehavender mÃ¥les til amortiseret kostpris, der sÃ¦dvanligvis svarer til nominel vÃ¦rdi. Der foretages nedskrivning til imÃ¸degÃ¥else af tab baseret pÃ¥ en objektiv indikation pÃ¥, at et tilgodehavende eller en gruppe af tilgodehavender er vÃ¦rdiforringet. Nedskrivning foretages til nettorealisationsvÃ¦rdi, hvis denne er lavere end regnskabsmÃ¦ssig vÃ¦rdi.",Selskabets formÃ¥l er investering i vÃ¦rdipapirer og investering i og udvikling af fast ejendom samt efter direktionens skÃ¸n hermed beslÃ¦gtet virksomhed.,Der er efter regnskabsÃ¥rets afslutning ikke indtruffet betydningsfulde hÃ¦ndelser.,50000.0,49200.0,Ãrsregnskabet er aflagt efter samme regnskabspraksis som sidste Ã¥r.,32450989.0,30700228.0,Direktionen har dags dato behandlet og godkendt Ã¥rsrapporten for regnskabsÃ¥ret 1. juli 2014 - 30. juni 2015 for MVe Holding ApS.,"Vi har revideret Ã¥rsregnskabet for MVe Holding ApS for regnskabsÃ¥ret 1. juli 2014 - 30. juni 2015, der omfatter resultatopgÃ¸relse, balance, egenkapitalopgÃ¸relse og noter, herunder anvendt regnskabspraksis. Ãrsregnskabet udarbejdes efter Ã¥rsregnskabsloven.",Af de langfristede gÃ¦ldsforpligtelser forfalder 3.704 t.kr. senere end 5 Ã¥r fra balancedagen.,Ãrsrapport,"Det er endvidere min opfattelse, at ledelsesberetningen indeholder en retvisende redegÃ¸relse for de forhold, beretningen omhandler.",Michael Vestergaard,Michael Vestergaard,MVe Holding ApS,Ernst & Young Godkendt Revisionspartnerselskab,"Det er vores opfattelse, at Ã¥rsregnskabet giver et retvisende billede af selskabets aktiver, passiver og finansielle stilling pr. 30. juni 2015 samt af resultatet af selskabets aktiviteter for regnskabsÃ¥ret 1. juli 2014 - 30. juni 2015 i overensstemmelse med Ã¥rsregnskabsloven.","NÃ¸rresundby, den",,1212191.0,Ãrsrapporten indstilles til generalforsamlingens godkendelse.,Aalborg,2015-06-30,2014-07-01,2015-11-30,"Aalborg, den","Ledelsen har ansvaret for udarbejdelsen af et Ã¥rsregnskab, der giver et retvisende billede i overensstemmelse med Ã¥rsregnskabsloven. Ledelsen har endvidere ansvaret for den interne kontrol, som ledelsen anser nÃ¸dvendig for at udarbejde et Ã¥rsregnskab uden vÃ¦sentlig fejlinformation, uanset om denne skyldes besvigelser eller fejl.","Vi har i henhold til Ã¥rsregnskabsloven gennemlÃ¦st ledelsesberetningen. Vi har ikke foretaget yderligere handlinger i tillÃ¦g til den udfÃ¸rte revision af Ã¥rsregnskabet. Det er pÃ¥ denne baggrund vores opfattelse, at oplysningerne i ledelsesberetningen er i overensstemmelse med Ã¥rsregnskabet.",29100065.0,direktÃ¸r,RevisionspÃ¥tegning,urn:ofk:oid:21741930,indberetninger-20180424,2.5097437,32450989.0,,2018-03-30T19:12:37.829Z,2015-12-04T07:40:58.988Z,regnskab,0.0,,2015-06-30,2014-07-01,X15-AK-99-VN,2015-12-04T07:40:59.395Z,,,,,,,,,,,,,,,,,,,,125000.0,,,,,,,,,,,,,,,,,,,,,,,,,,,,,,,,,,,,,
32450989,2014-07-01,2014-07-01,c339,,http://regnskaber.virk.dk/98905423/ZG9rdW1lbnRsYWdlcjovLzAzL2M2LzhhL2ZjL2M0LzA2NDgtNDY1NS04NmE4LWIxMGE1NzkyZmU1Mw.pdf,http://regnskaber.virk.dk/98905423/ZG9rdW1lbnRsYWdlcjovLzAzLzc0LzJiLzcyL2IxL2NhY2QtNGQxMy05MGZhLTA3ZWQyYTM0NWVjNg.xml,50000.0,Aalborg,9100.0,1A,Vestre Havnepromenade,NÃ¸rresundby,9400.0,16.0,Ãstre FÃ¦lledvej,"Postboks 710, 9100 Aalborg",Vestre Havnepromenade 1A,Til kapitalejerne i MVe Holding ApS,Regnskabsklasse B,Ãrsrapporten aflÃ¦gges i overensstemmelse med Ã¥rsregnskabsloven.,"Det er min opfattelse, at Ã¥rsregnskabet giver et retvisende billede af selskabets aktiver, passiver og finansielle stilling pr. 30. juni 2015 samt af resultatet af selskabets aktiviteter for regnskabsÃ¥ret 1. juli 2014 - 30. juni 2015.",2015-11-30,2015-11-30,2009-09-16,2015-11-30,75654.0,"Selskabets resultatopgÃ¸relse for 2014/15 udviser et overskud pÃ¥ kr. 1.606.975 mod kr. 2.026.272 sidste Ã¥r, og selskabets balance pr. 30. juni 2015 udviser en egenkapital pÃ¥ kr. 10.011.802.  Ledelsen anser Ã¥rets resultat for tilfredsstillende.",ForeslÃ¥et udbytte indregnes som en forpligtelse pÃ¥ tidspunktet for vedtagelse pÃ¥ den ordinÃ¦re generalforsamling (deklareringstidspunktet).,VÃ¦rdipapirer mÃ¥les til dagsvÃ¦rdi pÃ¥ balancedagen.,"Andre eksterne omkostninger omfatter omkostninger vedrÃ¸rende virksomhedens primÃ¦re aktivitet, der er afholdt i Ã¥rets lÃ¸b, herunder omkostninger til distribution, salg, reklame, administration, lokaler, tab pÃ¥ debitorer, ydelser pÃ¥ operationelle leasingkontrakter m.v.","Finansielle indtÃ¦gter og omkostninger indregnes i resultatopgÃ¸relsen med de belÃ¸b, der vedrÃ¸rer regnskabsÃ¥ret. Finansielle poster omfatter renteindtÃ¦gter og -omkostninger samt tillÃ¦g og godtgÃ¸relse under acontoskatteordningen m.v.",Posten omfatter den forholdsmÃ¦ssige andel af resultat efter skat i dattervirksomheder efter eliminering af interne avancer eller tab og fratrukket af- og nedskrivning pÃ¥ goodwill og andre mervÃ¦rdier pÃ¥ erhvervelsestidspunktet.,"Tilgodehavender mÃ¥les til amortiseret kostpris, der sÃ¦dvanligvis svarer til nominel vÃ¦rdi. Der foretages nedskrivning til imÃ¸degÃ¥else af tab baseret pÃ¥ en objektiv indikation pÃ¥, at et tilgodehavende eller en gruppe af tilgodehavender er vÃ¦rdiforringet. Nedskrivning foretages til nettorealisationsvÃ¦rdi, hvis denne er lavere end regnskabsmÃ¦ssig vÃ¦rdi.",Selskabets formÃ¥l er investering i vÃ¦rdipapirer og investering i og udvikling af fast ejendom samt efter direktionens skÃ¸n hermed beslÃ¦gtet virksomhed.,Der er efter regnskabsÃ¥rets afslutning ikke indtruffet betydningsfulde hÃ¦ndelser.,50000.0,49200.0,Ãrsregnskabet er aflagt efter samme regnskabspraksis som sidste Ã¥r.,32450989.0,30700228.0,Direktionen har dags dato behandlet og godkendt Ã¥rsrapporten for regnskabsÃ¥ret 1. juli 2014 - 30. juni 2015 for MVe Holding ApS.,"Vi har revideret Ã¥rsregnskabet for MVe Holding ApS for regnskabsÃ¥ret 1. juli 2014 - 30. juni 2015, der omfatter resultatopgÃ¸relse, balance, egenkapitalopgÃ¸relse og noter, herunder anvendt regnskabspraksis. Ãrsregnskabet udarbejdes efter Ã¥rsregnskabsloven.",Af de langfristede gÃ¦ldsforpligtelser forfalder 3.704 t.kr. senere end 5 Ã¥r fra balancedagen.,Ãrsrapport,"Det er endvidere min opfattelse, at ledelsesberetningen indeholder en retvisende redegÃ¸relse for de forhold, beretningen omhandler.",Michael Vestergaard,Michael Vestergaard,MVe Holding ApS,Ernst & Young Godkendt Revisionspartnerselskab,"Det er vores opfattelse, at Ã¥rsregnskabet giver et retvisende billede af selskabets aktiver, passiver og finansielle stilling pr. 30. juni 2015 samt af resultatet af selskabets aktiviteter for regnskabsÃ¥ret 1. juli 2014 - 30. juni 2015 i overensstemmelse med Ã¥rsregnskabsloven.","NÃ¸rresundby, den",,1212191.0,Ãrsrapporten indstilles til generalforsamlingens godkendelse.,Aalborg,2015-06-30,2014-07-01,2015-11-30,"Aalborg, den","Ledelsen har ansvaret for udarbejdelsen af et Ã¥rsregnskab, der giver et retvisende billede i overensstemmelse med Ã¥rsregnskabsloven. Ledelsen har endvidere ansvaret for den interne kontrol, som ledelsen anser nÃ¸dvendig for at udarbejde et Ã¥rsregnskab uden vÃ¦sentlig fejlinformation, uanset om denne skyldes besvigelser eller fejl.","Vi har i henhold til Ã¥rsregnskabsloven gennemlÃ¦st ledelsesberetningen. Vi har ikke foretaget yderligere handlinger i tillÃ¦g til den udfÃ¸rte revision af Ã¥rsregnskabet. Det er pÃ¥ denne baggrund vores opfattelse, at oplysningerne i ledelsesberetningen er i overensstemmelse med Ã¥rsregnskabet.",29100065.0,direktÃ¸r,RevisionspÃ¥tegning,urn:ofk:oid:21741930,indberetninger-20180424,2.5097437,32450989.0,,2018-03-30T19:12:37.829Z,2015-12-04T07:40:58.988Z,regnskab,0.0,,2015-06-30,2014-07-01,X15-AK-99-VN,2015-12-04T07:40:59.395Z,,,,,,,,,,,,,,,,,,,,4082824.0,,,,,,,,,,,,,,,,,,,,,,,,,,,,,,,,,,,,,
32450989,2014-07-01,2014-07-01,c351,,http://regnskaber.virk.dk/98905423/ZG9rdW1lbnRsYWdlcjovLzAzL2M2LzhhL2ZjL2M0LzA2NDgtNDY1NS04NmE4LWIxMGE1NzkyZmU1Mw.pdf,http://regnskaber.virk.dk/98905423/ZG9rdW1lbnRsYWdlcjovLzAzLzc0LzJiLzcyL2IxL2NhY2QtNGQxMy05MGZhLTA3ZWQyYTM0NWVjNg.xml,50000.0,Aalborg,9100.0,1A,Vestre Havnepromenade,NÃ¸rresundby,9400.0,16.0,Ãstre FÃ¦lledvej,"Postboks 710, 9100 Aalborg",Vestre Havnepromenade 1A,Til kapitalejerne i MVe Holding ApS,Regnskabsklasse B,Ãrsrapporten aflÃ¦gges i overensstemmelse med Ã¥rsregnskabsloven.,"Det er min opfattelse, at Ã¥rsregnskabet giver et retvisende billede af selskabets aktiver, passiver og finansielle stilling pr. 30. juni 2015 samt af resultatet af selskabets aktiviteter for regnskabsÃ¥ret 1. juli 2014 - 30. juni 2015.",2015-11-30,2015-11-30,2009-09-16,2015-11-30,75654.0,"Selskabets resultatopgÃ¸relse for 2014/15 udviser et overskud pÃ¥ kr. 1.606.975 mod kr. 2.026.272 sidste Ã¥r, og selskabets balance pr. 30. juni 2015 udviser en egenkapital pÃ¥ kr. 10.011.802.  Ledelsen anser Ã¥rets resultat for tilfredsstillende.",ForeslÃ¥et udbytte indregnes som en forpligtelse pÃ¥ tidspunktet for vedtagelse pÃ¥ den ordinÃ¦re generalforsamling (deklareringstidspunktet).,VÃ¦rdipapirer mÃ¥les til dagsvÃ¦rdi pÃ¥ balancedagen.,"Andre eksterne omkostninger omfatter omkostninger vedrÃ¸rende virksomhedens primÃ¦re aktivitet, der er afholdt i Ã¥rets lÃ¸b, herunder omkostninger til distribution, salg, reklame, administration, lokaler, tab pÃ¥ debitorer, ydelser pÃ¥ operationelle leasingkontrakter m.v.","Finansielle indtÃ¦gter og omkostninger indregnes i resultatopgÃ¸relsen med de belÃ¸b, der vedrÃ¸rer regnskabsÃ¥ret. Finansielle poster omfatter renteindtÃ¦gter og -omkostninger samt tillÃ¦g og godtgÃ¸relse under acontoskatteordningen m.v.",Posten omfatter den forholdsmÃ¦ssige andel af resultat efter skat i dattervirksomheder efter eliminering af interne avancer eller tab og fratrukket af- og nedskrivning pÃ¥ goodwill og andre mervÃ¦rdier pÃ¥ erhvervelsestidspunktet.,"Tilgodehavender mÃ¥les til amortiseret kostpris, der sÃ¦dvanligvis svarer til nominel vÃ¦rdi. Der foretages nedskrivning til imÃ¸degÃ¥else af tab baseret pÃ¥ en objektiv indikation pÃ¥, at et tilgodehavende eller en gruppe af tilgodehavender er vÃ¦rdiforringet. Nedskrivning foretages til nettorealisationsvÃ¦rdi, hvis denne er lavere end regnskabsmÃ¦ssig vÃ¦rdi.",Selskabets formÃ¥l er investering i vÃ¦rdipapirer og investering i og udvikling af fast ejendom samt efter direktionens skÃ¸n hermed beslÃ¦gtet virksomhed.,Der er efter regnskabsÃ¥rets afslutning ikke indtruffet betydningsfulde hÃ¦ndelser.,50000.0,49200.0,Ãrsregnskabet er aflagt efter samme regnskabspraksis som sidste Ã¥r.,32450989.0,30700228.0,Direktionen har dags dato behandlet og godkendt Ã¥rsrapporten for regnskabsÃ¥ret 1. juli 2014 - 30. juni 2015 for MVe Holding ApS.,"Vi har revideret Ã¥rsregnskabet for MVe Holding ApS for regnskabsÃ¥ret 1. juli 2014 - 30. juni 2015, der omfatter resultatopgÃ¸relse, balance, egenkapitalopgÃ¸relse og noter, herunder anvendt regnskabspraksis. Ãrsregnskabet udarbejdes efter Ã¥rsregnskabsloven.",Af de langfristede gÃ¦ldsforpligtelser forfalder 3.704 t.kr. senere end 5 Ã¥r fra balancedagen.,Ãrsrapport,"Det er endvidere min opfattelse, at ledelsesberetningen indeholder en retvisende redegÃ¸relse for de forhold, beretningen omhandler.",Michael Vestergaard,Michael Vestergaard,MVe Holding ApS,Ernst & Young Godkendt Revisionspartnerselskab,"Det er vores opfattelse, at Ã¥rsregnskabet giver et retvisende billede af selskabets aktiver, passiver og finansielle stilling pr. 30. juni 2015 samt af resultatet af selskabets aktiviteter for regnskabsÃ¥ret 1. juli 2014 - 30. juni 2015 i overensstemmelse med Ã¥rsregnskabsloven.","NÃ¸rresundby, den",,1212191.0,Ãrsrapporten indstilles til generalforsamlingens godkendelse.,Aalborg,2015-06-30,2014-07-01,2015-11-30,"Aalborg, den","Ledelsen har ansvaret for udarbejdelsen af et Ã¥rsregnskab, der giver et retvisende billede i overensstemmelse med Ã¥rsregnskabsloven. Ledelsen har endvidere ansvaret for den interne kontrol, som ledelsen anser nÃ¸dvendig for at udarbejde et Ã¥rsregnskab uden vÃ¦sentlig fejlinformation, uanset om denne skyldes besvigelser eller fejl.","Vi har i henhold til Ã¥rsregnskabsloven gennemlÃ¦st ledelsesberetningen. Vi har ikke foretaget yderligere handlinger i tillÃ¦g til den udfÃ¸rte revision af Ã¥rsregnskabet. Det er pÃ¥ denne baggrund vores opfattelse, at oplysningerne i ledelsesberetningen er i overensstemmelse med Ã¥rsregnskabet.",29100065.0,direktÃ¸r,RevisionspÃ¥tegning,urn:ofk:oid:21741930,indberetninger-20180424,2.5097437,32450989.0,,2018-03-30T19:12:37.829Z,2015-12-04T07:40:58.988Z,regnskab,0.0,,2015-06-30,2014-07-01,X15-AK-99-VN,2015-12-04T07:40:59.395Z,,,,,,,,,,,,,,,,,,,,4197003.0,,,,,,,,,,,,,,,,,,,,,,,,,,,,,,,,,,,,,
32450989,2014-07-01,2014-07-01,c357,,http://regnskaber.virk.dk/98905423/ZG9rdW1lbnRsYWdlcjovLzAzL2M2LzhhL2ZjL2M0LzA2NDgtNDY1NS04NmE4LWIxMGE1NzkyZmU1Mw.pdf,http://regnskaber.virk.dk/98905423/ZG9rdW1lbnRsYWdlcjovLzAzLzc0LzJiLzcyL2IxL2NhY2QtNGQxMy05MGZhLTA3ZWQyYTM0NWVjNg.xml,50000.0,Aalborg,9100.0,1A,Vestre Havnepromenade,NÃ¸rresundby,9400.0,16.0,Ãstre FÃ¦lledvej,"Postboks 710, 9100 Aalborg",Vestre Havnepromenade 1A,Til kapitalejerne i MVe Holding ApS,Regnskabsklasse B,Ãrsrapporten aflÃ¦gges i overensstemmelse med Ã¥rsregnskabsloven.,"Det er min opfattelse, at Ã¥rsregnskabet giver et retvisende billede af selskabets aktiver, passiver og finansielle stilling pr. 30. juni 2015 samt af resultatet af selskabets aktiviteter for regnskabsÃ¥ret 1. juli 2014 - 30. juni 2015.",2015-11-30,2015-11-30,2009-09-16,2015-11-30,75654.0,"Selskabets resultatopgÃ¸relse for 2014/15 udviser et overskud pÃ¥ kr. 1.606.975 mod kr. 2.026.272 sidste Ã¥r, og selskabets balance pr. 30. juni 2015 udviser en egenkapital pÃ¥ kr. 10.011.802.  Ledelsen anser Ã¥rets resultat for tilfredsstillende.",ForeslÃ¥et udbytte indregnes som en forpligtelse pÃ¥ tidspunktet for vedtagelse pÃ¥ den ordinÃ¦re generalforsamling (deklareringstidspunktet).,VÃ¦rdipapirer mÃ¥les til dagsvÃ¦rdi pÃ¥ balancedagen.,"Andre eksterne omkostninger omfatter omkostninger vedrÃ¸rende virksomhedens primÃ¦re aktivitet, der er afholdt i Ã¥rets lÃ¸b, herunder omkostninger til distribution, salg, reklame, administration, lokaler, tab pÃ¥ debitorer, ydelser pÃ¥ operationelle leasingkontrakter m.v.","Finansielle indtÃ¦gter og omkostninger indregnes i resultatopgÃ¸relsen med de belÃ¸b, der vedrÃ¸rer regnskabsÃ¥ret. Finansielle poster omfatter renteindtÃ¦gter og -omkostninger samt tillÃ¦g og godtgÃ¸relse under acontoskatteordningen m.v.",Posten omfatter den forholdsmÃ¦ssige andel af resultat efter skat i dattervirksomheder efter eliminering af interne avancer eller tab og fratrukket af- og nedskrivning pÃ¥ goodwill og andre mervÃ¦rdier pÃ¥ erhvervelsestidspunktet.,"Tilgodehavender mÃ¥les til amortiseret kostpris, der sÃ¦dvanligvis svarer til nominel vÃ¦rdi. Der foretages nedskrivning til imÃ¸degÃ¥else af tab baseret pÃ¥ en objektiv indikation pÃ¥, at et tilgodehavende eller en gruppe af tilgodehavender er vÃ¦rdiforringet. Nedskrivning foretages til nettorealisationsvÃ¦rdi, hvis denne er lavere end regnskabsmÃ¦ssig vÃ¦rdi.",Selskabets formÃ¥l er investering i vÃ¦rdipapirer og investering i og udvikling af fast ejendom samt efter direktionens skÃ¸n hermed beslÃ¦gtet virksomhed.,Der er efter regnskabsÃ¥rets afslutning ikke indtruffet betydningsfulde hÃ¦ndelser.,50000.0,49200.0,Ãrsregnskabet er aflagt efter samme regnskabspraksis som sidste Ã¥r.,32450989.0,30700228.0,Direktionen har dags dato behandlet og godkendt Ã¥rsrapporten for regnskabsÃ¥ret 1. juli 2014 - 30. juni 2015 for MVe Holding ApS.,"Vi har revideret Ã¥rsregnskabet for MVe Holding ApS for regnskabsÃ¥ret 1. juli 2014 - 30. juni 2015, der omfatter resultatopgÃ¸relse, balance, egenkapitalopgÃ¸relse og noter, herunder anvendt regnskabspraksis. Ãrsregnskabet udarbejdes efter Ã¥rsregnskabsloven.",Af de langfristede gÃ¦ldsforpligtelser forfalder 3.704 t.kr. senere end 5 Ã¥r fra balancedagen.,Ãrsrapport,"Det er endvidere min opfattelse, at ledelsesberetningen indeholder en retvisende redegÃ¸relse for de forhold, beretningen omhandler.",Michael Vestergaard,Michael Vestergaard,MVe Holding ApS,Ernst & Young Godkendt Revisionspartnerselskab,"Det er vores opfattelse, at Ã¥rsregnskabet giver et retvisende billede af selskabets aktiver, passiver og finansielle stilling pr. 30. juni 2015 samt af resultatet af selskabets aktiviteter for regnskabsÃ¥ret 1. juli 2014 - 30. juni 2015 i overensstemmelse med Ã¥rsregnskabsloven.","NÃ¸rresundby, den",,1212191.0,Ãrsrapporten indstilles til generalforsamlingens godkendelse.,Aalborg,2015-06-30,2014-07-01,2015-11-30,"Aalborg, den","Ledelsen har ansvaret for udarbejdelsen af et Ã¥rsregnskab, der giver et retvisende billede i overensstemmelse med Ã¥rsregnskabsloven. Ledelsen har endvidere ansvaret for den interne kontrol, som ledelsen anser nÃ¸dvendig for at udarbejde et Ã¥rsregnskab uden vÃ¦sentlig fejlinformation, uanset om denne skyldes besvigelser eller fejl.","Vi har i henhold til Ã¥rsregnskabsloven gennemlÃ¦st ledelsesberetningen. Vi har ikke foretaget yderligere handlinger i tillÃ¦g til den udfÃ¸rte revision af Ã¥rsregnskabet. Det er pÃ¥ denne baggrund vores opfattelse, at oplysningerne i ledelsesberetningen er i overensstemmelse med Ã¥rsregnskabet.",29100065.0,direktÃ¸r,RevisionspÃ¥tegning,urn:ofk:oid:21741930,indberetninger-20180424,2.5097437,32450989.0,,2018-03-30T19:12:37.829Z,2015-12-04T07:40:58.988Z,regnskab,0.0,,2015-06-30,2014-07-01,X15-AK-99-VN,2015-12-04T07:40:59.395Z,,,,,,,,,,,,,,,,,,,,49200.0,,,,,,,,,,,,,,,,,,,,,,,,,,,,,,,,,,,,,
32450989,2014-07-01,2015-06-30,c1,,http://regnskaber.virk.dk/98905423/ZG9rdW1lbnRsYWdlcjovLzAzL2M2LzhhL2ZjL2M0LzA2NDgtNDY1NS04NmE4LWIxMGE1NzkyZmU1Mw.pdf,http://regnskaber.virk.dk/98905423/ZG9rdW1lbnRsYWdlcjovLzAzLzc0LzJiLzcyL2IxL2NhY2QtNGQxMy05MGZhLTA3ZWQyYTM0NWVjNg.xml,50000.0,Aalborg,9100.0,1A,Vestre Havnepromenade,NÃ¸rresundby,9400.0,16.0,Ãstre FÃ¦lledvej,"Postboks 710, 9100 Aalborg",Vestre Havnepromenade 1A,Til kapitalejerne i MVe Holding ApS,Regnskabsklasse B,Ãrsrapporten aflÃ¦gges i overensstemmelse med Ã¥rsregnskabsloven.,"Det er min opfattelse, at Ã¥rsregnskabet giver et retvisende billede af selskabets aktiver, passiver og finansielle stilling pr. 30. juni 2015 samt af resultatet af selskabets aktiviteter for regnskabsÃ¥ret 1. juli 2014 - 30. juni 2015.",2015-11-30,2015-11-30,2009-09-16,2015-11-30,75654.0,"Selskabets resultatopgÃ¸relse for 2014/15 udviser et overskud pÃ¥ kr. 1.606.975 mod kr. 2.026.272 sidste Ã¥r, og selskabets balance pr. 30. juni 2015 udviser en egenkapital pÃ¥ kr. 10.011.802.  Ledelsen anser Ã¥rets resultat for tilfredsstillende.",ForeslÃ¥et udbytte indregnes som en forpligtelse pÃ¥ tidspunktet for vedtagelse pÃ¥ den ordinÃ¦re generalforsamling (deklareringstidspunktet).,VÃ¦rdipapirer mÃ¥les til dagsvÃ¦rdi pÃ¥ balancedagen.,"Andre eksterne omkostninger omfatter omkostninger vedrÃ¸rende virksomhedens primÃ¦re aktivitet, der er afholdt i Ã¥rets lÃ¸b, herunder omkostninger til distribution, salg, reklame, administration, lokaler, tab pÃ¥ debitorer, ydelser pÃ¥ operationelle leasingkontrakter m.v.","Finansielle indtÃ¦gter og omkostninger indregnes i resultatopgÃ¸relsen med de belÃ¸b, der vedrÃ¸rer regnskabsÃ¥ret. Finansielle poster omfatter renteindtÃ¦gter og -omkostninger samt tillÃ¦g og godtgÃ¸relse under acontoskatteordningen m.v.",Posten omfatter den forholdsmÃ¦ssige andel af resultat efter skat i dattervirksomheder efter eliminering af interne avancer eller tab og fratrukket af- og nedskrivning pÃ¥ goodwill og andre mervÃ¦rdier pÃ¥ erhvervelsestidspunktet.,"Tilgodehavender mÃ¥les til amortiseret kostpris, der sÃ¦dvanligvis svarer til nominel vÃ¦rdi. Der foretages nedskrivning til imÃ¸degÃ¥else af tab baseret pÃ¥ en objektiv indikation pÃ¥, at et tilgodehavende eller en gruppe af tilgodehavender er vÃ¦rdiforringet. Nedskrivning foretages til nettorealisationsvÃ¦rdi, hvis denne er lavere end regnskabsmÃ¦ssig vÃ¦rdi.",Selskabets formÃ¥l er investering i vÃ¦rdipapirer og investering i og udvikling af fast ejendom samt efter direktionens skÃ¸n hermed beslÃ¦gtet virksomhed.,Der er efter regnskabsÃ¥rets afslutning ikke indtruffet betydningsfulde hÃ¦ndelser.,50000.0,49200.0,Ãrsregnskabet er aflagt efter samme regnskabspraksis som sidste Ã¥r.,32450989.0,30700228.0,Direktionen har dags dato behandlet og godkendt Ã¥rsrapporten for regnskabsÃ¥ret 1. juli 2014 - 30. juni 2015 for MVe Holding ApS.,"Vi har revideret Ã¥rsregnskabet for MVe Holding ApS for regnskabsÃ¥ret 1. juli 2014 - 30. juni 2015, der omfatter resultatopgÃ¸relse, balance, egenkapitalopgÃ¸relse og noter, herunder anvendt regnskabspraksis. Ãrsregnskabet udarbejdes efter Ã¥rsregnskabsloven.",Af de langfristede gÃ¦ldsforpligtelser forfalder 3.704 t.kr. senere end 5 Ã¥r fra balancedagen.,Ãrsrapport,"Det er endvidere min opfattelse, at ledelsesberetningen indeholder en retvisende redegÃ¸relse for de forhold, beretningen omhandler.",Michael Vestergaard,Michael Vestergaard,MVe Holding ApS,Ernst & Young Godkendt Revisionspartnerselskab,"Det er vores opfattelse, at Ã¥rsregnskabet giver et retvisende billede af selskabets aktiver, passiver og finansielle stilling pr. 30. juni 2015 samt af resultatet af selskabets aktiviteter for regnskabsÃ¥ret 1. juli 2014 - 30. juni 2015 i overensstemmelse med Ã¥rsregnskabsloven.","NÃ¸rresundby, den",1606975.0,1212191.0,Ãrsrapporten indstilles til generalforsamlingens godkendelse.,Aalborg,2015-06-30,2014-07-01,2015-11-30,"Aalborg, den","Ledelsen har ansvaret for udarbejdelsen af et Ã¥rsregnskab, der giver et retvisende billede i overensstemmelse med Ã¥rsregnskabsloven. Ledelsen har endvidere ansvaret for den interne kontrol, som ledelsen anser nÃ¸dvendig for at udarbejde et Ã¥rsregnskab uden vÃ¦sentlig fejlinformation, uanset om denne skyldes besvigelser eller fejl.","Vi har i henhold til Ã¥rsregnskabsloven gennemlÃ¦st ledelsesberetningen. Vi har ikke foretaget yderligere handlinger i tillÃ¦g til den udfÃ¸rte revision af Ã¥rsregnskabet. Det er pÃ¥ denne baggrund vores opfattelse, at oplysningerne i ledelsesberetningen er i overensstemmelse med Ã¥rsregnskabet.",29100065.0,direktÃ¸r,RevisionspÃ¥tegning,urn:ofk:oid:21741930,indberetninger-20180424,2.5097437,32450989.0,,2018-03-30T19:12:37.829Z,2015-12-04T07:40:58.988Z,regnskab,0.0,,2015-06-30,2014-07-01,X15-AK-99-VN,2015-12-04T07:40:59.395Z,-43300.0,107715.0,75654.0,669675.0,1212191.0,43409.0,90912.0,183931.0,1606.0,227340.0,92518.0,1671390.0,594021.0,64415.0,,,,,,,,,,,,,,,,,,,,,,,,,,,,,,,,,,,,,,,,,,,
32450989,2014-07-01,2015-06-30,c105,,http://regnskaber.virk.dk/98905423/ZG9rdW1lbnRsYWdlcjovLzAzL2M2LzhhL2ZjL2M0LzA2NDgtNDY1NS04NmE4LWIxMGE1NzkyZmU1Mw.pdf,http://regnskaber.virk.dk/98905423/ZG9rdW1lbnRsYWdlcjovLzAzLzc0LzJiLzcyL2IxL2NhY2QtNGQxMy05MGZhLTA3ZWQyYTM0NWVjNg.xml,50000.0,Aalborg,9100.0,1A,Vestre Havnepromenade,NÃ¸rresundby,9400.0,16.0,Ãstre FÃ¦lledvej,"Postboks 710, 9100 Aalborg",Vestre Havnepromenade 1A,Til kapitalejerne i MVe Holding ApS,Regnskabsklasse B,Ãrsrapporten aflÃ¦gges i overensstemmelse med Ã¥rsregnskabsloven.,"Det er min opfattelse, at Ã¥rsregnskabet giver et retvisende billede af selskabets aktiver, passiver og finansielle stilling pr. 30. juni 2015 samt af resultatet af selskabets aktiviteter for regnskabsÃ¥ret 1. juli 2014 - 30. juni 2015.",2015-11-30,2015-11-30,2009-09-16,2015-11-30,75654.0,"Selskabets resultatopgÃ¸relse for 2014/15 udviser et overskud pÃ¥ kr. 1.606.975 mod kr. 2.026.272 sidste Ã¥r, og selskabets balance pr. 30. juni 2015 udviser en egenkapital pÃ¥ kr. 10.011.802.  Ledelsen anser Ã¥rets resultat for tilfredsstillende.",ForeslÃ¥et udbytte indregnes som en forpligtelse pÃ¥ tidspunktet for vedtagelse pÃ¥ den ordinÃ¦re generalforsamling (deklareringstidspunktet).,VÃ¦rdipapirer mÃ¥les til dagsvÃ¦rdi pÃ¥ balancedagen.,"Andre eksterne omkostninger omfatter omkostninger vedrÃ¸rende virksomhedens primÃ¦re aktivitet, der er afholdt i Ã¥rets lÃ¸b, herunder omkostninger til distribution, salg, reklame, administration, lokaler, tab pÃ¥ debitorer, ydelser pÃ¥ operationelle leasingkontrakter m.v.","Finansielle indtÃ¦gter og omkostninger indregnes i resultatopgÃ¸relsen med de belÃ¸b, der vedrÃ¸rer regnskabsÃ¥ret. Finansielle poster omfatter renteindtÃ¦gter og -omkostninger samt tillÃ¦g og godtgÃ¸relse under acontoskatteordningen m.v.",Posten omfatter den forholdsmÃ¦ssige andel af resultat efter skat i dattervirksomheder efter eliminering af interne avancer eller tab og fratrukket af- og nedskrivning pÃ¥ goodwill og andre mervÃ¦rdier pÃ¥ erhvervelsestidspunktet.,"Tilgodehavender mÃ¥les til amortiseret kostpris, der sÃ¦dvanligvis svarer til nominel vÃ¦rdi. Der foretages nedskrivning til imÃ¸degÃ¥else af tab baseret pÃ¥ en objektiv indikation pÃ¥, at et tilgodehavende eller en gruppe af tilgodehavender er vÃ¦rdiforringet. Nedskrivning foretages til nettorealisationsvÃ¦rdi, hvis denne er lavere end regnskabsmÃ¦ssig vÃ¦rdi.",Selskabets formÃ¥l er investering i vÃ¦rdipapirer og investering i og udvikling af fast ejendom samt efter direktionens skÃ¸n hermed beslÃ¦gtet virksomhed.,Der er efter regnskabsÃ¥rets afslutning ikke indtruffet betydningsfulde hÃ¦ndelser.,50000.0,49200.0,Ãrsregnskabet er aflagt efter samme regnskabspraksis som sidste Ã¥r.,32450989.0,30700228.0,Direktionen har dags dato behandlet og godkendt Ã¥rsrapporten for regnskabsÃ¥ret 1. juli 2014 - 30. juni 2015 for MVe Holding ApS.,"Vi har revideret Ã¥rsregnskabet for MVe Holding ApS for regnskabsÃ¥ret 1. juli 2014 - 30. juni 2015, der omfatter resultatopgÃ¸relse, balance, egenkapitalopgÃ¸relse og noter, herunder anvendt regnskabspraksis. Ãrsregnskabet udarbejdes efter Ã¥rsregnskabsloven.",Af de langfristede gÃ¦ldsforpligtelser forfalder 3.704 t.kr. senere end 5 Ã¥r fra balancedagen.,Ãrsrapport,"Det er endvidere min opfattelse, at ledelsesberetningen indeholder en retvisende redegÃ¸relse for de forhold, beretningen omhandler.",Michael Vestergaard,Michael Vestergaard,MVe Holding ApS,Ernst & Young Godkendt Revisionspartnerselskab,"Det er vores opfattelse, at Ã¥rsregnskabet giver et retvisende billede af selskabets aktiver, passiver og finansielle stilling pr. 30. juni 2015 samt af resultatet af selskabets aktiviteter for regnskabsÃ¥ret 1. juli 2014 - 30. juni 2015 i overensstemmelse med Ã¥rsregnskabsloven.","NÃ¸rresundby, den",,1212191.0,Ãrsrapporten indstilles til generalforsamlingens godkendelse.,Aalborg,2015-06-30,2014-07-01,2015-11-30,"Aalborg, den","Ledelsen har ansvaret for udarbejdelsen af et Ã¥rsregnskab, der giver et retvisende billede i overensstemmelse med Ã¥rsregnskabsloven. Ledelsen har endvidere ansvaret for den interne kontrol, som ledelsen anser nÃ¸dvendig for at udarbejde et Ã¥rsregnskab uden vÃ¦sentlig fejlinformation, uanset om denne skyldes besvigelser eller fejl.","Vi har i henhold til Ã¥rsregnskabsloven gennemlÃ¦st ledelsesberetningen. Vi har ikke foretaget yderligere handlinger i tillÃ¦g til den udfÃ¸rte revision af Ã¥rsregnskabet. Det er pÃ¥ denne baggrund vores opfattelse, at oplysningerne i ledelsesberetningen er i overensstemmelse med Ã¥rsregnskabet.",29100065.0,direktÃ¸r,RevisionspÃ¥tegning,urn:ofk:oid:21741930,indberetninger-20180424,2.5097437,32450989.0,,2018-03-30T19:12:37.829Z,2015-12-04T07:40:58.988Z,regnskab,0.0,,2015-06-30,2014-07-01,X15-AK-99-VN,2015-12-04T07:40:59.395Z,,,,,,,,,,,,,,,,,,,,,,,,,,,,,,,,,,,,,,,,,,,,,,,,,,,,,statsaut. revisor,Thomas Kallehauge,,,
32450989,2014-07-01,2015-06-30,c106,,http://regnskaber.virk.dk/98905423/ZG9rdW1lbnRsYWdlcjovLzAzL2M2LzhhL2ZjL2M0LzA2NDgtNDY1NS04NmE4LWIxMGE1NzkyZmU1Mw.pdf,http://regnskaber.virk.dk/98905423/ZG9rdW1lbnRsYWdlcjovLzAzLzc0LzJiLzcyL2IxL2NhY2QtNGQxMy05MGZhLTA3ZWQyYTM0NWVjNg.xml,50000.0,Aalborg,9100.0,1A,Vestre Havnepromenade,NÃ¸rresundby,9400.0,16.0,Ãstre FÃ¦lledvej,"Postboks 710, 9100 Aalborg",Vestre Havnepromenade 1A,Til kapitalejerne i MVe Holding ApS,Regnskabsklasse B,Ãrsrapporten aflÃ¦gges i overensstemmelse med Ã¥rsregnskabsloven.,"Det er min opfattelse, at Ã¥rsregnskabet giver et retvisende billede af selskabets aktiver, passiver og finansielle stilling pr. 30. juni 2015 samt af resultatet af selskabets aktiviteter for regnskabsÃ¥ret 1. juli 2014 - 30. juni 2015.",2015-11-30,2015-11-30,2009-09-16,2015-11-30,75654.0,"Selskabets resultatopgÃ¸relse for 2014/15 udviser et overskud pÃ¥ kr. 1.606.975 mod kr. 2.026.272 sidste Ã¥r, og selskabets balance pr. 30. juni 2015 udviser en egenkapital pÃ¥ kr. 10.011.802.  Ledelsen anser Ã¥rets resultat for tilfredsstillende.",ForeslÃ¥et udbytte indregnes som en forpligtelse pÃ¥ tidspunktet for vedtagelse pÃ¥ den ordinÃ¦re generalforsamling (deklareringstidspunktet).,VÃ¦rdipapirer mÃ¥les til dagsvÃ¦rdi pÃ¥ balancedagen.,"Andre eksterne omkostninger omfatter omkostninger vedrÃ¸rende virksomhedens primÃ¦re aktivitet, der er afholdt i Ã¥rets lÃ¸b, herunder omkostninger til distribution, salg, reklame, administration, lokaler, tab pÃ¥ debitorer, ydelser pÃ¥ operationelle leasingkontrakter m.v.","Finansielle indtÃ¦gter og omkostninger indregnes i resultatopgÃ¸relsen med de belÃ¸b, der vedrÃ¸rer regnskabsÃ¥ret. Finansielle poster omfatter renteindtÃ¦gter og -omkostninger samt tillÃ¦g og godtgÃ¸relse under acontoskatteordningen m.v.",Posten omfatter den forholdsmÃ¦ssige andel af resultat efter skat i dattervirksomheder efter eliminering af interne avancer eller tab og fratrukket af- og nedskrivning pÃ¥ goodwill og andre mervÃ¦rdier pÃ¥ erhvervelsestidspunktet.,"Tilgodehavender mÃ¥les til amortiseret kostpris, der sÃ¦dvanligvis svarer til nominel vÃ¦rdi. Der foretages nedskrivning til imÃ¸degÃ¥else af tab baseret pÃ¥ en objektiv indikation pÃ¥, at et tilgodehavende eller en gruppe af tilgodehavender er vÃ¦rdiforringet. Nedskrivning foretages til nettorealisationsvÃ¦rdi, hvis denne er lavere end regnskabsmÃ¦ssig vÃ¦rdi.",Selskabets formÃ¥l er investering i vÃ¦rdipapirer og investering i og udvikling af fast ejendom samt efter direktionens skÃ¸n hermed beslÃ¦gtet virksomhed.,Der er efter regnskabsÃ¥rets afslutning ikke indtruffet betydningsfulde hÃ¦ndelser.,50000.0,49200.0,Ãrsregnskabet er aflagt efter samme regnskabspraksis som sidste Ã¥r.,32450989.0,30700228.0,Direktionen har dags dato behandlet og godkendt Ã¥rsrapporten for regnskabsÃ¥ret 1. juli 2014 - 30. juni 2015 for MVe Holding ApS.,"Vi har revideret Ã¥rsregnskabet for MVe Holding ApS for regnskabsÃ¥ret 1. juli 2014 - 30. juni 2015, der omfatter resultatopgÃ¸relse, balance, egenkapitalopgÃ¸relse og noter, herunder anvendt regnskabspraksis. Ãrsregnskabet udarbejdes efter Ã¥rsregnskabsloven.",Af de langfristede gÃ¦ldsforpligtelser forfalder 3.704 t.kr. senere end 5 Ã¥r fra balancedagen.,Ãrsrapport,"Det er endvidere min opfattelse, at ledelsesberetningen indeholder en retvisende redegÃ¸relse for de forhold, beretningen omhandler.",Michael Vestergaard,Michael Vestergaard,MVe Holding ApS,Ernst & Young Godkendt Revisionspartnerselskab,"Det er vores opfattelse, at Ã¥rsregnskabet giver et retvisende billede af selskabets aktiver, passiver og finansielle stilling pr. 30. juni 2015 samt af resultatet af selskabets aktiviteter for regnskabsÃ¥ret 1. juli 2014 - 30. juni 2015 i overensstemmelse med Ã¥rsregnskabsloven.","NÃ¸rresundby, den",,1212191.0,Ãrsrapporten indstilles til generalforsamlingens godkendelse.,Aalborg,2015-06-30,2014-07-01,2015-11-30,"Aalborg, den","Ledelsen har ansvaret for udarbejdelsen af et Ã¥rsregnskab, der giver et retvisende billede i overensstemmelse med Ã¥rsregnskabsloven. Ledelsen har endvidere ansvaret for den interne kontrol, som ledelsen anser nÃ¸dvendig for at udarbejde et Ã¥rsregnskab uden vÃ¦sentlig fejlinformation, uanset om denne skyldes besvigelser eller fejl.","Vi har i henhold til Ã¥rsregnskabsloven gennemlÃ¦st ledelsesberetningen. Vi har ikke foretaget yderligere handlinger i tillÃ¦g til den udfÃ¸rte revision af Ã¥rsregnskabet. Det er pÃ¥ denne baggrund vores opfattelse, at oplysningerne i ledelsesberetningen er i overensstemmelse med Ã¥rsregnskabet.",29100065.0,direktÃ¸r,RevisionspÃ¥tegning,urn:ofk:oid:21741930,indberetninger-20180424,2.5097437,32450989.0,,2018-03-30T19:12:37.829Z,2015-12-04T07:40:58.988Z,regnskab,0.0,,2015-06-30,2014-07-01,X15-AK-99-VN,2015-12-04T07:40:59.395Z,,,,,,,,,,,,,,,,,,,,,,,,,,,,,,,,,,,,,,,,,,,,,,,,,,,,,statsaut. revisor,Andreas H. Brandt,,,
32450989,2014-07-01,2015-06-30,c172,,http://regnskaber.virk.dk/98905423/ZG9rdW1lbnRsYWdlcjovLzAzL2M2LzhhL2ZjL2M0LzA2NDgtNDY1NS04NmE4LWIxMGE1NzkyZmU1Mw.pdf,http://regnskaber.virk.dk/98905423/ZG9rdW1lbnRsYWdlcjovLzAzLzc0LzJiLzcyL2IxL2NhY2QtNGQxMy05MGZhLTA3ZWQyYTM0NWVjNg.xml,50000.0,Aalborg,9100.0,1A,Vestre Havnepromenade,NÃ¸rresundby,9400.0,16.0,Ãstre FÃ¦lledvej,"Postboks 710, 9100 Aalborg",Vestre Havnepromenade 1A,Til kapitalejerne i MVe Holding ApS,Regnskabsklasse B,Ãrsrapporten aflÃ¦gges i overensstemmelse med Ã¥rsregnskabsloven.,"Det er min opfattelse, at Ã¥rsregnskabet giver et retvisende billede af selskabets aktiver, passiver og finansielle stilling pr. 30. juni 2015 samt af resultatet af selskabets aktiviteter for regnskabsÃ¥ret 1. juli 2014 - 30. juni 2015.",2015-11-30,2015-11-30,2009-09-16,2015-11-30,75654.0,"Selskabets resultatopgÃ¸relse for 2014/15 udviser et overskud pÃ¥ kr. 1.606.975 mod kr. 2.026.272 sidste Ã¥r, og selskabets balance pr. 30. juni 2015 udviser en egenkapital pÃ¥ kr. 10.011.802.  Ledelsen anser Ã¥rets resultat for tilfredsstillende.",ForeslÃ¥et udbytte indregnes som en forpligtelse pÃ¥ tidspunktet for vedtagelse pÃ¥ den ordinÃ¦re generalforsamling (deklareringstidspunktet).,VÃ¦rdipapirer mÃ¥les til dagsvÃ¦rdi pÃ¥ balancedagen.,"Andre eksterne omkostninger omfatter omkostninger vedrÃ¸rende virksomhedens primÃ¦re aktivitet, der er afholdt i Ã¥rets lÃ¸b, herunder omkostninger til distribution, salg, reklame, administration, lokaler, tab pÃ¥ debitorer, ydelser pÃ¥ operationelle leasingkontrakter m.v.","Finansielle indtÃ¦gter og omkostninger indregnes i resultatopgÃ¸relsen med de belÃ¸b, der vedrÃ¸rer regnskabsÃ¥ret. Finansielle poster omfatter renteindtÃ¦gter og -omkostninger samt tillÃ¦g og godtgÃ¸relse under acontoskatteordningen m.v.",Posten omfatter den forholdsmÃ¦ssige andel af resultat efter skat i dattervirksomheder efter eliminering af interne avancer eller tab og fratrukket af- og nedskrivning pÃ¥ goodwill og andre mervÃ¦rdier pÃ¥ erhvervelsestidspunktet.,"Tilgodehavender mÃ¥les til amortiseret kostpris, der sÃ¦dvanligvis svarer til nominel vÃ¦rdi. Der foretages nedskrivning til imÃ¸degÃ¥else af tab baseret pÃ¥ en objektiv indikation pÃ¥, at et tilgodehavende eller en gruppe af tilgodehavender er vÃ¦rdiforringet. Nedskrivning foretages til nettorealisationsvÃ¦rdi, hvis denne er lavere end regnskabsmÃ¦ssig vÃ¦rdi.",Selskabets formÃ¥l er investering i vÃ¦rdipapirer og investering i og udvikling af fast ejendom samt efter direktionens skÃ¸n hermed beslÃ¦gtet virksomhed.,Der er efter regnskabsÃ¥rets afslutning ikke indtruffet betydningsfulde hÃ¦ndelser.,50000.0,49200.0,Ãrsregnskabet er aflagt efter samme regnskabspraksis som sidste Ã¥r.,32450989.0,30700228.0,Direktionen har dags dato behandlet og godkendt Ã¥rsrapporten for regnskabsÃ¥ret 1. juli 2014 - 30. juni 2015 for MVe Holding ApS.,"Vi har revideret Ã¥rsregnskabet for MVe Holding ApS for regnskabsÃ¥ret 1. juli 2014 - 30. juni 2015, der omfatter resultatopgÃ¸relse, balance, egenkapitalopgÃ¸relse og noter, herunder anvendt regnskabspraksis. Ãrsregnskabet udarbejdes efter Ã¥rsregnskabsloven.",Af de langfristede gÃ¦ldsforpligtelser forfalder 3.704 t.kr. senere end 5 Ã¥r fra balancedagen.,Ãrsrapport,"Det er endvidere min opfattelse, at ledelsesberetningen indeholder en retvisende redegÃ¸relse for de forhold, beretningen omhandler.",Michael Vestergaard,Michael Vestergaard,MVe Holding ApS,Ernst & Young Godkendt Revisionspartnerselskab,"Det er vores opfattelse, at Ã¥rsregnskabet giver et retvisende billede af selskabets aktiver, passiver og finansielle stilling pr. 30. juni 2015 samt af resultatet af selskabets aktiviteter for regnskabsÃ¥ret 1. juli 2014 - 30. juni 2015 i overensstemmelse med Ã¥rsregnskabsloven.","NÃ¸rresundby, den",50000.0,1212191.0,Ãrsrapporten indstilles til generalforsamlingens godkendelse.,Aalborg,2015-06-30,2014-07-01,2015-11-30,"Aalborg, den","Ledelsen har ansvaret for udarbejdelsen af et Ã¥rsregnskab, der giver et retvisende billede i overensstemmelse med Ã¥rsregnskabsloven. Ledelsen har endvidere ansvaret for den interne kontrol, som ledelsen anser nÃ¸dvendig for at udarbejde et Ã¥rsregnskab uden vÃ¦sentlig fejlinformation, uanset om denne skyldes besvigelser eller fejl.","Vi har i henhold til Ã¥rsregnskabsloven gennemlÃ¦st ledelsesberetningen. Vi har ikke foretaget yderligere handlinger i tillÃ¦g til den udfÃ¸rte revision af Ã¥rsregnskabet. Det er pÃ¥ denne baggrund vores opfattelse, at oplysningerne i ledelsesberetningen er i overensstemmelse med Ã¥rsregnskabet.",29100065.0,direktÃ¸r,RevisionspÃ¥tegning,urn:ofk:oid:21741930,indberetninger-20180424,2.5097437,32450989.0,,2018-03-30T19:12:37.829Z,2015-12-04T07:40:58.988Z,regnskab,0.0,,2015-06-30,2014-07-01,X15-AK-99-VN,2015-12-04T07:40:59.395Z,,,,,,,,,,,,,,,,,,,,,,,,,,,,,,,,,,,,,,,,,,,,,,,,,,,,,,,,,
32450989,2014-07-01,2015-06-30,c182,,http://regnskaber.virk.dk/98905423/ZG9rdW1lbnRsYWdlcjovLzAzL2M2LzhhL2ZjL2M0LzA2NDgtNDY1NS04NmE4LWIxMGE1NzkyZmU1Mw.pdf,http://regnskaber.virk.dk/98905423/ZG9rdW1lbnRsYWdlcjovLzAzLzc0LzJiLzcyL2IxL2NhY2QtNGQxMy05MGZhLTA3ZWQyYTM0NWVjNg.xml,50000.0,Aalborg,9100.0,1A,Vestre Havnepromenade,NÃ¸rresundby,9400.0,16.0,Ãstre FÃ¦lledvej,"Postboks 710, 9100 Aalborg",Vestre Havnepromenade 1A,Til kapitalejerne i MVe Holding ApS,Regnskabsklasse B,Ãrsrapporten aflÃ¦gges i overensstemmelse med Ã¥rsregnskabsloven.,"Det er min opfattelse, at Ã¥rsregnskabet giver et retvisende billede af selskabets aktiver, passiver og finansielle stilling pr. 30. juni 2015 samt af resultatet af selskabets aktiviteter for regnskabsÃ¥ret 1. juli 2014 - 30. juni 2015.",2015-11-30,2015-11-30,2009-09-16,2015-11-30,75654.0,"Selskabets resultatopgÃ¸relse for 2014/15 udviser et overskud pÃ¥ kr. 1.606.975 mod kr. 2.026.272 sidste Ã¥r, og selskabets balance pr. 30. juni 2015 udviser en egenkapital pÃ¥ kr. 10.011.802.  Ledelsen anser Ã¥rets resultat for tilfredsstillende.",ForeslÃ¥et udbytte indregnes som en forpligtelse pÃ¥ tidspunktet for vedtagelse pÃ¥ den ordinÃ¦re generalforsamling (deklareringstidspunktet).,VÃ¦rdipapirer mÃ¥les til dagsvÃ¦rdi pÃ¥ balancedagen.,"Andre eksterne omkostninger omfatter omkostninger vedrÃ¸rende virksomhedens primÃ¦re aktivitet, der er afholdt i Ã¥rets lÃ¸b, herunder omkostninger til distribution, salg, reklame, administration, lokaler, tab pÃ¥ debitorer, ydelser pÃ¥ operationelle leasingkontrakter m.v.","Finansielle indtÃ¦gter og omkostninger indregnes i resultatopgÃ¸relsen med de belÃ¸b, der vedrÃ¸rer regnskabsÃ¥ret. Finansielle poster omfatter renteindtÃ¦gter og -omkostninger samt tillÃ¦g og godtgÃ¸relse under acontoskatteordningen m.v.",Posten omfatter den forholdsmÃ¦ssige andel af resultat efter skat i dattervirksomheder efter eliminering af interne avancer eller tab og fratrukket af- og nedskrivning pÃ¥ goodwill og andre mervÃ¦rdier pÃ¥ erhvervelsestidspunktet.,"Tilgodehavender mÃ¥les til amortiseret kostpris, der sÃ¦dvanligvis svarer til nominel vÃ¦rdi. Der foretages nedskrivning til imÃ¸degÃ¥else af tab baseret pÃ¥ en objektiv indikation pÃ¥, at et tilgodehavende eller en gruppe af tilgodehavender er vÃ¦rdiforringet. Nedskrivning foretages til nettorealisationsvÃ¦rdi, hvis denne er lavere end regnskabsmÃ¦ssig vÃ¦rdi.",Selskabets formÃ¥l er investering i vÃ¦rdipapirer og investering i og udvikling af fast ejendom samt efter direktionens skÃ¸n hermed beslÃ¦gtet virksomhed.,Der er efter regnskabsÃ¥rets afslutning ikke indtruffet betydningsfulde hÃ¦ndelser.,50000.0,49200.0,Ãrsregnskabet er aflagt efter samme regnskabspraksis som sidste Ã¥r.,32450989.0,30700228.0,Direktionen har dags dato behandlet og godkendt Ã¥rsrapporten for regnskabsÃ¥ret 1. juli 2014 - 30. juni 2015 for MVe Holding ApS.,"Vi har revideret Ã¥rsregnskabet for MVe Holding ApS for regnskabsÃ¥ret 1. juli 2014 - 30. juni 2015, der omfatter resultatopgÃ¸relse, balance, egenkapitalopgÃ¸relse og noter, herunder anvendt regnskabspraksis. Ãrsregnskabet udarbejdes efter Ã¥rsregnskabsloven.",Af de langfristede gÃ¦ldsforpligtelser forfalder 3.704 t.kr. senere end 5 Ã¥r fra balancedagen.,Ãrsrapport,"Det er endvidere min opfattelse, at ledelsesberetningen indeholder en retvisende redegÃ¸relse for de forhold, beretningen omhandler.",Michael Vestergaard,Michael Vestergaard,MVe Holding ApS,Ernst & Young Godkendt Revisionspartnerselskab,"Det er vores opfattelse, at Ã¥rsregnskabet giver et retvisende billede af selskabets aktiver, passiver og finansielle stilling pr. 30. juni 2015 samt af resultatet af selskabets aktiviteter for regnskabsÃ¥ret 1. juli 2014 - 30. juni 2015 i overensstemmelse med Ã¥rsregnskabsloven.","NÃ¸rresundby, den",1212191.0,1212191.0,Ãrsrapporten indstilles til generalforsamlingens godkendelse.,Aalborg,2015-06-30,2014-07-01,2015-11-30,"Aalborg, den","Ledelsen har ansvaret for udarbejdelsen af et Ã¥rsregnskab, der giver et retvisende billede i overensstemmelse med Ã¥rsregnskabsloven. Ledelsen har endvidere ansvaret for den interne kontrol, som ledelsen anser nÃ¸dvendig for at udarbejde et Ã¥rsregnskab uden vÃ¦sentlig fejlinformation, uanset om denne skyldes besvigelser eller fejl.","Vi har i henhold til Ã¥rsregnskabsloven gennemlÃ¦st ledelsesberetningen. Vi har ikke foretaget yderligere handlinger i tillÃ¦g til den udfÃ¸rte revision af Ã¥rsregnskabet. Det er pÃ¥ denne baggrund vores opfattelse, at oplysningerne i ledelsesberetningen er i overensstemmelse med Ã¥rsregnskabet.",29100065.0,direktÃ¸r,RevisionspÃ¥tegning,urn:ofk:oid:21741930,indberetninger-20180424,2.5097437,32450989.0,,2018-03-30T19:12:37.829Z,2015-12-04T07:40:58.988Z,regnskab,0.0,,2015-06-30,2014-07-01,X15-AK-99-VN,2015-12-04T07:40:59.395Z,,,,,,,,,,,,,,,,,,,,,,,,,,,,,,,,,,,,,,,,,,,,,,,,,,,,,,,,,
32450989,2014-07-01,2015-06-30,c194,,http://regnskaber.virk.dk/98905423/ZG9rdW1lbnRsYWdlcjovLzAzL2M2LzhhL2ZjL2M0LzA2NDgtNDY1NS04NmE4LWIxMGE1NzkyZmU1Mw.pdf,http://regnskaber.virk.dk/98905423/ZG9rdW1lbnRsYWdlcjovLzAzLzc0LzJiLzcyL2IxL2NhY2QtNGQxMy05MGZhLTA3ZWQyYTM0NWVjNg.xml,50000.0,Aalborg,9100.0,1A,Vestre Havnepromenade,NÃ¸rresundby,9400.0,16.0,Ãstre FÃ¦lledvej,"Postboks 710, 9100 Aalborg",Vestre Havnepromenade 1A,Til kapitalejerne i MVe Holding ApS,Regnskabsklasse B,Ãrsrapporten aflÃ¦gges i overensstemmelse med Ã¥rsregnskabsloven.,"Det er min opfattelse, at Ã¥rsregnskabet giver et retvisende billede af selskabets aktiver, passiver og finansielle stilling pr. 30. juni 2015 samt af resultatet af selskabets aktiviteter for regnskabsÃ¥ret 1. juli 2014 - 30. juni 2015.",2015-11-30,2015-11-30,2009-09-16,2015-11-30,75654.0,"Selskabets resultatopgÃ¸relse for 2014/15 udviser et overskud pÃ¥ kr. 1.606.975 mod kr. 2.026.272 sidste Ã¥r, og selskabets balance pr. 30. juni 2015 udviser en egenkapital pÃ¥ kr. 10.011.802.  Ledelsen anser Ã¥rets resultat for tilfredsstillende.",ForeslÃ¥et udbytte indregnes som en forpligtelse pÃ¥ tidspunktet for vedtagelse pÃ¥ den ordinÃ¦re generalforsamling (deklareringstidspunktet).,VÃ¦rdipapirer mÃ¥les til dagsvÃ¦rdi pÃ¥ balancedagen.,"Andre eksterne omkostninger omfatter omkostninger vedrÃ¸rende virksomhedens primÃ¦re aktivitet, der er afholdt i Ã¥rets lÃ¸b, herunder omkostninger til distribution, salg, reklame, administration, lokaler, tab pÃ¥ debitorer, ydelser pÃ¥ operationelle leasingkontrakter m.v.","Finansielle indtÃ¦gter og omkostninger indregnes i resultatopgÃ¸relsen med de belÃ¸b, der vedrÃ¸rer regnskabsÃ¥ret. Finansielle poster omfatter renteindtÃ¦gter og -omkostninger samt tillÃ¦g og godtgÃ¸relse under acontoskatteordningen m.v.",Posten omfatter den forholdsmÃ¦ssige andel af resultat efter skat i dattervirksomheder efter eliminering af interne avancer eller tab og fratrukket af- og nedskrivning pÃ¥ goodwill og andre mervÃ¦rdier pÃ¥ erhvervelsestidspunktet.,"Tilgodehavender mÃ¥les til amortiseret kostpris, der sÃ¦dvanligvis svarer til nominel vÃ¦rdi. Der foretages nedskrivning til imÃ¸degÃ¥else af tab baseret pÃ¥ en objektiv indikation pÃ¥, at et tilgodehavende eller en gruppe af tilgodehavender er vÃ¦rdiforringet. Nedskrivning foretages til nettorealisationsvÃ¦rdi, hvis denne er lavere end regnskabsmÃ¦ssig vÃ¦rdi.",Selskabets formÃ¥l er investering i vÃ¦rdipapirer og investering i og udvikling af fast ejendom samt efter direktionens skÃ¸n hermed beslÃ¦gtet virksomhed.,Der er efter regnskabsÃ¥rets afslutning ikke indtruffet betydningsfulde hÃ¦ndelser.,50000.0,49200.0,Ãrsregnskabet er aflagt efter samme regnskabspraksis som sidste Ã¥r.,32450989.0,30700228.0,Direktionen har dags dato behandlet og godkendt Ã¥rsrapporten for regnskabsÃ¥ret 1. juli 2014 - 30. juni 2015 for MVe Holding ApS.,"Vi har revideret Ã¥rsregnskabet for MVe Holding ApS for regnskabsÃ¥ret 1. juli 2014 - 30. juni 2015, der omfatter resultatopgÃ¸relse, balance, egenkapitalopgÃ¸relse og noter, herunder anvendt regnskabspraksis. Ãrsregnskabet udarbejdes efter Ã¥rsregnskabsloven.",Af de langfristede gÃ¦ldsforpligtelser forfalder 3.704 t.kr. senere end 5 Ã¥r fra balancedagen.,Ãrsrapport,"Det er endvidere min opfattelse, at ledelsesberetningen indeholder en retvisende redegÃ¸relse for de forhold, beretningen omhandler.",Michael Vestergaard,Michael Vestergaard,MVe Holding ApS,Ernst & Young Godkendt Revisionspartnerselskab,"Det er vores opfattelse, at Ã¥rsregnskabet giver et retvisende billede af selskabets aktiver, passiver og finansielle stilling pr. 30. juni 2015 samt af resultatet af selskabets aktiviteter for regnskabsÃ¥ret 1. juli 2014 - 30. juni 2015 i overensstemmelse med Ã¥rsregnskabsloven.","NÃ¸rresundby, den",344784.0,1212191.0,Ãrsrapporten indstilles til generalforsamlingens godkendelse.,Aalborg,2015-06-30,2014-07-01,2015-11-30,"Aalborg, den","Ledelsen har ansvaret for udarbejdelsen af et Ã¥rsregnskab, der giver et retvisende billede i overensstemmelse med Ã¥rsregnskabsloven. Ledelsen har endvidere ansvaret for den interne kontrol, som ledelsen anser nÃ¸dvendig for at udarbejde et Ã¥rsregnskab uden vÃ¦sentlig fejlinformation, uanset om denne skyldes besvigelser eller fejl.","Vi har i henhold til Ã¥rsregnskabsloven gennemlÃ¦st ledelsesberetningen. Vi har ikke foretaget yderligere handlinger i tillÃ¦g til den udfÃ¸rte revision af Ã¥rsregnskabet. Det er pÃ¥ denne baggrund vores opfattelse, at oplysningerne i ledelsesberetningen er i overensstemmelse med Ã¥rsregnskabet.",29100065.0,direktÃ¸r,RevisionspÃ¥tegning,urn:ofk:oid:21741930,indberetninger-20180424,2.5097437,32450989.0,,2018-03-30T19:12:37.829Z,2015-12-04T07:40:58.988Z,regnskab,0.0,,2015-06-30,2014-07-01,X15-AK-99-VN,2015-12-04T07:40:59.395Z,,,,,,,,,,,,,,,,,,,,,,,,,,,,,,,,,,,,,,,,,,,,,,,,,,,,,,,,,
32450989,2014-07-01,2015-06-30,c222,,http://regnskaber.virk.dk/98905423/ZG9rdW1lbnRsYWdlcjovLzAzL2M2LzhhL2ZjL2M0LzA2NDgtNDY1NS04NmE4LWIxMGE1NzkyZmU1Mw.pdf,http://regnskaber.virk.dk/98905423/ZG9rdW1lbnRsYWdlcjovLzAzLzc0LzJiLzcyL2IxL2NhY2QtNGQxMy05MGZhLTA3ZWQyYTM0NWVjNg.xml,50000.0,Aalborg,9100.0,1A,Vestre Havnepromenade,NÃ¸rresundby,9400.0,16.0,Ãstre FÃ¦lledvej,"Postboks 710, 9100 Aalborg",Vestre Havnepromenade 1A,Til kapitalejerne i MVe Holding ApS,Regnskabsklasse B,Ãrsrapporten aflÃ¦gges i overensstemmelse med Ã¥rsregnskabsloven.,"Det er min opfattelse, at Ã¥rsregnskabet giver et retvisende billede af selskabets aktiver, passiver og finansielle stilling pr. 30. juni 2015 samt af resultatet af selskabets aktiviteter for regnskabsÃ¥ret 1. juli 2014 - 30. juni 2015.",2015-11-30,2015-11-30,2009-09-16,2015-11-30,75654.0,"Selskabets resultatopgÃ¸relse for 2014/15 udviser et overskud pÃ¥ kr. 1.606.975 mod kr. 2.026.272 sidste Ã¥r, og selskabets balance pr. 30. juni 2015 udviser en egenkapital pÃ¥ kr. 10.011.802.  Ledelsen anser Ã¥rets resultat for tilfredsstillende.",ForeslÃ¥et udbytte indregnes som en forpligtelse pÃ¥ tidspunktet for vedtagelse pÃ¥ den ordinÃ¦re generalforsamling (deklareringstidspunktet).,VÃ¦rdipapirer mÃ¥les til dagsvÃ¦rdi pÃ¥ balancedagen.,"Andre eksterne omkostninger omfatter omkostninger vedrÃ¸rende virksomhedens primÃ¦re aktivitet, der er afholdt i Ã¥rets lÃ¸b, herunder omkostninger til distribution, salg, reklame, administration, lokaler, tab pÃ¥ debitorer, ydelser pÃ¥ operationelle leasingkontrakter m.v.","Finansielle indtÃ¦gter og omkostninger indregnes i resultatopgÃ¸relsen med de belÃ¸b, der vedrÃ¸rer regnskabsÃ¥ret. Finansielle poster omfatter renteindtÃ¦gter og -omkostninger samt tillÃ¦g og godtgÃ¸relse under acontoskatteordningen m.v.",Posten omfatter den forholdsmÃ¦ssige andel af resultat efter skat i dattervirksomheder efter eliminering af interne avancer eller tab og fratrukket af- og nedskrivning pÃ¥ goodwill og andre mervÃ¦rdier pÃ¥ erhvervelsestidspunktet.,"Tilgodehavender mÃ¥les til amortiseret kostpris, der sÃ¦dvanligvis svarer til nominel vÃ¦rdi. Der foretages nedskrivning til imÃ¸degÃ¥else af tab baseret pÃ¥ en objektiv indikation pÃ¥, at et tilgodehavende eller en gruppe af tilgodehavender er vÃ¦rdiforringet. Nedskrivning foretages til nettorealisationsvÃ¦rdi, hvis denne er lavere end regnskabsmÃ¦ssig vÃ¦rdi.",Selskabets formÃ¥l er investering i vÃ¦rdipapirer og investering i og udvikling af fast ejendom samt efter direktionens skÃ¸n hermed beslÃ¦gtet virksomhed.,Der er efter regnskabsÃ¥rets afslutning ikke indtruffet betydningsfulde hÃ¦ndelser.,50000.0,49200.0,Ãrsregnskabet er aflagt efter samme regnskabspraksis som sidste Ã¥r.,32450989.0,30700228.0,Direktionen har dags dato behandlet og godkendt Ã¥rsrapporten for regnskabsÃ¥ret 1. juli 2014 - 30. juni 2015 for MVe Holding ApS.,"Vi har revideret Ã¥rsregnskabet for MVe Holding ApS for regnskabsÃ¥ret 1. juli 2014 - 30. juni 2015, der omfatter resultatopgÃ¸relse, balance, egenkapitalopgÃ¸relse og noter, herunder anvendt regnskabspraksis. Ãrsregnskabet udarbejdes efter Ã¥rsregnskabsloven.",Af de langfristede gÃ¦ldsforpligtelser forfalder 3.704 t.kr. senere end 5 Ã¥r fra balancedagen.,Ãrsrapport,"Det er endvidere min opfattelse, at ledelsesberetningen indeholder en retvisende redegÃ¸relse for de forhold, beretningen omhandler.",Michael Vestergaard,Michael Vestergaard,MVe Holding ApS,Ernst & Young Godkendt Revisionspartnerselskab,"Det er vores opfattelse, at Ã¥rsregnskabet giver et retvisende billede af selskabets aktiver, passiver og finansielle stilling pr. 30. juni 2015 samt af resultatet af selskabets aktiviteter for regnskabsÃ¥ret 1. juli 2014 - 30. juni 2015 i overensstemmelse med Ã¥rsregnskabsloven.","NÃ¸rresundby, den",,1212191.0,Ãrsrapporten indstilles til generalforsamlingens godkendelse.,Aalborg,2015-06-30,2014-07-01,2015-11-30,"Aalborg, den","Ledelsen har ansvaret for udarbejdelsen af et Ã¥rsregnskab, der giver et retvisende billede i overensstemmelse med Ã¥rsregnskabsloven. Ledelsen har endvidere ansvaret for den interne kontrol, som ledelsen anser nÃ¸dvendig for at udarbejde et Ã¥rsregnskab uden vÃ¦sentlig fejlinformation, uanset om denne skyldes besvigelser eller fejl.","Vi har i henhold til Ã¥rsregnskabsloven gennemlÃ¦st ledelsesberetningen. Vi har ikke foretaget yderligere handlinger i tillÃ¦g til den udfÃ¸rte revision af Ã¥rsregnskabet. Det er pÃ¥ denne baggrund vores opfattelse, at oplysningerne i ledelsesberetningen er i overensstemmelse med Ã¥rsregnskabet.",29100065.0,direktÃ¸r,RevisionspÃ¥tegning,urn:ofk:oid:21741930,indberetninger-20180424,2.5097437,32450989.0,,2018-03-30T19:12:37.829Z,2015-12-04T07:40:58.988Z,regnskab,0.0,,2015-06-30,2014-07-01,X15-AK-99-VN,2015-12-04T07:40:59.395Z,,,,,,,,,,,,,,,,,,,,,,,,,,,,,,,,,,,,,,,,,,,,,,,,,,,,,,,,,
32450989,2014-07-01,2015-06-30,c263,,http://regnskaber.virk.dk/98905423/ZG9rdW1lbnRsYWdlcjovLzAzL2M2LzhhL2ZjL2M0LzA2NDgtNDY1NS04NmE4LWIxMGE1NzkyZmU1Mw.pdf,http://regnskaber.virk.dk/98905423/ZG9rdW1lbnRsYWdlcjovLzAzLzc0LzJiLzcyL2IxL2NhY2QtNGQxMy05MGZhLTA3ZWQyYTM0NWVjNg.xml,50000.0,Aalborg,9100.0,1A,Vestre Havnepromenade,NÃ¸rresundby,9400.0,16.0,Ãstre FÃ¦lledvej,"Postboks 710, 9100 Aalborg",Vestre Havnepromenade 1A,Til kapitalejerne i MVe Holding ApS,Regnskabsklasse B,Ãrsrapporten aflÃ¦gges i overensstemmelse med Ã¥rsregnskabsloven.,"Det er min opfattelse, at Ã¥rsregnskabet giver et retvisende billede af selskabets aktiver, passiver og finansielle stilling pr. 30. juni 2015 samt af resultatet af selskabets aktiviteter for regnskabsÃ¥ret 1. juli 2014 - 30. juni 2015.",2015-11-30,2015-11-30,2009-09-16,2015-11-30,75654.0,"Selskabets resultatopgÃ¸relse for 2014/15 udviser et overskud pÃ¥ kr. 1.606.975 mod kr. 2.026.272 sidste Ã¥r, og selskabets balance pr. 30. juni 2015 udviser en egenkapital pÃ¥ kr. 10.011.802.  Ledelsen anser Ã¥rets resultat for tilfredsstillende.",ForeslÃ¥et udbytte indregnes som en forpligtelse pÃ¥ tidspunktet for vedtagelse pÃ¥ den ordinÃ¦re generalforsamling (deklareringstidspunktet).,VÃ¦rdipapirer mÃ¥les til dagsvÃ¦rdi pÃ¥ balancedagen.,"Andre eksterne omkostninger omfatter omkostninger vedrÃ¸rende virksomhedens primÃ¦re aktivitet, der er afholdt i Ã¥rets lÃ¸b, herunder omkostninger til distribution, salg, reklame, administration, lokaler, tab pÃ¥ debitorer, ydelser pÃ¥ operationelle leasingkontrakter m.v.","Finansielle indtÃ¦gter og omkostninger indregnes i resultatopgÃ¸relsen med de belÃ¸b, der vedrÃ¸rer regnskabsÃ¥ret. Finansielle poster omfatter renteindtÃ¦gter og -omkostninger samt tillÃ¦g og godtgÃ¸relse under acontoskatteordningen m.v.",Posten omfatter den forholdsmÃ¦ssige andel af resultat efter skat i dattervirksomheder efter eliminering af interne avancer eller tab og fratrukket af- og nedskrivning pÃ¥ goodwill og andre mervÃ¦rdier pÃ¥ erhvervelsestidspunktet.,"Tilgodehavender mÃ¥les til amortiseret kostpris, der sÃ¦dvanligvis svarer til nominel vÃ¦rdi. Der foretages nedskrivning til imÃ¸degÃ¥else af tab baseret pÃ¥ en objektiv indikation pÃ¥, at et tilgodehavende eller en gruppe af tilgodehavender er vÃ¦rdiforringet. Nedskrivning foretages til nettorealisationsvÃ¦rdi, hvis denne er lavere end regnskabsmÃ¦ssig vÃ¦rdi.",Selskabets formÃ¥l er investering i vÃ¦rdipapirer og investering i og udvikling af fast ejendom samt efter direktionens skÃ¸n hermed beslÃ¦gtet virksomhed.,Der er efter regnskabsÃ¥rets afslutning ikke indtruffet betydningsfulde hÃ¦ndelser.,50000.0,49200.0,Ãrsregnskabet er aflagt efter samme regnskabspraksis som sidste Ã¥r.,32450989.0,30700228.0,Direktionen har dags dato behandlet og godkendt Ã¥rsrapporten for regnskabsÃ¥ret 1. juli 2014 - 30. juni 2015 for MVe Holding ApS.,"Vi har revideret Ã¥rsregnskabet for MVe Holding ApS for regnskabsÃ¥ret 1. juli 2014 - 30. juni 2015, der omfatter resultatopgÃ¸relse, balance, egenkapitalopgÃ¸relse og noter, herunder anvendt regnskabspraksis. Ãrsregnskabet udarbejdes efter Ã¥rsregnskabsloven.",Af de langfristede gÃ¦ldsforpligtelser forfalder 3.704 t.kr. senere end 5 Ã¥r fra balancedagen.,Ãrsrapport,"Det er endvidere min opfattelse, at ledelsesberetningen indeholder en retvisende redegÃ¸relse for de forhold, beretningen omhandler.",Michael Vestergaard,Michael Vestergaard,MVe Holding ApS,Ernst & Young Godkendt Revisionspartnerselskab,"Det er vores opfattelse, at Ã¥rsregnskabet giver et retvisende billede af selskabets aktiver, passiver og finansielle stilling pr. 30. juni 2015 samt af resultatet af selskabets aktiviteter for regnskabsÃ¥ret 1. juli 2014 - 30. juni 2015 i overensstemmelse med Ã¥rsregnskabsloven.","NÃ¸rresundby, den",,1212191.0,Ãrsrapporten indstilles til generalforsamlingens godkendelse.,Aalborg,2015-06-30,2014-07-01,2015-11-30,"Aalborg, den","Ledelsen har ansvaret for udarbejdelsen af et Ã¥rsregnskab, der giver et retvisende billede i overensstemmelse med Ã¥rsregnskabsloven. Ledelsen har endvidere ansvaret for den interne kontrol, som ledelsen anser nÃ¸dvendig for at udarbejde et Ã¥rsregnskab uden vÃ¦sentlig fejlinformation, uanset om denne skyldes besvigelser eller fejl.","Vi har i henhold til Ã¥rsregnskabsloven gennemlÃ¦st ledelsesberetningen. Vi har ikke foretaget yderligere handlinger i tillÃ¦g til den udfÃ¸rte revision af Ã¥rsregnskabet. Det er pÃ¥ denne baggrund vores opfattelse, at oplysningerne i ledelsesberetningen er i overensstemmelse med Ã¥rsregnskabet.",29100065.0,direktÃ¸r,RevisionspÃ¥tegning,urn:ofk:oid:21741930,indberetninger-20180424,2.5097437,32450989.0,,2018-03-30T19:12:37.829Z,2015-12-04T07:40:58.988Z,regnskab,0.0,,2015-06-30,2014-07-01,X15-AK-99-VN,2015-12-04T07:40:59.395Z,,,,,,,,,,,,,,,,,,,,,,,,,,,,,,,,,,,,,,,,,,,,,,,,,,,,,,,,,
32450989,2014-07-01,2015-06-30,c340,,http://regnskaber.virk.dk/98905423/ZG9rdW1lbnRsYWdlcjovLzAzL2M2LzhhL2ZjL2M0LzA2NDgtNDY1NS04NmE4LWIxMGE1NzkyZmU1Mw.pdf,http://regnskaber.virk.dk/98905423/ZG9rdW1lbnRsYWdlcjovLzAzLzc0LzJiLzcyL2IxL2NhY2QtNGQxMy05MGZhLTA3ZWQyYTM0NWVjNg.xml,50000.0,Aalborg,9100.0,1A,Vestre Havnepromenade,NÃ¸rresundby,9400.0,16.0,Ãstre FÃ¦lledvej,"Postboks 710, 9100 Aalborg",Vestre Havnepromenade 1A,Til kapitalejerne i MVe Holding ApS,Regnskabsklasse B,Ãrsrapporten aflÃ¦gges i overensstemmelse med Ã¥rsregnskabsloven.,"Det er min opfattelse, at Ã¥rsregnskabet giver et retvisende billede af selskabets aktiver, passiver og finansielle stilling pr. 30. juni 2015 samt af resultatet af selskabets aktiviteter for regnskabsÃ¥ret 1. juli 2014 - 30. juni 2015.",2015-11-30,2015-11-30,2009-09-16,2015-11-30,75654.0,"Selskabets resultatopgÃ¸relse for 2014/15 udviser et overskud pÃ¥ kr. 1.606.975 mod kr. 2.026.272 sidste Ã¥r, og selskabets balance pr. 30. juni 2015 udviser en egenkapital pÃ¥ kr. 10.011.802.  Ledelsen anser Ã¥rets resultat for tilfredsstillende.",ForeslÃ¥et udbytte indregnes som en forpligtelse pÃ¥ tidspunktet for vedtagelse pÃ¥ den ordinÃ¦re generalforsamling (deklareringstidspunktet).,VÃ¦rdipapirer mÃ¥les til dagsvÃ¦rdi pÃ¥ balancedagen.,"Andre eksterne omkostninger omfatter omkostninger vedrÃ¸rende virksomhedens primÃ¦re aktivitet, der er afholdt i Ã¥rets lÃ¸b, herunder omkostninger til distribution, salg, reklame, administration, lokaler, tab pÃ¥ debitorer, ydelser pÃ¥ operationelle leasingkontrakter m.v.","Finansielle indtÃ¦gter og omkostninger indregnes i resultatopgÃ¸relsen med de belÃ¸b, der vedrÃ¸rer regnskabsÃ¥ret. Finansielle poster omfatter renteindtÃ¦gter og -omkostninger samt tillÃ¦g og godtgÃ¸relse under acontoskatteordningen m.v.",Posten omfatter den forholdsmÃ¦ssige andel af resultat efter skat i dattervirksomheder efter eliminering af interne avancer eller tab og fratrukket af- og nedskrivning pÃ¥ goodwill og andre mervÃ¦rdier pÃ¥ erhvervelsestidspunktet.,"Tilgodehavender mÃ¥les til amortiseret kostpris, der sÃ¦dvanligvis svarer til nominel vÃ¦rdi. Der foretages nedskrivning til imÃ¸degÃ¥else af tab baseret pÃ¥ en objektiv indikation pÃ¥, at et tilgodehavende eller en gruppe af tilgodehavender er vÃ¦rdiforringet. Nedskrivning foretages til nettorealisationsvÃ¦rdi, hvis denne er lavere end regnskabsmÃ¦ssig vÃ¦rdi.",Selskabets formÃ¥l er investering i vÃ¦rdipapirer og investering i og udvikling af fast ejendom samt efter direktionens skÃ¸n hermed beslÃ¦gtet virksomhed.,Der er efter regnskabsÃ¥rets afslutning ikke indtruffet betydningsfulde hÃ¦ndelser.,50000.0,49200.0,Ãrsregnskabet er aflagt efter samme regnskabspraksis som sidste Ã¥r.,32450989.0,30700228.0,Direktionen har dags dato behandlet og godkendt Ã¥rsrapporten for regnskabsÃ¥ret 1. juli 2014 - 30. juni 2015 for MVe Holding ApS.,"Vi har revideret Ã¥rsregnskabet for MVe Holding ApS for regnskabsÃ¥ret 1. juli 2014 - 30. juni 2015, der omfatter resultatopgÃ¸relse, balance, egenkapitalopgÃ¸relse og noter, herunder anvendt regnskabspraksis. Ãrsregnskabet udarbejdes efter Ã¥rsregnskabsloven.",Af de langfristede gÃ¦ldsforpligtelser forfalder 3.704 t.kr. senere end 5 Ã¥r fra balancedagen.,Ãrsrapport,"Det er endvidere min opfattelse, at ledelsesberetningen indeholder en retvisende redegÃ¸relse for de forhold, beretningen omhandler.",Michael Vestergaard,Michael Vestergaard,MVe Holding ApS,Ernst & Young Godkendt Revisionspartnerselskab,"Det er vores opfattelse, at Ã¥rsregnskabet giver et retvisende billede af selskabets aktiver, passiver og finansielle stilling pr. 30. juni 2015 samt af resultatet af selskabets aktiviteter for regnskabsÃ¥ret 1. juli 2014 - 30. juni 2015 i overensstemmelse med Ã¥rsregnskabsloven.","NÃ¸rresundby, den",1212191.0,1212191.0,Ãrsrapporten indstilles til generalforsamlingens godkendelse.,Aalborg,2015-06-30,2014-07-01,2015-11-30,"Aalborg, den","Ledelsen har ansvaret for udarbejdelsen af et Ã¥rsregnskab, der giver et retvisende billede i overensstemmelse med Ã¥rsregnskabsloven. Ledelsen har endvidere ansvaret for den interne kontrol, som ledelsen anser nÃ¸dvendig for at udarbejde et Ã¥rsregnskab uden vÃ¦sentlig fejlinformation, uanset om denne skyldes besvigelser eller fejl.","Vi har i henhold til Ã¥rsregnskabsloven gennemlÃ¦st ledelsesberetningen. Vi har ikke foretaget yderligere handlinger i tillÃ¦g til den udfÃ¸rte revision af Ã¥rsregnskabet. Det er pÃ¥ denne baggrund vores opfattelse, at oplysningerne i ledelsesberetningen er i overensstemmelse med Ã¥rsregnskabet.",29100065.0,direktÃ¸r,RevisionspÃ¥tegning,urn:ofk:oid:21741930,indberetninger-20180424,2.5097437,32450989.0,,2018-03-30T19:12:37.829Z,2015-12-04T07:40:58.988Z,regnskab,0.0,,2015-06-30,2014-07-01,X15-AK-99-VN,2015-12-04T07:40:59.395Z,,,,,,,,,,,,,,,,,,,,,,,,,,,,,,,,,,,,,,,,,,,,,,,,,,,,,,,,,
32450989,2014-07-01,2015-06-30,c352,,http://regnskaber.virk.dk/98905423/ZG9rdW1lbnRsYWdlcjovLzAzL2M2LzhhL2ZjL2M0LzA2NDgtNDY1NS04NmE4LWIxMGE1NzkyZmU1Mw.pdf,http://regnskaber.virk.dk/98905423/ZG9rdW1lbnRsYWdlcjovLzAzLzc0LzJiLzcyL2IxL2NhY2QtNGQxMy05MGZhLTA3ZWQyYTM0NWVjNg.xml,50000.0,Aalborg,9100.0,1A,Vestre Havnepromenade,NÃ¸rresundby,9400.0,16.0,Ãstre FÃ¦lledvej,"Postboks 710, 9100 Aalborg",Vestre Havnepromenade 1A,Til kapitalejerne i MVe Holding ApS,Regnskabsklasse B,Ãrsrapporten aflÃ¦gges i overensstemmelse med Ã¥rsregnskabsloven.,"Det er min opfattelse, at Ã¥rsregnskabet giver et retvisende billede af selskabets aktiver, passiver og finansielle stilling pr. 30. juni 2015 samt af resultatet af selskabets aktiviteter for regnskabsÃ¥ret 1. juli 2014 - 30. juni 2015.",2015-11-30,2015-11-30,2009-09-16,2015-11-30,75654.0,"Selskabets resultatopgÃ¸relse for 2014/15 udviser et overskud pÃ¥ kr. 1.606.975 mod kr. 2.026.272 sidste Ã¥r, og selskabets balance pr. 30. juni 2015 udviser en egenkapital pÃ¥ kr. 10.011.802.  Ledelsen anser Ã¥rets resultat for tilfredsstillende.",ForeslÃ¥et udbytte indregnes som en forpligtelse pÃ¥ tidspunktet for vedtagelse pÃ¥ den ordinÃ¦re generalforsamling (deklareringstidspunktet).,VÃ¦rdipapirer mÃ¥les til dagsvÃ¦rdi pÃ¥ balancedagen.,"Andre eksterne omkostninger omfatter omkostninger vedrÃ¸rende virksomhedens primÃ¦re aktivitet, der er afholdt i Ã¥rets lÃ¸b, herunder omkostninger til distribution, salg, reklame, administration, lokaler, tab pÃ¥ debitorer, ydelser pÃ¥ operationelle leasingkontrakter m.v.","Finansielle indtÃ¦gter og omkostninger indregnes i resultatopgÃ¸relsen med de belÃ¸b, der vedrÃ¸rer regnskabsÃ¥ret. Finansielle poster omfatter renteindtÃ¦gter og -omkostninger samt tillÃ¦g og godtgÃ¸relse under acontoskatteordningen m.v.",Posten omfatter den forholdsmÃ¦ssige andel af resultat efter skat i dattervirksomheder efter eliminering af interne avancer eller tab og fratrukket af- og nedskrivning pÃ¥ goodwill og andre mervÃ¦rdier pÃ¥ erhvervelsestidspunktet.,"Tilgodehavender mÃ¥les til amortiseret kostpris, der sÃ¦dvanligvis svarer til nominel vÃ¦rdi. Der foretages nedskrivning til imÃ¸degÃ¥else af tab baseret pÃ¥ en objektiv indikation pÃ¥, at et tilgodehavende eller en gruppe af tilgodehavender er vÃ¦rdiforringet. Nedskrivning foretages til nettorealisationsvÃ¦rdi, hvis denne er lavere end regnskabsmÃ¦ssig vÃ¦rdi.",Selskabets formÃ¥l er investering i vÃ¦rdipapirer og investering i og udvikling af fast ejendom samt efter direktionens skÃ¸n hermed beslÃ¦gtet virksomhed.,Der er efter regnskabsÃ¥rets afslutning ikke indtruffet betydningsfulde hÃ¦ndelser.,50000.0,49200.0,Ãrsregnskabet er aflagt efter samme regnskabspraksis som sidste Ã¥r.,32450989.0,30700228.0,Direktionen har dags dato behandlet og godkendt Ã¥rsrapporten for regnskabsÃ¥ret 1. juli 2014 - 30. juni 2015 for MVe Holding ApS.,"Vi har revideret Ã¥rsregnskabet for MVe Holding ApS for regnskabsÃ¥ret 1. juli 2014 - 30. juni 2015, der omfatter resultatopgÃ¸relse, balance, egenkapitalopgÃ¸relse og noter, herunder anvendt regnskabspraksis. Ãrsregnskabet udarbejdes efter Ã¥rsregnskabsloven.",Af de langfristede gÃ¦ldsforpligtelser forfalder 3.704 t.kr. senere end 5 Ã¥r fra balancedagen.,Ãrsrapport,"Det er endvidere min opfattelse, at ledelsesberetningen indeholder en retvisende redegÃ¸relse for de forhold, beretningen omhandler.",Michael Vestergaard,Michael Vestergaard,MVe Holding ApS,Ernst & Young Godkendt Revisionspartnerselskab,"Det er vores opfattelse, at Ã¥rsregnskabet giver et retvisende billede af selskabets aktiver, passiver og finansielle stilling pr. 30. juni 2015 samt af resultatet af selskabets aktiviteter for regnskabsÃ¥ret 1. juli 2014 - 30. juni 2015 i overensstemmelse med Ã¥rsregnskabsloven.","NÃ¸rresundby, den",344784.0,1212191.0,Ãrsrapporten indstilles til generalforsamlingens godkendelse.,Aalborg,2015-06-30,2014-07-01,2015-11-30,"Aalborg, den","Ledelsen har ansvaret for udarbejdelsen af et Ã¥rsregnskab, der giver et retvisende billede i overensstemmelse med Ã¥rsregnskabsloven. Ledelsen har endvidere ansvaret for den interne kontrol, som ledelsen anser nÃ¸dvendig for at udarbejde et Ã¥rsregnskab uden vÃ¦sentlig fejlinformation, uanset om denne skyldes besvigelser eller fejl.","Vi har i henhold til Ã¥rsregnskabsloven gennemlÃ¦st ledelsesberetningen. Vi har ikke foretaget yderligere handlinger i tillÃ¦g til den udfÃ¸rte revision af Ã¥rsregnskabet. Det er pÃ¥ denne baggrund vores opfattelse, at oplysningerne i ledelsesberetningen er i overensstemmelse med Ã¥rsregnskabet.",29100065.0,direktÃ¸r,RevisionspÃ¥tegning,urn:ofk:oid:21741930,indberetninger-20180424,2.5097437,32450989.0,,2018-03-30T19:12:37.829Z,2015-12-04T07:40:58.988Z,regnskab,0.0,,2015-06-30,2014-07-01,X15-AK-99-VN,2015-12-04T07:40:59.395Z,,,,,,,,,,,,,,,,,,,,,,,,,,,,,,,,,,,,,,,,,,,,,,,,,,,,,,,,,
32450989,2014-07-01,2015-06-30,c358,,http://regnskaber.virk.dk/98905423/ZG9rdW1lbnRsYWdlcjovLzAzL2M2LzhhL2ZjL2M0LzA2NDgtNDY1NS04NmE4LWIxMGE1NzkyZmU1Mw.pdf,http://regnskaber.virk.dk/98905423/ZG9rdW1lbnRsYWdlcjovLzAzLzc0LzJiLzcyL2IxL2NhY2QtNGQxMy05MGZhLTA3ZWQyYTM0NWVjNg.xml,50000.0,Aalborg,9100.0,1A,Vestre Havnepromenade,NÃ¸rresundby,9400.0,16.0,Ãstre FÃ¦lledvej,"Postboks 710, 9100 Aalborg",Vestre Havnepromenade 1A,Til kapitalejerne i MVe Holding ApS,Regnskabsklasse B,Ãrsrapporten aflÃ¦gges i overensstemmelse med Ã¥rsregnskabsloven.,"Det er min opfattelse, at Ã¥rsregnskabet giver et retvisende billede af selskabets aktiver, passiver og finansielle stilling pr. 30. juni 2015 samt af resultatet af selskabets aktiviteter for regnskabsÃ¥ret 1. juli 2014 - 30. juni 2015.",2015-11-30,2015-11-30,2009-09-16,2015-11-30,75654.0,"Selskabets resultatopgÃ¸relse for 2014/15 udviser et overskud pÃ¥ kr. 1.606.975 mod kr. 2.026.272 sidste Ã¥r, og selskabets balance pr. 30. juni 2015 udviser en egenkapital pÃ¥ kr. 10.011.802.  Ledelsen anser Ã¥rets resultat for tilfredsstillende.",ForeslÃ¥et udbytte indregnes som en forpligtelse pÃ¥ tidspunktet for vedtagelse pÃ¥ den ordinÃ¦re generalforsamling (deklareringstidspunktet).,VÃ¦rdipapirer mÃ¥les til dagsvÃ¦rdi pÃ¥ balancedagen.,"Andre eksterne omkostninger omfatter omkostninger vedrÃ¸rende virksomhedens primÃ¦re aktivitet, der er afholdt i Ã¥rets lÃ¸b, herunder omkostninger til distribution, salg, reklame, administration, lokaler, tab pÃ¥ debitorer, ydelser pÃ¥ operationelle leasingkontrakter m.v.","Finansielle indtÃ¦gter og omkostninger indregnes i resultatopgÃ¸relsen med de belÃ¸b, der vedrÃ¸rer regnskabsÃ¥ret. Finansielle poster omfatter renteindtÃ¦gter og -omkostninger samt tillÃ¦g og godtgÃ¸relse under acontoskatteordningen m.v.",Posten omfatter den forholdsmÃ¦ssige andel af resultat efter skat i dattervirksomheder efter eliminering af interne avancer eller tab og fratrukket af- og nedskrivning pÃ¥ goodwill og andre mervÃ¦rdier pÃ¥ erhvervelsestidspunktet.,"Tilgodehavender mÃ¥les til amortiseret kostpris, der sÃ¦dvanligvis svarer til nominel vÃ¦rdi. Der foretages nedskrivning til imÃ¸degÃ¥else af tab baseret pÃ¥ en objektiv indikation pÃ¥, at et tilgodehavende eller en gruppe af tilgodehavender er vÃ¦rdiforringet. Nedskrivning foretages til nettorealisationsvÃ¦rdi, hvis denne er lavere end regnskabsmÃ¦ssig vÃ¦rdi.",Selskabets formÃ¥l er investering i vÃ¦rdipapirer og investering i og udvikling af fast ejendom samt efter direktionens skÃ¸n hermed beslÃ¦gtet virksomhed.,Der er efter regnskabsÃ¥rets afslutning ikke indtruffet betydningsfulde hÃ¦ndelser.,50000.0,49200.0,Ãrsregnskabet er aflagt efter samme regnskabspraksis som sidste Ã¥r.,32450989.0,30700228.0,Direktionen har dags dato behandlet og godkendt Ã¥rsrapporten for regnskabsÃ¥ret 1. juli 2014 - 30. juni 2015 for MVe Holding ApS.,"Vi har revideret Ã¥rsregnskabet for MVe Holding ApS for regnskabsÃ¥ret 1. juli 2014 - 30. juni 2015, der omfatter resultatopgÃ¸relse, balance, egenkapitalopgÃ¸relse og noter, herunder anvendt regnskabspraksis. Ãrsregnskabet udarbejdes efter Ã¥rsregnskabsloven.",Af de langfristede gÃ¦ldsforpligtelser forfalder 3.704 t.kr. senere end 5 Ã¥r fra balancedagen.,Ãrsrapport,"Det er endvidere min opfattelse, at ledelsesberetningen indeholder en retvisende redegÃ¸relse for de forhold, beretningen omhandler.",Michael Vestergaard,Michael Vestergaard,MVe Holding ApS,Ernst & Young Godkendt Revisionspartnerselskab,"Det er vores opfattelse, at Ã¥rsregnskabet giver et retvisende billede af selskabets aktiver, passiver og finansielle stilling pr. 30. juni 2015 samt af resultatet af selskabets aktiviteter for regnskabsÃ¥ret 1. juli 2014 - 30. juni 2015 i overensstemmelse med Ã¥rsregnskabsloven.","NÃ¸rresundby, den",,1212191.0,Ãrsrapporten indstilles til generalforsamlingens godkendelse.,Aalborg,2015-06-30,2014-07-01,2015-11-30,"Aalborg, den","Ledelsen har ansvaret for udarbejdelsen af et Ã¥rsregnskab, der giver et retvisende billede i overensstemmelse med Ã¥rsregnskabsloven. Ledelsen har endvidere ansvaret for den interne kontrol, som ledelsen anser nÃ¸dvendig for at udarbejde et Ã¥rsregnskab uden vÃ¦sentlig fejlinformation, uanset om denne skyldes besvigelser eller fejl.","Vi har i henhold til Ã¥rsregnskabsloven gennemlÃ¦st ledelsesberetningen. Vi har ikke foretaget yderligere handlinger i tillÃ¦g til den udfÃ¸rte revision af Ã¥rsregnskabet. Det er pÃ¥ denne baggrund vores opfattelse, at oplysningerne i ledelsesberetningen er i overensstemmelse med Ã¥rsregnskabet.",29100065.0,direktÃ¸r,RevisionspÃ¥tegning,urn:ofk:oid:21741930,indberetninger-20180424,2.5097437,32450989.0,,2018-03-30T19:12:37.829Z,2015-12-04T07:40:58.988Z,regnskab,0.0,,2015-06-30,2014-07-01,X15-AK-99-VN,2015-12-04T07:40:59.395Z,,,,,,,,,,,,,,,,,,,,,,,,,,,,,,,,,,,,,,,,,,,,,,,,,,,,,,,,,
32450989,2014-07-01,2015-06-30,c632,,http://regnskaber.virk.dk/98905423/ZG9rdW1lbnRsYWdlcjovLzAzL2M2LzhhL2ZjL2M0LzA2NDgtNDY1NS04NmE4LWIxMGE1NzkyZmU1Mw.pdf,http://regnskaber.virk.dk/98905423/ZG9rdW1lbnRsYWdlcjovLzAzLzc0LzJiLzcyL2IxL2NhY2QtNGQxMy05MGZhLTA3ZWQyYTM0NWVjNg.xml,50000.0,Aalborg,9100.0,1A,Vestre Havnepromenade,NÃ¸rresundby,9400.0,16.0,Ãstre FÃ¦lledvej,"Postboks 710, 9100 Aalborg",Vestre Havnepromenade 1A,Til kapitalejerne i MVe Holding ApS,Regnskabsklasse B,Ãrsrapporten aflÃ¦gges i overensstemmelse med Ã¥rsregnskabsloven.,"Det er min opfattelse, at Ã¥rsregnskabet giver et retvisende billede af selskabets aktiver, passiver og finansielle stilling pr. 30. juni 2015 samt af resultatet af selskabets aktiviteter for regnskabsÃ¥ret 1. juli 2014 - 30. juni 2015.",2015-11-30,2015-11-30,2009-09-16,2015-11-30,75654.0,"Selskabets resultatopgÃ¸relse for 2014/15 udviser et overskud pÃ¥ kr. 1.606.975 mod kr. 2.026.272 sidste Ã¥r, og selskabets balance pr. 30. juni 2015 udviser en egenkapital pÃ¥ kr. 10.011.802.  Ledelsen anser Ã¥rets resultat for tilfredsstillende.",ForeslÃ¥et udbytte indregnes som en forpligtelse pÃ¥ tidspunktet for vedtagelse pÃ¥ den ordinÃ¦re generalforsamling (deklareringstidspunktet).,VÃ¦rdipapirer mÃ¥les til dagsvÃ¦rdi pÃ¥ balancedagen.,"Andre eksterne omkostninger omfatter omkostninger vedrÃ¸rende virksomhedens primÃ¦re aktivitet, der er afholdt i Ã¥rets lÃ¸b, herunder omkostninger til distribution, salg, reklame, administration, lokaler, tab pÃ¥ debitorer, ydelser pÃ¥ operationelle leasingkontrakter m.v.","Finansielle indtÃ¦gter og omkostninger indregnes i resultatopgÃ¸relsen med de belÃ¸b, der vedrÃ¸rer regnskabsÃ¥ret. Finansielle poster omfatter renteindtÃ¦gter og -omkostninger samt tillÃ¦g og godtgÃ¸relse under acontoskatteordningen m.v.",Posten omfatter den forholdsmÃ¦ssige andel af resultat efter skat i dattervirksomheder efter eliminering af interne avancer eller tab og fratrukket af- og nedskrivning pÃ¥ goodwill og andre mervÃ¦rdier pÃ¥ erhvervelsestidspunktet.,"Tilgodehavender mÃ¥les til amortiseret kostpris, der sÃ¦dvanligvis svarer til nominel vÃ¦rdi. Der foretages nedskrivning til imÃ¸degÃ¥else af tab baseret pÃ¥ en objektiv indikation pÃ¥, at et tilgodehavende eller en gruppe af tilgodehavender er vÃ¦rdiforringet. Nedskrivning foretages til nettorealisationsvÃ¦rdi, hvis denne er lavere end regnskabsmÃ¦ssig vÃ¦rdi.",Selskabets formÃ¥l er investering i vÃ¦rdipapirer og investering i og udvikling af fast ejendom samt efter direktionens skÃ¸n hermed beslÃ¦gtet virksomhed.,Der er efter regnskabsÃ¥rets afslutning ikke indtruffet betydningsfulde hÃ¦ndelser.,50000.0,49200.0,Ãrsregnskabet er aflagt efter samme regnskabspraksis som sidste Ã¥r.,32450989.0,30700228.0,Direktionen har dags dato behandlet og godkendt Ã¥rsrapporten for regnskabsÃ¥ret 1. juli 2014 - 30. juni 2015 for MVe Holding ApS.,"Vi har revideret Ã¥rsregnskabet for MVe Holding ApS for regnskabsÃ¥ret 1. juli 2014 - 30. juni 2015, der omfatter resultatopgÃ¸relse, balance, egenkapitalopgÃ¸relse og noter, herunder anvendt regnskabspraksis. Ãrsregnskabet udarbejdes efter Ã¥rsregnskabsloven.",Af de langfristede gÃ¦ldsforpligtelser forfalder 3.704 t.kr. senere end 5 Ã¥r fra balancedagen.,Ãrsrapport,"Det er endvidere min opfattelse, at ledelsesberetningen indeholder en retvisende redegÃ¸relse for de forhold, beretningen omhandler.",Michael Vestergaard,Michael Vestergaard,MVe Holding ApS,Ernst & Young Godkendt Revisionspartnerselskab,"Det er vores opfattelse, at Ã¥rsregnskabet giver et retvisende billede af selskabets aktiver, passiver og finansielle stilling pr. 30. juni 2015 samt af resultatet af selskabets aktiviteter for regnskabsÃ¥ret 1. juli 2014 - 30. juni 2015 i overensstemmelse med Ã¥rsregnskabsloven.","NÃ¸rresundby, den",213196.0,1212191.0,Ãrsrapporten indstilles til generalforsamlingens godkendelse.,Aalborg,2015-06-30,2014-07-01,2015-11-30,"Aalborg, den","Ledelsen har ansvaret for udarbejdelsen af et Ã¥rsregnskab, der giver et retvisende billede i overensstemmelse med Ã¥rsregnskabsloven. Ledelsen har endvidere ansvaret for den interne kontrol, som ledelsen anser nÃ¸dvendig for at udarbejde et Ã¥rsregnskab uden vÃ¦sentlig fejlinformation, uanset om denne skyldes besvigelser eller fejl.","Vi har i henhold til Ã¥rsregnskabsloven gennemlÃ¦st ledelsesberetningen. Vi har ikke foretaget yderligere handlinger i tillÃ¦g til den udfÃ¸rte revision af Ã¥rsregnskabet. Det er pÃ¥ denne baggrund vores opfattelse, at oplysningerne i ledelsesberetningen er i overensstemmelse med Ã¥rsregnskabet.",29100065.0,direktÃ¸r,RevisionspÃ¥tegning,urn:ofk:oid:21741930,indberetninger-20180424,2.5097437,32450989.0,,2018-03-30T19:12:37.829Z,2015-12-04T07:40:58.988Z,regnskab,0.0,,2015-06-30,2014-07-01,X15-AK-99-VN,2015-12-04T07:40:59.395Z,,,,,,,,,,,,,,,,,,,,,,,,,,,,,,,,,,,,,,,,,,,,,,,,,,,,,,,Datamarked ApS,NÃ¸rresundby,
32450989,2014-07-01,2015-06-30,c633,,http://regnskaber.virk.dk/98905423/ZG9rdW1lbnRsYWdlcjovLzAzL2M2LzhhL2ZjL2M0LzA2NDgtNDY1NS04NmE4LWIxMGE1NzkyZmU1Mw.pdf,http://regnskaber.virk.dk/98905423/ZG9rdW1lbnRsYWdlcjovLzAzLzc0LzJiLzcyL2IxL2NhY2QtNGQxMy05MGZhLTA3ZWQyYTM0NWVjNg.xml,50000.0,Aalborg,9100.0,1A,Vestre Havnepromenade,NÃ¸rresundby,9400.0,16.0,Ãstre FÃ¦lledvej,"Postboks 710, 9100 Aalborg",Vestre Havnepromenade 1A,Til kapitalejerne i MVe Holding ApS,Regnskabsklasse B,Ãrsrapporten aflÃ¦gges i overensstemmelse med Ã¥rsregnskabsloven.,"Det er min opfattelse, at Ã¥rsregnskabet giver et retvisende billede af selskabets aktiver, passiver og finansielle stilling pr. 30. juni 2015 samt af resultatet af selskabets aktiviteter for regnskabsÃ¥ret 1. juli 2014 - 30. juni 2015.",2015-11-30,2015-11-30,2009-09-16,2015-11-30,75654.0,"Selskabets resultatopgÃ¸relse for 2014/15 udviser et overskud pÃ¥ kr. 1.606.975 mod kr. 2.026.272 sidste Ã¥r, og selskabets balance pr. 30. juni 2015 udviser en egenkapital pÃ¥ kr. 10.011.802.  Ledelsen anser Ã¥rets resultat for tilfredsstillende.",ForeslÃ¥et udbytte indregnes som en forpligtelse pÃ¥ tidspunktet for vedtagelse pÃ¥ den ordinÃ¦re generalforsamling (deklareringstidspunktet).,VÃ¦rdipapirer mÃ¥les til dagsvÃ¦rdi pÃ¥ balancedagen.,"Andre eksterne omkostninger omfatter omkostninger vedrÃ¸rende virksomhedens primÃ¦re aktivitet, der er afholdt i Ã¥rets lÃ¸b, herunder omkostninger til distribution, salg, reklame, administration, lokaler, tab pÃ¥ debitorer, ydelser pÃ¥ operationelle leasingkontrakter m.v.","Finansielle indtÃ¦gter og omkostninger indregnes i resultatopgÃ¸relsen med de belÃ¸b, der vedrÃ¸rer regnskabsÃ¥ret. Finansielle poster omfatter renteindtÃ¦gter og -omkostninger samt tillÃ¦g og godtgÃ¸relse under acontoskatteordningen m.v.",Posten omfatter den forholdsmÃ¦ssige andel af resultat efter skat i dattervirksomheder efter eliminering af interne avancer eller tab og fratrukket af- og nedskrivning pÃ¥ goodwill og andre mervÃ¦rdier pÃ¥ erhvervelsestidspunktet.,"Tilgodehavender mÃ¥les til amortiseret kostpris, der sÃ¦dvanligvis svarer til nominel vÃ¦rdi. Der foretages nedskrivning til imÃ¸degÃ¥else af tab baseret pÃ¥ en objektiv indikation pÃ¥, at et tilgodehavende eller en gruppe af tilgodehavender er vÃ¦rdiforringet. Nedskrivning foretages til nettorealisationsvÃ¦rdi, hvis denne er lavere end regnskabsmÃ¦ssig vÃ¦rdi.",Selskabets formÃ¥l er investering i vÃ¦rdipapirer og investering i og udvikling af fast ejendom samt efter direktionens skÃ¸n hermed beslÃ¦gtet virksomhed.,Der er efter regnskabsÃ¥rets afslutning ikke indtruffet betydningsfulde hÃ¦ndelser.,50000.0,49200.0,Ãrsregnskabet er aflagt efter samme regnskabspraksis som sidste Ã¥r.,32450989.0,30700228.0,Direktionen har dags dato behandlet og godkendt Ã¥rsrapporten for regnskabsÃ¥ret 1. juli 2014 - 30. juni 2015 for MVe Holding ApS.,"Vi har revideret Ã¥rsregnskabet for MVe Holding ApS for regnskabsÃ¥ret 1. juli 2014 - 30. juni 2015, der omfatter resultatopgÃ¸relse, balance, egenkapitalopgÃ¸relse og noter, herunder anvendt regnskabspraksis. Ãrsregnskabet udarbejdes efter Ã¥rsregnskabsloven.",Af de langfristede gÃ¦ldsforpligtelser forfalder 3.704 t.kr. senere end 5 Ã¥r fra balancedagen.,Ãrsrapport,"Det er endvidere min opfattelse, at ledelsesberetningen indeholder en retvisende redegÃ¸relse for de forhold, beretningen omhandler.",Michael Vestergaard,Michael Vestergaard,MVe Holding ApS,Ernst & Young Godkendt Revisionspartnerselskab,"Det er vores opfattelse, at Ã¥rsregnskabet giver et retvisende billede af selskabets aktiver, passiver og finansielle stilling pr. 30. juni 2015 samt af resultatet af selskabets aktiviteter for regnskabsÃ¥ret 1. juli 2014 - 30. juni 2015 i overensstemmelse med Ã¥rsregnskabsloven.","NÃ¸rresundby, den",900581.0,1212191.0,Ãrsrapporten indstilles til generalforsamlingens godkendelse.,Aalborg,2015-06-30,2014-07-01,2015-11-30,"Aalborg, den","Ledelsen har ansvaret for udarbejdelsen af et Ã¥rsregnskab, der giver et retvisende billede i overensstemmelse med Ã¥rsregnskabsloven. Ledelsen har endvidere ansvaret for den interne kontrol, som ledelsen anser nÃ¸dvendig for at udarbejde et Ã¥rsregnskab uden vÃ¦sentlig fejlinformation, uanset om denne skyldes besvigelser eller fejl.","Vi har i henhold til Ã¥rsregnskabsloven gennemlÃ¦st ledelsesberetningen. Vi har ikke foretaget yderligere handlinger i tillÃ¦g til den udfÃ¸rte revision af Ã¥rsregnskabet. Det er pÃ¥ denne baggrund vores opfattelse, at oplysningerne i ledelsesberetningen er i overensstemmelse med Ã¥rsregnskabet.",29100065.0,direktÃ¸r,RevisionspÃ¥tegning,urn:ofk:oid:21741930,indberetninger-20180424,2.5097437,32450989.0,,2018-03-30T19:12:37.829Z,2015-12-04T07:40:58.988Z,regnskab,0.0,,2015-06-30,2014-07-01,X15-AK-99-VN,2015-12-04T07:40:59.395Z,,,,,,,,,,,,,,,,,,,,,,,,,,,,,,,,,,,,,,,,,,,,,,,,,,,,,,,MVe Udlejning ApS,NÃ¸rresundby,
32450989,2014-07-01,2015-06-30,c634,,http://regnskaber.virk.dk/98905423/ZG9rdW1lbnRsYWdlcjovLzAzL2M2LzhhL2ZjL2M0LzA2NDgtNDY1NS04NmE4LWIxMGE1NzkyZmU1Mw.pdf,http://regnskaber.virk.dk/98905423/ZG9rdW1lbnRsYWdlcjovLzAzLzc0LzJiLzcyL2IxL2NhY2QtNGQxMy05MGZhLTA3ZWQyYTM0NWVjNg.xml,50000.0,Aalborg,9100.0,1A,Vestre Havnepromenade,NÃ¸rresundby,9400.0,16.0,Ãstre FÃ¦lledvej,"Postboks 710, 9100 Aalborg",Vestre Havnepromenade 1A,Til kapitalejerne i MVe Holding ApS,Regnskabsklasse B,Ãrsrapporten aflÃ¦gges i overensstemmelse med Ã¥rsregnskabsloven.,"Det er min opfattelse, at Ã¥rsregnskabet giver et retvisende billede af selskabets aktiver, passiver og finansielle stilling pr. 30. juni 2015 samt af resultatet af selskabets aktiviteter for regnskabsÃ¥ret 1. juli 2014 - 30. juni 2015.",2015-11-30,2015-11-30,2009-09-16,2015-11-30,75654.0,"Selskabets resultatopgÃ¸relse for 2014/15 udviser et overskud pÃ¥ kr. 1.606.975 mod kr. 2.026.272 sidste Ã¥r, og selskabets balance pr. 30. juni 2015 udviser en egenkapital pÃ¥ kr. 10.011.802.  Ledelsen anser Ã¥rets resultat for tilfredsstillende.",ForeslÃ¥et udbytte indregnes som en forpligtelse pÃ¥ tidspunktet for vedtagelse pÃ¥ den ordinÃ¦re generalforsamling (deklareringstidspunktet).,VÃ¦rdipapirer mÃ¥les til dagsvÃ¦rdi pÃ¥ balancedagen.,"Andre eksterne omkostninger omfatter omkostninger vedrÃ¸rende virksomhedens primÃ¦re aktivitet, der er afholdt i Ã¥rets lÃ¸b, herunder omkostninger til distribution, salg, reklame, administration, lokaler, tab pÃ¥ debitorer, ydelser pÃ¥ operationelle leasingkontrakter m.v.","Finansielle indtÃ¦gter og omkostninger indregnes i resultatopgÃ¸relsen med de belÃ¸b, der vedrÃ¸rer regnskabsÃ¥ret. Finansielle poster omfatter renteindtÃ¦gter og -omkostninger samt tillÃ¦g og godtgÃ¸relse under acontoskatteordningen m.v.",Posten omfatter den forholdsmÃ¦ssige andel af resultat efter skat i dattervirksomheder efter eliminering af interne avancer eller tab og fratrukket af- og nedskrivning pÃ¥ goodwill og andre mervÃ¦rdier pÃ¥ erhvervelsestidspunktet.,"Tilgodehavender mÃ¥les til amortiseret kostpris, der sÃ¦dvanligvis svarer til nominel vÃ¦rdi. Der foretages nedskrivning til imÃ¸degÃ¥else af tab baseret pÃ¥ en objektiv indikation pÃ¥, at et tilgodehavende eller en gruppe af tilgodehavender er vÃ¦rdiforringet. Nedskrivning foretages til nettorealisationsvÃ¦rdi, hvis denne er lavere end regnskabsmÃ¦ssig vÃ¦rdi.",Selskabets formÃ¥l er investering i vÃ¦rdipapirer og investering i og udvikling af fast ejendom samt efter direktionens skÃ¸n hermed beslÃ¦gtet virksomhed.,Der er efter regnskabsÃ¥rets afslutning ikke indtruffet betydningsfulde hÃ¦ndelser.,50000.0,49200.0,Ãrsregnskabet er aflagt efter samme regnskabspraksis som sidste Ã¥r.,32450989.0,30700228.0,Direktionen har dags dato behandlet og godkendt Ã¥rsrapporten for regnskabsÃ¥ret 1. juli 2014 - 30. juni 2015 for MVe Holding ApS.,"Vi har revideret Ã¥rsregnskabet for MVe Holding ApS for regnskabsÃ¥ret 1. juli 2014 - 30. juni 2015, der omfatter resultatopgÃ¸relse, balance, egenkapitalopgÃ¸relse og noter, herunder anvendt regnskabspraksis. Ãrsregnskabet udarbejdes efter Ã¥rsregnskabsloven.",Af de langfristede gÃ¦ldsforpligtelser forfalder 3.704 t.kr. senere end 5 Ã¥r fra balancedagen.,Ãrsrapport,"Det er endvidere min opfattelse, at ledelsesberetningen indeholder en retvisende redegÃ¸relse for de forhold, beretningen omhandler.",Michael Vestergaard,Michael Vestergaard,MVe Holding ApS,Ernst & Young Godkendt Revisionspartnerselskab,"Det er vores opfattelse, at Ã¥rsregnskabet giver et retvisende billede af selskabets aktiver, passiver og finansielle stilling pr. 30. juni 2015 samt af resultatet af selskabets aktiviteter for regnskabsÃ¥ret 1. juli 2014 - 30. juni 2015 i overensstemmelse med Ã¥rsregnskabsloven.","NÃ¸rresundby, den",103507.0,1212191.0,Ãrsrapporten indstilles til generalforsamlingens godkendelse.,Aalborg,2015-06-30,2014-07-01,2015-11-30,"Aalborg, den","Ledelsen har ansvaret for udarbejdelsen af et Ã¥rsregnskab, der giver et retvisende billede i overensstemmelse med Ã¥rsregnskabsloven. Ledelsen har endvidere ansvaret for den interne kontrol, som ledelsen anser nÃ¸dvendig for at udarbejde et Ã¥rsregnskab uden vÃ¦sentlig fejlinformation, uanset om denne skyldes besvigelser eller fejl.","Vi har i henhold til Ã¥rsregnskabsloven gennemlÃ¦st ledelsesberetningen. Vi har ikke foretaget yderligere handlinger i tillÃ¦g til den udfÃ¸rte revision af Ã¥rsregnskabet. Det er pÃ¥ denne baggrund vores opfattelse, at oplysningerne i ledelsesberetningen er i overensstemmelse med Ã¥rsregnskabet.",29100065.0,direktÃ¸r,RevisionspÃ¥tegning,urn:ofk:oid:21741930,indberetninger-20180424,2.5097437,32450989.0,,2018-03-30T19:12:37.829Z,2015-12-04T07:40:58.988Z,regnskab,0.0,,2015-06-30,2014-07-01,X15-AK-99-VN,2015-12-04T07:40:59.395Z,,,,,,,,,,,,,,,,,,,,,,,,,,,,,,,,,,,,,,,,,,,,,,,,,,,,,,,MVe Byg ApS,NÃ¸rresundby,
32450989,2014-07-01,2015-06-30,c635,,http://regnskaber.virk.dk/98905423/ZG9rdW1lbnRsYWdlcjovLzAzL2M2LzhhL2ZjL2M0LzA2NDgtNDY1NS04NmE4LWIxMGE1NzkyZmU1Mw.pdf,http://regnskaber.virk.dk/98905423/ZG9rdW1lbnRsYWdlcjovLzAzLzc0LzJiLzcyL2IxL2NhY2QtNGQxMy05MGZhLTA3ZWQyYTM0NWVjNg.xml,50000.0,Aalborg,9100.0,1A,Vestre Havnepromenade,NÃ¸rresundby,9400.0,16.0,Ãstre FÃ¦lledvej,"Postboks 710, 9100 Aalborg",Vestre Havnepromenade 1A,Til kapitalejerne i MVe Holding ApS,Regnskabsklasse B,Ãrsrapporten aflÃ¦gges i overensstemmelse med Ã¥rsregnskabsloven.,"Det er min opfattelse, at Ã¥rsregnskabet giver et retvisende billede af selskabets aktiver, passiver og finansielle stilling pr. 30. juni 2015 samt af resultatet af selskabets aktiviteter for regnskabsÃ¥ret 1. juli 2014 - 30. juni 2015.",2015-11-30,2015-11-30,2009-09-16,2015-11-30,75654.0,"Selskabets resultatopgÃ¸relse for 2014/15 udviser et overskud pÃ¥ kr. 1.606.975 mod kr. 2.026.272 sidste Ã¥r, og selskabets balance pr. 30. juni 2015 udviser en egenkapital pÃ¥ kr. 10.011.802.  Ledelsen anser Ã¥rets resultat for tilfredsstillende.",ForeslÃ¥et udbytte indregnes som en forpligtelse pÃ¥ tidspunktet for vedtagelse pÃ¥ den ordinÃ¦re generalforsamling (deklareringstidspunktet).,VÃ¦rdipapirer mÃ¥les til dagsvÃ¦rdi pÃ¥ balancedagen.,"Andre eksterne omkostninger omfatter omkostninger vedrÃ¸rende virksomhedens primÃ¦re aktivitet, der er afholdt i Ã¥rets lÃ¸b, herunder omkostninger til distribution, salg, reklame, administration, lokaler, tab pÃ¥ debitorer, ydelser pÃ¥ operationelle leasingkontrakter m.v.","Finansielle indtÃ¦gter og omkostninger indregnes i resultatopgÃ¸relsen med de belÃ¸b, der vedrÃ¸rer regnskabsÃ¥ret. Finansielle poster omfatter renteindtÃ¦gter og -omkostninger samt tillÃ¦g og godtgÃ¸relse under acontoskatteordningen m.v.",Posten omfatter den forholdsmÃ¦ssige andel af resultat efter skat i dattervirksomheder efter eliminering af interne avancer eller tab og fratrukket af- og nedskrivning pÃ¥ goodwill og andre mervÃ¦rdier pÃ¥ erhvervelsestidspunktet.,"Tilgodehavender mÃ¥les til amortiseret kostpris, der sÃ¦dvanligvis svarer til nominel vÃ¦rdi. Der foretages nedskrivning til imÃ¸degÃ¥else af tab baseret pÃ¥ en objektiv indikation pÃ¥, at et tilgodehavende eller en gruppe af tilgodehavender er vÃ¦rdiforringet. Nedskrivning foretages til nettorealisationsvÃ¦rdi, hvis denne er lavere end regnskabsmÃ¦ssig vÃ¦rdi.",Selskabets formÃ¥l er investering i vÃ¦rdipapirer og investering i og udvikling af fast ejendom samt efter direktionens skÃ¸n hermed beslÃ¦gtet virksomhed.,Der er efter regnskabsÃ¥rets afslutning ikke indtruffet betydningsfulde hÃ¦ndelser.,50000.0,49200.0,Ãrsregnskabet er aflagt efter samme regnskabspraksis som sidste Ã¥r.,32450989.0,30700228.0,Direktionen har dags dato behandlet og godkendt Ã¥rsrapporten for regnskabsÃ¥ret 1. juli 2014 - 30. juni 2015 for MVe Holding ApS.,"Vi har revideret Ã¥rsregnskabet for MVe Holding ApS for regnskabsÃ¥ret 1. juli 2014 - 30. juni 2015, der omfatter resultatopgÃ¸relse, balance, egenkapitalopgÃ¸relse og noter, herunder anvendt regnskabspraksis. Ãrsregnskabet udarbejdes efter Ã¥rsregnskabsloven.",Af de langfristede gÃ¦ldsforpligtelser forfalder 3.704 t.kr. senere end 5 Ã¥r fra balancedagen.,Ãrsrapport,"Det er endvidere min opfattelse, at ledelsesberetningen indeholder en retvisende redegÃ¸relse for de forhold, beretningen omhandler.",Michael Vestergaard,Michael Vestergaard,MVe Holding ApS,Ernst & Young Godkendt Revisionspartnerselskab,"Det er vores opfattelse, at Ã¥rsregnskabet giver et retvisende billede af selskabets aktiver, passiver og finansielle stilling pr. 30. juni 2015 samt af resultatet af selskabets aktiviteter for regnskabsÃ¥ret 1. juli 2014 - 30. juni 2015 i overensstemmelse med Ã¥rsregnskabsloven.","NÃ¸rresundby, den",-9683.0,1212191.0,Ãrsrapporten indstilles til generalforsamlingens godkendelse.,Aalborg,2015-06-30,2014-07-01,2015-11-30,"Aalborg, den","Ledelsen har ansvaret for udarbejdelsen af et Ã¥rsregnskab, der giver et retvisende billede i overensstemmelse med Ã¥rsregnskabsloven. Ledelsen har endvidere ansvaret for den interne kontrol, som ledelsen anser nÃ¸dvendig for at udarbejde et Ã¥rsregnskab uden vÃ¦sentlig fejlinformation, uanset om denne skyldes besvigelser eller fejl.","Vi har i henhold til Ã¥rsregnskabsloven gennemlÃ¦st ledelsesberetningen. Vi har ikke foretaget yderligere handlinger i tillÃ¦g til den udfÃ¸rte revision af Ã¥rsregnskabet. Det er pÃ¥ denne baggrund vores opfattelse, at oplysningerne i ledelsesberetningen er i overensstemmelse med Ã¥rsregnskabet.",29100065.0,direktÃ¸r,RevisionspÃ¥tegning,urn:ofk:oid:21741930,indberetninger-20180424,2.5097437,32450989.0,,2018-03-30T19:12:37.829Z,2015-12-04T07:40:58.988Z,regnskab,0.0,,2015-06-30,2014-07-01,X15-AK-99-VN,2015-12-04T07:40:59.395Z,,,,,,,,,,,,,,,,,,,,,,,,,,,,,,,,,,,,,,,,,,,,,,,,,,,,,,,KayerÃ¸dsagade 2 ApS,NÃ¸rresundby,
32450989,2014-07-01,2015-06-30,c76,,http://regnskaber.virk.dk/98905423/ZG9rdW1lbnRsYWdlcjovLzAzL2M2LzhhL2ZjL2M0LzA2NDgtNDY1NS04NmE4LWIxMGE1NzkyZmU1Mw.pdf,http://regnskaber.virk.dk/98905423/ZG9rdW1lbnRsYWdlcjovLzAzLzc0LzJiLzcyL2IxL2NhY2QtNGQxMy05MGZhLTA3ZWQyYTM0NWVjNg.xml,50000.0,Aalborg,9100.0,1A,Vestre Havnepromenade,NÃ¸rresundby,9400.0,16.0,Ãstre FÃ¦lledvej,"Postboks 710, 9100 Aalborg",Vestre Havnepromenade 1A,Til kapitalejerne i MVe Holding ApS,Regnskabsklasse B,Ãrsrapporten aflÃ¦gges i overensstemmelse med Ã¥rsregnskabsloven.,"Det er min opfattelse, at Ã¥rsregnskabet giver et retvisende billede af selskabets aktiver, passiver og finansielle stilling pr. 30. juni 2015 samt af resultatet af selskabets aktiviteter for regnskabsÃ¥ret 1. juli 2014 - 30. juni 2015.",2015-11-30,2015-11-30,2009-09-16,2015-11-30,75654.0,"Selskabets resultatopgÃ¸relse for 2014/15 udviser et overskud pÃ¥ kr. 1.606.975 mod kr. 2.026.272 sidste Ã¥r, og selskabets balance pr. 30. juni 2015 udviser en egenkapital pÃ¥ kr. 10.011.802.  Ledelsen anser Ã¥rets resultat for tilfredsstillende.",ForeslÃ¥et udbytte indregnes som en forpligtelse pÃ¥ tidspunktet for vedtagelse pÃ¥ den ordinÃ¦re generalforsamling (deklareringstidspunktet).,VÃ¦rdipapirer mÃ¥les til dagsvÃ¦rdi pÃ¥ balancedagen.,"Andre eksterne omkostninger omfatter omkostninger vedrÃ¸rende virksomhedens primÃ¦re aktivitet, der er afholdt i Ã¥rets lÃ¸b, herunder omkostninger til distribution, salg, reklame, administration, lokaler, tab pÃ¥ debitorer, ydelser pÃ¥ operationelle leasingkontrakter m.v.","Finansielle indtÃ¦gter og omkostninger indregnes i resultatopgÃ¸relsen med de belÃ¸b, der vedrÃ¸rer regnskabsÃ¥ret. Finansielle poster omfatter renteindtÃ¦gter og -omkostninger samt tillÃ¦g og godtgÃ¸relse under acontoskatteordningen m.v.",Posten omfatter den forholdsmÃ¦ssige andel af resultat efter skat i dattervirksomheder efter eliminering af interne avancer eller tab og fratrukket af- og nedskrivning pÃ¥ goodwill og andre mervÃ¦rdier pÃ¥ erhvervelsestidspunktet.,"Tilgodehavender mÃ¥les til amortiseret kostpris, der sÃ¦dvanligvis svarer til nominel vÃ¦rdi. Der foretages nedskrivning til imÃ¸degÃ¥else af tab baseret pÃ¥ en objektiv indikation pÃ¥, at et tilgodehavende eller en gruppe af tilgodehavender er vÃ¦rdiforringet. Nedskrivning foretages til nettorealisationsvÃ¦rdi, hvis denne er lavere end regnskabsmÃ¦ssig vÃ¦rdi.",Selskabets formÃ¥l er investering i vÃ¦rdipapirer og investering i og udvikling af fast ejendom samt efter direktionens skÃ¸n hermed beslÃ¦gtet virksomhed.,Der er efter regnskabsÃ¥rets afslutning ikke indtruffet betydningsfulde hÃ¦ndelser.,50000.0,49200.0,Ãrsregnskabet er aflagt efter samme regnskabspraksis som sidste Ã¥r.,32450989.0,30700228.0,Direktionen har dags dato behandlet og godkendt Ã¥rsrapporten for regnskabsÃ¥ret 1. juli 2014 - 30. juni 2015 for MVe Holding ApS.,"Vi har revideret Ã¥rsregnskabet for MVe Holding ApS for regnskabsÃ¥ret 1. juli 2014 - 30. juni 2015, der omfatter resultatopgÃ¸relse, balance, egenkapitalopgÃ¸relse og noter, herunder anvendt regnskabspraksis. Ãrsregnskabet udarbejdes efter Ã¥rsregnskabsloven.",Af de langfristede gÃ¦ldsforpligtelser forfalder 3.704 t.kr. senere end 5 Ã¥r fra balancedagen.,Ãrsrapport,"Det er endvidere min opfattelse, at ledelsesberetningen indeholder en retvisende redegÃ¸relse for de forhold, beretningen omhandler.",Michael Vestergaard,Michael Vestergaard,MVe Holding ApS,Ernst & Young Godkendt Revisionspartnerselskab,"Det er vores opfattelse, at Ã¥rsregnskabet giver et retvisende billede af selskabets aktiver, passiver og finansielle stilling pr. 30. juni 2015 samt af resultatet af selskabets aktiviteter for regnskabsÃ¥ret 1. juli 2014 - 30. juni 2015 i overensstemmelse med Ã¥rsregnskabsloven.","NÃ¸rresundby, den",,1212191.0,Ãrsrapporten indstilles til generalforsamlingens godkendelse.,Aalborg,2015-06-30,2014-07-01,2015-11-30,"Aalborg, den","Ledelsen har ansvaret for udarbejdelsen af et Ã¥rsregnskab, der giver et retvisende billede i overensstemmelse med Ã¥rsregnskabsloven. Ledelsen har endvidere ansvaret for den interne kontrol, som ledelsen anser nÃ¸dvendig for at udarbejde et Ã¥rsregnskab uden vÃ¦sentlig fejlinformation, uanset om denne skyldes besvigelser eller fejl.","Vi har i henhold til Ã¥rsregnskabsloven gennemlÃ¦st ledelsesberetningen. Vi har ikke foretaget yderligere handlinger i tillÃ¦g til den udfÃ¸rte revision af Ã¥rsregnskabet. Det er pÃ¥ denne baggrund vores opfattelse, at oplysningerne i ledelsesberetningen er i overensstemmelse med Ã¥rsregnskabet.",29100065.0,direktÃ¸r,RevisionspÃ¥tegning,urn:ofk:oid:21741930,indberetninger-20180424,2.5097437,32450989.0,,2018-03-30T19:12:37.829Z,2015-12-04T07:40:58.988Z,regnskab,0.0,,2015-06-30,2014-07-01,X15-AK-99-VN,2015-12-04T07:40:59.395Z,,,,,,,,,,,,,,,,,,,,,,,,,,,,,,,,,,,,,,,,,,,,,,,,,,,,,,,,,
32450989,2015-06-30,2015-06-30,c223,,http://regnskaber.virk.dk/98905423/ZG9rdW1lbnRsYWdlcjovLzAzL2M2LzhhL2ZjL2M0LzA2NDgtNDY1NS04NmE4LWIxMGE1NzkyZmU1Mw.pdf,http://regnskaber.virk.dk/98905423/ZG9rdW1lbnRsYWdlcjovLzAzLzc0LzJiLzcyL2IxL2NhY2QtNGQxMy05MGZhLTA3ZWQyYTM0NWVjNg.xml,50000.0,Aalborg,9100.0,1A,Vestre Havnepromenade,NÃ¸rresundby,9400.0,16.0,Ãstre FÃ¦lledvej,"Postboks 710, 9100 Aalborg",Vestre Havnepromenade 1A,Til kapitalejerne i MVe Holding ApS,Regnskabsklasse B,Ãrsrapporten aflÃ¦gges i overensstemmelse med Ã¥rsregnskabsloven.,"Det er min opfattelse, at Ã¥rsregnskabet giver et retvisende billede af selskabets aktiver, passiver og finansielle stilling pr. 30. juni 2015 samt af resultatet af selskabets aktiviteter for regnskabsÃ¥ret 1. juli 2014 - 30. juni 2015.",2015-11-30,2015-11-30,2009-09-16,2015-11-30,75654.0,"Selskabets resultatopgÃ¸relse for 2014/15 udviser et overskud pÃ¥ kr. 1.606.975 mod kr. 2.026.272 sidste Ã¥r, og selskabets balance pr. 30. juni 2015 udviser en egenkapital pÃ¥ kr. 10.011.802.  Ledelsen anser Ã¥rets resultat for tilfredsstillende.",ForeslÃ¥et udbytte indregnes som en forpligtelse pÃ¥ tidspunktet for vedtagelse pÃ¥ den ordinÃ¦re generalforsamling (deklareringstidspunktet).,VÃ¦rdipapirer mÃ¥les til dagsvÃ¦rdi pÃ¥ balancedagen.,"Andre eksterne omkostninger omfatter omkostninger vedrÃ¸rende virksomhedens primÃ¦re aktivitet, der er afholdt i Ã¥rets lÃ¸b, herunder omkostninger til distribution, salg, reklame, administration, lokaler, tab pÃ¥ debitorer, ydelser pÃ¥ operationelle leasingkontrakter m.v.","Finansielle indtÃ¦gter og omkostninger indregnes i resultatopgÃ¸relsen med de belÃ¸b, der vedrÃ¸rer regnskabsÃ¥ret. Finansielle poster omfatter renteindtÃ¦gter og -omkostninger samt tillÃ¦g og godtgÃ¸relse under acontoskatteordningen m.v.",Posten omfatter den forholdsmÃ¦ssige andel af resultat efter skat i dattervirksomheder efter eliminering af interne avancer eller tab og fratrukket af- og nedskrivning pÃ¥ goodwill og andre mervÃ¦rdier pÃ¥ erhvervelsestidspunktet.,"Tilgodehavender mÃ¥les til amortiseret kostpris, der sÃ¦dvanligvis svarer til nominel vÃ¦rdi. Der foretages nedskrivning til imÃ¸degÃ¥else af tab baseret pÃ¥ en objektiv indikation pÃ¥, at et tilgodehavende eller en gruppe af tilgodehavender er vÃ¦rdiforringet. Nedskrivning foretages til nettorealisationsvÃ¦rdi, hvis denne er lavere end regnskabsmÃ¦ssig vÃ¦rdi.",Selskabets formÃ¥l er investering i vÃ¦rdipapirer og investering i og udvikling af fast ejendom samt efter direktionens skÃ¸n hermed beslÃ¦gtet virksomhed.,Der er efter regnskabsÃ¥rets afslutning ikke indtruffet betydningsfulde hÃ¦ndelser.,50000.0,49200.0,Ãrsregnskabet er aflagt efter samme regnskabspraksis som sidste Ã¥r.,32450989.0,30700228.0,Direktionen har dags dato behandlet og godkendt Ã¥rsrapporten for regnskabsÃ¥ret 1. juli 2014 - 30. juni 2015 for MVe Holding ApS.,"Vi har revideret Ã¥rsregnskabet for MVe Holding ApS for regnskabsÃ¥ret 1. juli 2014 - 30. juni 2015, der omfatter resultatopgÃ¸relse, balance, egenkapitalopgÃ¸relse og noter, herunder anvendt regnskabspraksis. Ãrsregnskabet udarbejdes efter Ã¥rsregnskabsloven.",Af de langfristede gÃ¦ldsforpligtelser forfalder 3.704 t.kr. senere end 5 Ã¥r fra balancedagen.,Ãrsrapport,"Det er endvidere min opfattelse, at ledelsesberetningen indeholder en retvisende redegÃ¸relse for de forhold, beretningen omhandler.",Michael Vestergaard,Michael Vestergaard,MVe Holding ApS,Ernst & Young Godkendt Revisionspartnerselskab,"Det er vores opfattelse, at Ã¥rsregnskabet giver et retvisende billede af selskabets aktiver, passiver og finansielle stilling pr. 30. juni 2015 samt af resultatet af selskabets aktiviteter for regnskabsÃ¥ret 1. juli 2014 - 30. juni 2015 i overensstemmelse med Ã¥rsregnskabsloven.","NÃ¸rresundby, den",,1212191.0,Ãrsrapporten indstilles til generalforsamlingens godkendelse.,Aalborg,2015-06-30,2014-07-01,2015-11-30,"Aalborg, den","Ledelsen har ansvaret for udarbejdelsen af et Ã¥rsregnskab, der giver et retvisende billede i overensstemmelse med Ã¥rsregnskabsloven. Ledelsen har endvidere ansvaret for den interne kontrol, som ledelsen anser nÃ¸dvendig for at udarbejde et Ã¥rsregnskab uden vÃ¦sentlig fejlinformation, uanset om denne skyldes besvigelser eller fejl.","Vi har i henhold til Ã¥rsregnskabsloven gennemlÃ¦st ledelsesberetningen. Vi har ikke foretaget yderligere handlinger i tillÃ¦g til den udfÃ¸rte revision af Ã¥rsregnskabet. Det er pÃ¥ denne baggrund vores opfattelse, at oplysningerne i ledelsesberetningen er i overensstemmelse med Ã¥rsregnskabet.",29100065.0,direktÃ¸r,RevisionspÃ¥tegning,urn:ofk:oid:21741930,indberetninger-20180424,2.5097437,32450989.0,,2018-03-30T19:12:37.829Z,2015-12-04T07:40:58.988Z,regnskab,0.0,,2015-06-30,2014-07-01,X15-AK-99-VN,2015-12-04T07:40:59.395Z,,,,,,,,,,,,,,,,,,,,,,,,,,,,,,,,,,6518323.0,,,,,,,,,,,,,,,151308.0,6669631.0,,,,,,,
32450989,2015-06-30,2015-06-30,c265,,http://regnskaber.virk.dk/98905423/ZG9rdW1lbnRsYWdlcjovLzAzL2M2LzhhL2ZjL2M0LzA2NDgtNDY1NS04NmE4LWIxMGE1NzkyZmU1Mw.pdf,http://regnskaber.virk.dk/98905423/ZG9rdW1lbnRsYWdlcjovLzAzLzc0LzJiLzcyL2IxL2NhY2QtNGQxMy05MGZhLTA3ZWQyYTM0NWVjNg.xml,50000.0,Aalborg,9100.0,1A,Vestre Havnepromenade,NÃ¸rresundby,9400.0,16.0,Ãstre FÃ¦lledvej,"Postboks 710, 9100 Aalborg",Vestre Havnepromenade 1A,Til kapitalejerne i MVe Holding ApS,Regnskabsklasse B,Ãrsrapporten aflÃ¦gges i overensstemmelse med Ã¥rsregnskabsloven.,"Det er min opfattelse, at Ã¥rsregnskabet giver et retvisende billede af selskabets aktiver, passiver og finansielle stilling pr. 30. juni 2015 samt af resultatet af selskabets aktiviteter for regnskabsÃ¥ret 1. juli 2014 - 30. juni 2015.",2015-11-30,2015-11-30,2009-09-16,2015-11-30,75654.0,"Selskabets resultatopgÃ¸relse for 2014/15 udviser et overskud pÃ¥ kr. 1.606.975 mod kr. 2.026.272 sidste Ã¥r, og selskabets balance pr. 30. juni 2015 udviser en egenkapital pÃ¥ kr. 10.011.802.  Ledelsen anser Ã¥rets resultat for tilfredsstillende.",ForeslÃ¥et udbytte indregnes som en forpligtelse pÃ¥ tidspunktet for vedtagelse pÃ¥ den ordinÃ¦re generalforsamling (deklareringstidspunktet).,VÃ¦rdipapirer mÃ¥les til dagsvÃ¦rdi pÃ¥ balancedagen.,"Andre eksterne omkostninger omfatter omkostninger vedrÃ¸rende virksomhedens primÃ¦re aktivitet, der er afholdt i Ã¥rets lÃ¸b, herunder omkostninger til distribution, salg, reklame, administration, lokaler, tab pÃ¥ debitorer, ydelser pÃ¥ operationelle leasingkontrakter m.v.","Finansielle indtÃ¦gter og omkostninger indregnes i resultatopgÃ¸relsen med de belÃ¸b, der vedrÃ¸rer regnskabsÃ¥ret. Finansielle poster omfatter renteindtÃ¦gter og -omkostninger samt tillÃ¦g og godtgÃ¸relse under acontoskatteordningen m.v.",Posten omfatter den forholdsmÃ¦ssige andel af resultat efter skat i dattervirksomheder efter eliminering af interne avancer eller tab og fratrukket af- og nedskrivning pÃ¥ goodwill og andre mervÃ¦rdier pÃ¥ erhvervelsestidspunktet.,"Tilgodehavender mÃ¥les til amortiseret kostpris, der sÃ¦dvanligvis svarer til nominel vÃ¦rdi. Der foretages nedskrivning til imÃ¸degÃ¥else af tab baseret pÃ¥ en objektiv indikation pÃ¥, at et tilgodehavende eller en gruppe af tilgodehavender er vÃ¦rdiforringet. Nedskrivning foretages til nettorealisationsvÃ¦rdi, hvis denne er lavere end regnskabsmÃ¦ssig vÃ¦rdi.",Selskabets formÃ¥l er investering i vÃ¦rdipapirer og investering i og udvikling af fast ejendom samt efter direktionens skÃ¸n hermed beslÃ¦gtet virksomhed.,Der er efter regnskabsÃ¥rets afslutning ikke indtruffet betydningsfulde hÃ¦ndelser.,50000.0,49200.0,Ãrsregnskabet er aflagt efter samme regnskabspraksis som sidste Ã¥r.,32450989.0,30700228.0,Direktionen har dags dato behandlet og godkendt Ã¥rsrapporten for regnskabsÃ¥ret 1. juli 2014 - 30. juni 2015 for MVe Holding ApS.,"Vi har revideret Ã¥rsregnskabet for MVe Holding ApS for regnskabsÃ¥ret 1. juli 2014 - 30. juni 2015, der omfatter resultatopgÃ¸relse, balance, egenkapitalopgÃ¸relse og noter, herunder anvendt regnskabspraksis. Ãrsregnskabet udarbejdes efter Ã¥rsregnskabsloven.",Af de langfristede gÃ¦ldsforpligtelser forfalder 3.704 t.kr. senere end 5 Ã¥r fra balancedagen.,Ãrsrapport,"Det er endvidere min opfattelse, at ledelsesberetningen indeholder en retvisende redegÃ¸relse for de forhold, beretningen omhandler.",Michael Vestergaard,Michael Vestergaard,MVe Holding ApS,Ernst & Young Godkendt Revisionspartnerselskab,"Det er vores opfattelse, at Ã¥rsregnskabet giver et retvisende billede af selskabets aktiver, passiver og finansielle stilling pr. 30. juni 2015 samt af resultatet af selskabets aktiviteter for regnskabsÃ¥ret 1. juli 2014 - 30. juni 2015 i overensstemmelse med Ã¥rsregnskabsloven.","NÃ¸rresundby, den",,1212191.0,Ãrsrapporten indstilles til generalforsamlingens godkendelse.,Aalborg,2015-06-30,2014-07-01,2015-11-30,"Aalborg, den","Ledelsen har ansvaret for udarbejdelsen af et Ã¥rsregnskab, der giver et retvisende billede i overensstemmelse med Ã¥rsregnskabsloven. Ledelsen har endvidere ansvaret for den interne kontrol, som ledelsen anser nÃ¸dvendig for at udarbejde et Ã¥rsregnskab uden vÃ¦sentlig fejlinformation, uanset om denne skyldes besvigelser eller fejl.","Vi har i henhold til Ã¥rsregnskabsloven gennemlÃ¦st ledelsesberetningen. Vi har ikke foretaget yderligere handlinger i tillÃ¦g til den udfÃ¸rte revision af Ã¥rsregnskabet. Det er pÃ¥ denne baggrund vores opfattelse, at oplysningerne i ledelsesberetningen er i overensstemmelse med Ã¥rsregnskabet.",29100065.0,direktÃ¸r,RevisionspÃ¥tegning,urn:ofk:oid:21741930,indberetninger-20180424,2.5097437,32450989.0,,2018-03-30T19:12:37.829Z,2015-12-04T07:40:58.988Z,regnskab,0.0,,2015-06-30,2014-07-01,X15-AK-99-VN,2015-12-04T07:40:59.395Z,,,,,,,,,,,,,,,,,,,,,,,,,5630014.0,,,,,,,,,,,,,,,,,,,,,,,,,,3918986.0,1711028.0,,,,,
32450989,2015-06-30,2015-06-30,c314,,http://regnskaber.virk.dk/98905423/ZG9rdW1lbnRsYWdlcjovLzAzL2M2LzhhL2ZjL2M0LzA2NDgtNDY1NS04NmE4LWIxMGE1NzkyZmU1Mw.pdf,http://regnskaber.virk.dk/98905423/ZG9rdW1lbnRsYWdlcjovLzAzLzc0LzJiLzcyL2IxL2NhY2QtNGQxMy05MGZhLTA3ZWQyYTM0NWVjNg.xml,50000.0,Aalborg,9100.0,1A,Vestre Havnepromenade,NÃ¸rresundby,9400.0,16.0,Ãstre FÃ¦lledvej,"Postboks 710, 9100 Aalborg",Vestre Havnepromenade 1A,Til kapitalejerne i MVe Holding ApS,Regnskabsklasse B,Ãrsrapporten aflÃ¦gges i overensstemmelse med Ã¥rsregnskabsloven.,"Det er min opfattelse, at Ã¥rsregnskabet giver et retvisende billede af selskabets aktiver, passiver og finansielle stilling pr. 30. juni 2015 samt af resultatet af selskabets aktiviteter for regnskabsÃ¥ret 1. juli 2014 - 30. juni 2015.",2015-11-30,2015-11-30,2009-09-16,2015-11-30,75654.0,"Selskabets resultatopgÃ¸relse for 2014/15 udviser et overskud pÃ¥ kr. 1.606.975 mod kr. 2.026.272 sidste Ã¥r, og selskabets balance pr. 30. juni 2015 udviser en egenkapital pÃ¥ kr. 10.011.802.  Ledelsen anser Ã¥rets resultat for tilfredsstillende.",ForeslÃ¥et udbytte indregnes som en forpligtelse pÃ¥ tidspunktet for vedtagelse pÃ¥ den ordinÃ¦re generalforsamling (deklareringstidspunktet).,VÃ¦rdipapirer mÃ¥les til dagsvÃ¦rdi pÃ¥ balancedagen.,"Andre eksterne omkostninger omfatter omkostninger vedrÃ¸rende virksomhedens primÃ¦re aktivitet, der er afholdt i Ã¥rets lÃ¸b, herunder omkostninger til distribution, salg, reklame, administration, lokaler, tab pÃ¥ debitorer, ydelser pÃ¥ operationelle leasingkontrakter m.v.","Finansielle indtÃ¦gter og omkostninger indregnes i resultatopgÃ¸relsen med de belÃ¸b, der vedrÃ¸rer regnskabsÃ¥ret. Finansielle poster omfatter renteindtÃ¦gter og -omkostninger samt tillÃ¦g og godtgÃ¸relse under acontoskatteordningen m.v.",Posten omfatter den forholdsmÃ¦ssige andel af resultat efter skat i dattervirksomheder efter eliminering af interne avancer eller tab og fratrukket af- og nedskrivning pÃ¥ goodwill og andre mervÃ¦rdier pÃ¥ erhvervelsestidspunktet.,"Tilgodehavender mÃ¥les til amortiseret kostpris, der sÃ¦dvanligvis svarer til nominel vÃ¦rdi. Der foretages nedskrivning til imÃ¸degÃ¥else af tab baseret pÃ¥ en objektiv indikation pÃ¥, at et tilgodehavende eller en gruppe af tilgodehavender er vÃ¦rdiforringet. Nedskrivning foretages til nettorealisationsvÃ¦rdi, hvis denne er lavere end regnskabsmÃ¦ssig vÃ¦rdi.",Selskabets formÃ¥l er investering i vÃ¦rdipapirer og investering i og udvikling af fast ejendom samt efter direktionens skÃ¸n hermed beslÃ¦gtet virksomhed.,Der er efter regnskabsÃ¥rets afslutning ikke indtruffet betydningsfulde hÃ¦ndelser.,50000.0,49200.0,Ãrsregnskabet er aflagt efter samme regnskabspraksis som sidste Ã¥r.,32450989.0,30700228.0,Direktionen har dags dato behandlet og godkendt Ã¥rsrapporten for regnskabsÃ¥ret 1. juli 2014 - 30. juni 2015 for MVe Holding ApS.,"Vi har revideret Ã¥rsregnskabet for MVe Holding ApS for regnskabsÃ¥ret 1. juli 2014 - 30. juni 2015, der omfatter resultatopgÃ¸relse, balance, egenkapitalopgÃ¸relse og noter, herunder anvendt regnskabspraksis. Ãrsregnskabet udarbejdes efter Ã¥rsregnskabsloven.",Af de langfristede gÃ¦ldsforpligtelser forfalder 3.704 t.kr. senere end 5 Ã¥r fra balancedagen.,Ãrsrapport,"Det er endvidere min opfattelse, at ledelsesberetningen indeholder en retvisende redegÃ¸relse for de forhold, beretningen omhandler.",Michael Vestergaard,Michael Vestergaard,MVe Holding ApS,Ernst & Young Godkendt Revisionspartnerselskab,"Det er vores opfattelse, at Ã¥rsregnskabet giver et retvisende billede af selskabets aktiver, passiver og finansielle stilling pr. 30. juni 2015 samt af resultatet af selskabets aktiviteter for regnskabsÃ¥ret 1. juli 2014 - 30. juni 2015 i overensstemmelse med Ã¥rsregnskabsloven.","NÃ¸rresundby, den",,1212191.0,Ãrsrapporten indstilles til generalforsamlingens godkendelse.,Aalborg,2015-06-30,2014-07-01,2015-11-30,"Aalborg, den","Ledelsen har ansvaret for udarbejdelsen af et Ã¥rsregnskab, der giver et retvisende billede i overensstemmelse med Ã¥rsregnskabsloven. Ledelsen har endvidere ansvaret for den interne kontrol, som ledelsen anser nÃ¸dvendig for at udarbejde et Ã¥rsregnskab uden vÃ¦sentlig fejlinformation, uanset om denne skyldes besvigelser eller fejl.","Vi har i henhold til Ã¥rsregnskabsloven gennemlÃ¦st ledelsesberetningen. Vi har ikke foretaget yderligere handlinger i tillÃ¦g til den udfÃ¸rte revision af Ã¥rsregnskabet. Det er pÃ¥ denne baggrund vores opfattelse, at oplysningerne i ledelsesberetningen er i overensstemmelse med Ã¥rsregnskabet.",29100065.0,direktÃ¸r,RevisionspÃ¥tegning,urn:ofk:oid:21741930,indberetninger-20180424,2.5097437,32450989.0,,2018-03-30T19:12:37.829Z,2015-12-04T07:40:58.988Z,regnskab,0.0,,2015-06-30,2014-07-01,X15-AK-99-VN,2015-12-04T07:40:59.395Z,,,,,,,,,,,,,,,,,,,,125000.0,,,,,,,,,,,,,,,,,,,,,,,,,,,,,,,,,,,,,
32450989,2015-06-30,2015-06-30,c341,,http://regnskaber.virk.dk/98905423/ZG9rdW1lbnRsYWdlcjovLzAzL2M2LzhhL2ZjL2M0LzA2NDgtNDY1NS04NmE4LWIxMGE1NzkyZmU1Mw.pdf,http://regnskaber.virk.dk/98905423/ZG9rdW1lbnRsYWdlcjovLzAzLzc0LzJiLzcyL2IxL2NhY2QtNGQxMy05MGZhLTA3ZWQyYTM0NWVjNg.xml,50000.0,Aalborg,9100.0,1A,Vestre Havnepromenade,NÃ¸rresundby,9400.0,16.0,Ãstre FÃ¦lledvej,"Postboks 710, 9100 Aalborg",Vestre Havnepromenade 1A,Til kapitalejerne i MVe Holding ApS,Regnskabsklasse B,Ãrsrapporten aflÃ¦gges i overensstemmelse med Ã¥rsregnskabsloven.,"Det er min opfattelse, at Ã¥rsregnskabet giver et retvisende billede af selskabets aktiver, passiver og finansielle stilling pr. 30. juni 2015 samt af resultatet af selskabets aktiviteter for regnskabsÃ¥ret 1. juli 2014 - 30. juni 2015.",2015-11-30,2015-11-30,2009-09-16,2015-11-30,75654.0,"Selskabets resultatopgÃ¸relse for 2014/15 udviser et overskud pÃ¥ kr. 1.606.975 mod kr. 2.026.272 sidste Ã¥r, og selskabets balance pr. 30. juni 2015 udviser en egenkapital pÃ¥ kr. 10.011.802.  Ledelsen anser Ã¥rets resultat for tilfredsstillende.",ForeslÃ¥et udbytte indregnes som en forpligtelse pÃ¥ tidspunktet for vedtagelse pÃ¥ den ordinÃ¦re generalforsamling (deklareringstidspunktet).,VÃ¦rdipapirer mÃ¥les til dagsvÃ¦rdi pÃ¥ balancedagen.,"Andre eksterne omkostninger omfatter omkostninger vedrÃ¸rende virksomhedens primÃ¦re aktivitet, der er afholdt i Ã¥rets lÃ¸b, herunder omkostninger til distribution, salg, reklame, administration, lokaler, tab pÃ¥ debitorer, ydelser pÃ¥ operationelle leasingkontrakter m.v.","Finansielle indtÃ¦gter og omkostninger indregnes i resultatopgÃ¸relsen med de belÃ¸b, der vedrÃ¸rer regnskabsÃ¥ret. Finansielle poster omfatter renteindtÃ¦gter og -omkostninger samt tillÃ¦g og godtgÃ¸relse under acontoskatteordningen m.v.",Posten omfatter den forholdsmÃ¦ssige andel af resultat efter skat i dattervirksomheder efter eliminering af interne avancer eller tab og fratrukket af- og nedskrivning pÃ¥ goodwill og andre mervÃ¦rdier pÃ¥ erhvervelsestidspunktet.,"Tilgodehavender mÃ¥les til amortiseret kostpris, der sÃ¦dvanligvis svarer til nominel vÃ¦rdi. Der foretages nedskrivning til imÃ¸degÃ¥else af tab baseret pÃ¥ en objektiv indikation pÃ¥, at et tilgodehavende eller en gruppe af tilgodehavender er vÃ¦rdiforringet. Nedskrivning foretages til nettorealisationsvÃ¦rdi, hvis denne er lavere end regnskabsmÃ¦ssig vÃ¦rdi.",Selskabets formÃ¥l er investering i vÃ¦rdipapirer og investering i og udvikling af fast ejendom samt efter direktionens skÃ¸n hermed beslÃ¦gtet virksomhed.,Der er efter regnskabsÃ¥rets afslutning ikke indtruffet betydningsfulde hÃ¦ndelser.,50000.0,49200.0,Ãrsregnskabet er aflagt efter samme regnskabspraksis som sidste Ã¥r.,32450989.0,30700228.0,Direktionen har dags dato behandlet og godkendt Ã¥rsrapporten for regnskabsÃ¥ret 1. juli 2014 - 30. juni 2015 for MVe Holding ApS.,"Vi har revideret Ã¥rsregnskabet for MVe Holding ApS for regnskabsÃ¥ret 1. juli 2014 - 30. juni 2015, der omfatter resultatopgÃ¸relse, balance, egenkapitalopgÃ¸relse og noter, herunder anvendt regnskabspraksis. Ãrsregnskabet udarbejdes efter Ã¥rsregnskabsloven.",Af de langfristede gÃ¦ldsforpligtelser forfalder 3.704 t.kr. senere end 5 Ã¥r fra balancedagen.,Ãrsrapport,"Det er endvidere min opfattelse, at ledelsesberetningen indeholder en retvisende redegÃ¸relse for de forhold, beretningen omhandler.",Michael Vestergaard,Michael Vestergaard,MVe Holding ApS,Ernst & Young Godkendt Revisionspartnerselskab,"Det er vores opfattelse, at Ã¥rsregnskabet giver et retvisende billede af selskabets aktiver, passiver og finansielle stilling pr. 30. juni 2015 samt af resultatet af selskabets aktiviteter for regnskabsÃ¥ret 1. juli 2014 - 30. juni 2015 i overensstemmelse med Ã¥rsregnskabsloven.","NÃ¸rresundby, den",,1212191.0,Ãrsrapporten indstilles til generalforsamlingens godkendelse.,Aalborg,2015-06-30,2014-07-01,2015-11-30,"Aalborg, den","Ledelsen har ansvaret for udarbejdelsen af et Ã¥rsregnskab, der giver et retvisende billede i overensstemmelse med Ã¥rsregnskabsloven. Ledelsen har endvidere ansvaret for den interne kontrol, som ledelsen anser nÃ¸dvendig for at udarbejde et Ã¥rsregnskab uden vÃ¦sentlig fejlinformation, uanset om denne skyldes besvigelser eller fejl.","Vi har i henhold til Ã¥rsregnskabsloven gennemlÃ¦st ledelsesberetningen. Vi har ikke foretaget yderligere handlinger i tillÃ¦g til den udfÃ¸rte revision af Ã¥rsregnskabet. Det er pÃ¥ denne baggrund vores opfattelse, at oplysningerne i ledelsesberetningen er i overensstemmelse med Ã¥rsregnskabet.",29100065.0,direktÃ¸r,RevisionspÃ¥tegning,urn:ofk:oid:21741930,indberetninger-20180424,2.5097437,32450989.0,,2018-03-30T19:12:37.829Z,2015-12-04T07:40:58.988Z,regnskab,0.0,,2015-06-30,2014-07-01,X15-AK-99-VN,2015-12-04T07:40:59.395Z,,,,,,,,,,,,,,,,,,,,5295015.0,,,,,,,,,,,,,,,,,,,,,,,,,,,,,,,,,,,,,
32450989,2015-06-30,2015-06-30,c353,,http://regnskaber.virk.dk/98905423/ZG9rdW1lbnRsYWdlcjovLzAzL2M2LzhhL2ZjL2M0LzA2NDgtNDY1NS04NmE4LWIxMGE1NzkyZmU1Mw.pdf,http://regnskaber.virk.dk/98905423/ZG9rdW1lbnRsYWdlcjovLzAzLzc0LzJiLzcyL2IxL2NhY2QtNGQxMy05MGZhLTA3ZWQyYTM0NWVjNg.xml,50000.0,Aalborg,9100.0,1A,Vestre Havnepromenade,NÃ¸rresundby,9400.0,16.0,Ãstre FÃ¦lledvej,"Postboks 710, 9100 Aalborg",Vestre Havnepromenade 1A,Til kapitalejerne i MVe Holding ApS,Regnskabsklasse B,Ãrsrapporten aflÃ¦gges i overensstemmelse med Ã¥rsregnskabsloven.,"Det er min opfattelse, at Ã¥rsregnskabet giver et retvisende billede af selskabets aktiver, passiver og finansielle stilling pr. 30. juni 2015 samt af resultatet af selskabets aktiviteter for regnskabsÃ¥ret 1. juli 2014 - 30. juni 2015.",2015-11-30,2015-11-30,2009-09-16,2015-11-30,75654.0,"Selskabets resultatopgÃ¸relse for 2014/15 udviser et overskud pÃ¥ kr. 1.606.975 mod kr. 2.026.272 sidste Ã¥r, og selskabets balance pr. 30. juni 2015 udviser en egenkapital pÃ¥ kr. 10.011.802.  Ledelsen anser Ã¥rets resultat for tilfredsstillende.",ForeslÃ¥et udbytte indregnes som en forpligtelse pÃ¥ tidspunktet for vedtagelse pÃ¥ den ordinÃ¦re generalforsamling (deklareringstidspunktet).,VÃ¦rdipapirer mÃ¥les til dagsvÃ¦rdi pÃ¥ balancedagen.,"Andre eksterne omkostninger omfatter omkostninger vedrÃ¸rende virksomhedens primÃ¦re aktivitet, der er afholdt i Ã¥rets lÃ¸b, herunder omkostninger til distribution, salg, reklame, administration, lokaler, tab pÃ¥ debitorer, ydelser pÃ¥ operationelle leasingkontrakter m.v.","Finansielle indtÃ¦gter og omkostninger indregnes i resultatopgÃ¸relsen med de belÃ¸b, der vedrÃ¸rer regnskabsÃ¥ret. Finansielle poster omfatter renteindtÃ¦gter og -omkostninger samt tillÃ¦g og godtgÃ¸relse under acontoskatteordningen m.v.",Posten omfatter den forholdsmÃ¦ssige andel af resultat efter skat i dattervirksomheder efter eliminering af interne avancer eller tab og fratrukket af- og nedskrivning pÃ¥ goodwill og andre mervÃ¦rdier pÃ¥ erhvervelsestidspunktet.,"Tilgodehavender mÃ¥les til amortiseret kostpris, der sÃ¦dvanligvis svarer til nominel vÃ¦rdi. Der foretages nedskrivning til imÃ¸degÃ¥else af tab baseret pÃ¥ en objektiv indikation pÃ¥, at et tilgodehavende eller en gruppe af tilgodehavender er vÃ¦rdiforringet. Nedskrivning foretages til nettorealisationsvÃ¦rdi, hvis denne er lavere end regnskabsmÃ¦ssig vÃ¦rdi.",Selskabets formÃ¥l er investering i vÃ¦rdipapirer og investering i og udvikling af fast ejendom samt efter direktionens skÃ¸n hermed beslÃ¦gtet virksomhed.,Der er efter regnskabsÃ¥rets afslutning ikke indtruffet betydningsfulde hÃ¦ndelser.,50000.0,49200.0,Ãrsregnskabet er aflagt efter samme regnskabspraksis som sidste Ã¥r.,32450989.0,30700228.0,Direktionen har dags dato behandlet og godkendt Ã¥rsrapporten for regnskabsÃ¥ret 1. juli 2014 - 30. juni 2015 for MVe Holding ApS.,"Vi har revideret Ã¥rsregnskabet for MVe Holding ApS for regnskabsÃ¥ret 1. juli 2014 - 30. juni 2015, der omfatter resultatopgÃ¸relse, balance, egenkapitalopgÃ¸relse og noter, herunder anvendt regnskabspraksis. Ãrsregnskabet udarbejdes efter Ã¥rsregnskabsloven.",Af de langfristede gÃ¦ldsforpligtelser forfalder 3.704 t.kr. senere end 5 Ã¥r fra balancedagen.,Ãrsrapport,"Det er endvidere min opfattelse, at ledelsesberetningen indeholder en retvisende redegÃ¸relse for de forhold, beretningen omhandler.",Michael Vestergaard,Michael Vestergaard,MVe Holding ApS,Ernst & Young Godkendt Revisionspartnerselskab,"Det er vores opfattelse, at Ã¥rsregnskabet giver et retvisende billede af selskabets aktiver, passiver og finansielle stilling pr. 30. juni 2015 samt af resultatet af selskabets aktiviteter for regnskabsÃ¥ret 1. juli 2014 - 30. juni 2015 i overensstemmelse med Ã¥rsregnskabsloven.","NÃ¸rresundby, den",,1212191.0,Ãrsrapporten indstilles til generalforsamlingens godkendelse.,Aalborg,2015-06-30,2014-07-01,2015-11-30,"Aalborg, den","Ledelsen har ansvaret for udarbejdelsen af et Ã¥rsregnskab, der giver et retvisende billede i overensstemmelse med Ã¥rsregnskabsloven. Ledelsen har endvidere ansvaret for den interne kontrol, som ledelsen anser nÃ¸dvendig for at udarbejde et Ã¥rsregnskab uden vÃ¦sentlig fejlinformation, uanset om denne skyldes besvigelser eller fejl.","Vi har i henhold til Ã¥rsregnskabsloven gennemlÃ¦st ledelsesberetningen. Vi har ikke foretaget yderligere handlinger i tillÃ¦g til den udfÃ¸rte revision af Ã¥rsregnskabet. Det er pÃ¥ denne baggrund vores opfattelse, at oplysningerne i ledelsesberetningen er i overensstemmelse med Ã¥rsregnskabet.",29100065.0,direktÃ¸r,RevisionspÃ¥tegning,urn:ofk:oid:21741930,indberetninger-20180424,2.5097437,32450989.0,,2018-03-30T19:12:37.829Z,2015-12-04T07:40:58.988Z,regnskab,0.0,,2015-06-30,2014-07-01,X15-AK-99-VN,2015-12-04T07:40:59.395Z,,,,,,,,,,,,,,,,,,,,4541787.0,,,,,,,,,,,,,,,,,,,,,,,,,,,,,,,,,,,,,
32450989,2015-06-30,2015-06-30,c359,,http://regnskaber.virk.dk/98905423/ZG9rdW1lbnRsYWdlcjovLzAzL2M2LzhhL2ZjL2M0LzA2NDgtNDY1NS04NmE4LWIxMGE1NzkyZmU1Mw.pdf,http://regnskaber.virk.dk/98905423/ZG9rdW1lbnRsYWdlcjovLzAzLzc0LzJiLzcyL2IxL2NhY2QtNGQxMy05MGZhLTA3ZWQyYTM0NWVjNg.xml,50000.0,Aalborg,9100.0,1A,Vestre Havnepromenade,NÃ¸rresundby,9400.0,16.0,Ãstre FÃ¦lledvej,"Postboks 710, 9100 Aalborg",Vestre Havnepromenade 1A,Til kapitalejerne i MVe Holding ApS,Regnskabsklasse B,Ãrsrapporten aflÃ¦gges i overensstemmelse med Ã¥rsregnskabsloven.,"Det er min opfattelse, at Ã¥rsregnskabet giver et retvisende billede af selskabets aktiver, passiver og finansielle stilling pr. 30. juni 2015 samt af resultatet af selskabets aktiviteter for regnskabsÃ¥ret 1. juli 2014 - 30. juni 2015.",2015-11-30,2015-11-30,2009-09-16,2015-11-30,75654.0,"Selskabets resultatopgÃ¸relse for 2014/15 udviser et overskud pÃ¥ kr. 1.606.975 mod kr. 2.026.272 sidste Ã¥r, og selskabets balance pr. 30. juni 2015 udviser en egenkapital pÃ¥ kr. 10.011.802.  Ledelsen anser Ã¥rets resultat for tilfredsstillende.",ForeslÃ¥et udbytte indregnes som en forpligtelse pÃ¥ tidspunktet for vedtagelse pÃ¥ den ordinÃ¦re generalforsamling (deklareringstidspunktet).,VÃ¦rdipapirer mÃ¥les til dagsvÃ¦rdi pÃ¥ balancedagen.,"Andre eksterne omkostninger omfatter omkostninger vedrÃ¸rende virksomhedens primÃ¦re aktivitet, der er afholdt i Ã¥rets lÃ¸b, herunder omkostninger til distribution, salg, reklame, administration, lokaler, tab pÃ¥ debitorer, ydelser pÃ¥ operationelle leasingkontrakter m.v.","Finansielle indtÃ¦gter og omkostninger indregnes i resultatopgÃ¸relsen med de belÃ¸b, der vedrÃ¸rer regnskabsÃ¥ret. Finansielle poster omfatter renteindtÃ¦gter og -omkostninger samt tillÃ¦g og godtgÃ¸relse under acontoskatteordningen m.v.",Posten omfatter den forholdsmÃ¦ssige andel af resultat efter skat i dattervirksomheder efter eliminering af interne avancer eller tab og fratrukket af- og nedskrivning pÃ¥ goodwill og andre mervÃ¦rdier pÃ¥ erhvervelsestidspunktet.,"Tilgodehavender mÃ¥les til amortiseret kostpris, der sÃ¦dvanligvis svarer til nominel vÃ¦rdi. Der foretages nedskrivning til imÃ¸degÃ¥else af tab baseret pÃ¥ en objektiv indikation pÃ¥, at et tilgodehavende eller en gruppe af tilgodehavender er vÃ¦rdiforringet. Nedskrivning foretages til nettorealisationsvÃ¦rdi, hvis denne er lavere end regnskabsmÃ¦ssig vÃ¦rdi.",Selskabets formÃ¥l er investering i vÃ¦rdipapirer og investering i og udvikling af fast ejendom samt efter direktionens skÃ¸n hermed beslÃ¦gtet virksomhed.,Der er efter regnskabsÃ¥rets afslutning ikke indtruffet betydningsfulde hÃ¦ndelser.,50000.0,49200.0,Ãrsregnskabet er aflagt efter samme regnskabspraksis som sidste Ã¥r.,32450989.0,30700228.0,Direktionen har dags dato behandlet og godkendt Ã¥rsrapporten for regnskabsÃ¥ret 1. juli 2014 - 30. juni 2015 for MVe Holding ApS.,"Vi har revideret Ã¥rsregnskabet for MVe Holding ApS for regnskabsÃ¥ret 1. juli 2014 - 30. juni 2015, der omfatter resultatopgÃ¸relse, balance, egenkapitalopgÃ¸relse og noter, herunder anvendt regnskabspraksis. Ãrsregnskabet udarbejdes efter Ã¥rsregnskabsloven.",Af de langfristede gÃ¦ldsforpligtelser forfalder 3.704 t.kr. senere end 5 Ã¥r fra balancedagen.,Ãrsrapport,"Det er endvidere min opfattelse, at ledelsesberetningen indeholder en retvisende redegÃ¸relse for de forhold, beretningen omhandler.",Michael Vestergaard,Michael Vestergaard,MVe Holding ApS,Ernst & Young Godkendt Revisionspartnerselskab,"Det er vores opfattelse, at Ã¥rsregnskabet giver et retvisende billede af selskabets aktiver, passiver og finansielle stilling pr. 30. juni 2015 samt af resultatet af selskabets aktiviteter for regnskabsÃ¥ret 1. juli 2014 - 30. juni 2015 i overensstemmelse med Ã¥rsregnskabsloven.","NÃ¸rresundby, den",,1212191.0,Ãrsrapporten indstilles til generalforsamlingens godkendelse.,Aalborg,2015-06-30,2014-07-01,2015-11-30,"Aalborg, den","Ledelsen har ansvaret for udarbejdelsen af et Ã¥rsregnskab, der giver et retvisende billede i overensstemmelse med Ã¥rsregnskabsloven. Ledelsen har endvidere ansvaret for den interne kontrol, som ledelsen anser nÃ¸dvendig for at udarbejde et Ã¥rsregnskab uden vÃ¦sentlig fejlinformation, uanset om denne skyldes besvigelser eller fejl.","Vi har i henhold til Ã¥rsregnskabsloven gennemlÃ¦st ledelsesberetningen. Vi har ikke foretaget yderligere handlinger i tillÃ¦g til den udfÃ¸rte revision af Ã¥rsregnskabet. Det er pÃ¥ denne baggrund vores opfattelse, at oplysningerne i ledelsesberetningen er i overensstemmelse med Ã¥rsregnskabet.",29100065.0,direktÃ¸r,RevisionspÃ¥tegning,urn:ofk:oid:21741930,indberetninger-20180424,2.5097437,32450989.0,,2018-03-30T19:12:37.829Z,2015-12-04T07:40:58.988Z,regnskab,0.0,,2015-06-30,2014-07-01,X15-AK-99-VN,2015-12-04T07:40:59.395Z,,,,,,,,,,,,,,,,,,,,50000.0,,,,,,,,,,,,,,,,,,,,,,,,,,,,,,,,,,,,,
32450989,2015-06-30,2015-06-30,c652,,http://regnskaber.virk.dk/98905423/ZG9rdW1lbnRsYWdlcjovLzAzL2M2LzhhL2ZjL2M0LzA2NDgtNDY1NS04NmE4LWIxMGE1NzkyZmU1Mw.pdf,http://regnskaber.virk.dk/98905423/ZG9rdW1lbnRsYWdlcjovLzAzLzc0LzJiLzcyL2IxL2NhY2QtNGQxMy05MGZhLTA3ZWQyYTM0NWVjNg.xml,50000.0,Aalborg,9100.0,1A,Vestre Havnepromenade,NÃ¸rresundby,9400.0,16.0,Ãstre FÃ¦lledvej,"Postboks 710, 9100 Aalborg",Vestre Havnepromenade 1A,Til kapitalejerne i MVe Holding ApS,Regnskabsklasse B,Ãrsrapporten aflÃ¦gges i overensstemmelse med Ã¥rsregnskabsloven.,"Det er min opfattelse, at Ã¥rsregnskabet giver et retvisende billede af selskabets aktiver, passiver og finansielle stilling pr. 30. juni 2015 samt af resultatet af selskabets aktiviteter for regnskabsÃ¥ret 1. juli 2014 - 30. juni 2015.",2015-11-30,2015-11-30,2009-09-16,2015-11-30,75654.0,"Selskabets resultatopgÃ¸relse for 2014/15 udviser et overskud pÃ¥ kr. 1.606.975 mod kr. 2.026.272 sidste Ã¥r, og selskabets balance pr. 30. juni 2015 udviser en egenkapital pÃ¥ kr. 10.011.802.  Ledelsen anser Ã¥rets resultat for tilfredsstillende.",ForeslÃ¥et udbytte indregnes som en forpligtelse pÃ¥ tidspunktet for vedtagelse pÃ¥ den ordinÃ¦re generalforsamling (deklareringstidspunktet).,VÃ¦rdipapirer mÃ¥les til dagsvÃ¦rdi pÃ¥ balancedagen.,"Andre eksterne omkostninger omfatter omkostninger vedrÃ¸rende virksomhedens primÃ¦re aktivitet, der er afholdt i Ã¥rets lÃ¸b, herunder omkostninger til distribution, salg, reklame, administration, lokaler, tab pÃ¥ debitorer, ydelser pÃ¥ operationelle leasingkontrakter m.v.","Finansielle indtÃ¦gter og omkostninger indregnes i resultatopgÃ¸relsen med de belÃ¸b, der vedrÃ¸rer regnskabsÃ¥ret. Finansielle poster omfatter renteindtÃ¦gter og -omkostninger samt tillÃ¦g og godtgÃ¸relse under acontoskatteordningen m.v.",Posten omfatter den forholdsmÃ¦ssige andel af resultat efter skat i dattervirksomheder efter eliminering af interne avancer eller tab og fratrukket af- og nedskrivning pÃ¥ goodwill og andre mervÃ¦rdier pÃ¥ erhvervelsestidspunktet.,"Tilgodehavender mÃ¥les til amortiseret kostpris, der sÃ¦dvanligvis svarer til nominel vÃ¦rdi. Der foretages nedskrivning til imÃ¸degÃ¥else af tab baseret pÃ¥ en objektiv indikation pÃ¥, at et tilgodehavende eller en gruppe af tilgodehavender er vÃ¦rdiforringet. Nedskrivning foretages til nettorealisationsvÃ¦rdi, hvis denne er lavere end regnskabsmÃ¦ssig vÃ¦rdi.",Selskabets formÃ¥l er investering i vÃ¦rdipapirer og investering i og udvikling af fast ejendom samt efter direktionens skÃ¸n hermed beslÃ¦gtet virksomhed.,Der er efter regnskabsÃ¥rets afslutning ikke indtruffet betydningsfulde hÃ¦ndelser.,50000.0,49200.0,Ãrsregnskabet er aflagt efter samme regnskabspraksis som sidste Ã¥r.,32450989.0,30700228.0,Direktionen har dags dato behandlet og godkendt Ã¥rsrapporten for regnskabsÃ¥ret 1. juli 2014 - 30. juni 2015 for MVe Holding ApS.,"Vi har revideret Ã¥rsregnskabet for MVe Holding ApS for regnskabsÃ¥ret 1. juli 2014 - 30. juni 2015, der omfatter resultatopgÃ¸relse, balance, egenkapitalopgÃ¸relse og noter, herunder anvendt regnskabspraksis. Ãrsregnskabet udarbejdes efter Ã¥rsregnskabsloven.",Af de langfristede gÃ¦ldsforpligtelser forfalder 3.704 t.kr. senere end 5 Ã¥r fra balancedagen.,Ãrsrapport,"Det er endvidere min opfattelse, at ledelsesberetningen indeholder en retvisende redegÃ¸relse for de forhold, beretningen omhandler.",Michael Vestergaard,Michael Vestergaard,MVe Holding ApS,Ernst & Young Godkendt Revisionspartnerselskab,"Det er vores opfattelse, at Ã¥rsregnskabet giver et retvisende billede af selskabets aktiver, passiver og finansielle stilling pr. 30. juni 2015 samt af resultatet af selskabets aktiviteter for regnskabsÃ¥ret 1. juli 2014 - 30. juni 2015 i overensstemmelse med Ã¥rsregnskabsloven.","NÃ¸rresundby, den",,1212191.0,Ãrsrapporten indstilles til generalforsamlingens godkendelse.,Aalborg,2015-06-30,2014-07-01,2015-11-30,"Aalborg, den","Ledelsen har ansvaret for udarbejdelsen af et Ã¥rsregnskab, der giver et retvisende billede i overensstemmelse med Ã¥rsregnskabsloven. Ledelsen har endvidere ansvaret for den interne kontrol, som ledelsen anser nÃ¸dvendig for at udarbejde et Ã¥rsregnskab uden vÃ¦sentlig fejlinformation, uanset om denne skyldes besvigelser eller fejl.","Vi har i henhold til Ã¥rsregnskabsloven gennemlÃ¦st ledelsesberetningen. Vi har ikke foretaget yderligere handlinger i tillÃ¦g til den udfÃ¸rte revision af Ã¥rsregnskabet. Det er pÃ¥ denne baggrund vores opfattelse, at oplysningerne i ledelsesberetningen er i overensstemmelse med Ã¥rsregnskabet.",29100065.0,direktÃ¸r,RevisionspÃ¥tegning,urn:ofk:oid:21741930,indberetninger-20180424,2.5097437,32450989.0,,2018-03-30T19:12:37.829Z,2015-12-04T07:40:58.988Z,regnskab,0.0,,2015-06-30,2014-07-01,X15-AK-99-VN,2015-12-04T07:40:59.395Z,,,,,,,,,,,,,,,,,,,,3518880.0,,,,,,,,,,,,,,,,,,,,,,,,,,,,,,,,,,,,,100.0
32450989,2015-06-30,2015-06-30,c653,,http://regnskaber.virk.dk/98905423/ZG9rdW1lbnRsYWdlcjovLzAzL2M2LzhhL2ZjL2M0LzA2NDgtNDY1NS04NmE4LWIxMGE1NzkyZmU1Mw.pdf,http://regnskaber.virk.dk/98905423/ZG9rdW1lbnRsYWdlcjovLzAzLzc0LzJiLzcyL2IxL2NhY2QtNGQxMy05MGZhLTA3ZWQyYTM0NWVjNg.xml,50000.0,Aalborg,9100.0,1A,Vestre Havnepromenade,NÃ¸rresundby,9400.0,16.0,Ãstre FÃ¦lledvej,"Postboks 710, 9100 Aalborg",Vestre Havnepromenade 1A,Til kapitalejerne i MVe Holding ApS,Regnskabsklasse B,Ãrsrapporten aflÃ¦gges i overensstemmelse med Ã¥rsregnskabsloven.,"Det er min opfattelse, at Ã¥rsregnskabet giver et retvisende billede af selskabets aktiver, passiver og finansielle stilling pr. 30. juni 2015 samt af resultatet af selskabets aktiviteter for regnskabsÃ¥ret 1. juli 2014 - 30. juni 2015.",2015-11-30,2015-11-30,2009-09-16,2015-11-30,75654.0,"Selskabets resultatopgÃ¸relse for 2014/15 udviser et overskud pÃ¥ kr. 1.606.975 mod kr. 2.026.272 sidste Ã¥r, og selskabets balance pr. 30. juni 2015 udviser en egenkapital pÃ¥ kr. 10.011.802.  Ledelsen anser Ã¥rets resultat for tilfredsstillende.",ForeslÃ¥et udbytte indregnes som en forpligtelse pÃ¥ tidspunktet for vedtagelse pÃ¥ den ordinÃ¦re generalforsamling (deklareringstidspunktet).,VÃ¦rdipapirer mÃ¥les til dagsvÃ¦rdi pÃ¥ balancedagen.,"Andre eksterne omkostninger omfatter omkostninger vedrÃ¸rende virksomhedens primÃ¦re aktivitet, der er afholdt i Ã¥rets lÃ¸b, herunder omkostninger til distribution, salg, reklame, administration, lokaler, tab pÃ¥ debitorer, ydelser pÃ¥ operationelle leasingkontrakter m.v.","Finansielle indtÃ¦gter og omkostninger indregnes i resultatopgÃ¸relsen med de belÃ¸b, der vedrÃ¸rer regnskabsÃ¥ret. Finansielle poster omfatter renteindtÃ¦gter og -omkostninger samt tillÃ¦g og godtgÃ¸relse under acontoskatteordningen m.v.",Posten omfatter den forholdsmÃ¦ssige andel af resultat efter skat i dattervirksomheder efter eliminering af interne avancer eller tab og fratrukket af- og nedskrivning pÃ¥ goodwill og andre mervÃ¦rdier pÃ¥ erhvervelsestidspunktet.,"Tilgodehavender mÃ¥les til amortiseret kostpris, der sÃ¦dvanligvis svarer til nominel vÃ¦rdi. Der foretages nedskrivning til imÃ¸degÃ¥else af tab baseret pÃ¥ en objektiv indikation pÃ¥, at et tilgodehavende eller en gruppe af tilgodehavender er vÃ¦rdiforringet. Nedskrivning foretages til nettorealisationsvÃ¦rdi, hvis denne er lavere end regnskabsmÃ¦ssig vÃ¦rdi.",Selskabets formÃ¥l er investering i vÃ¦rdipapirer og investering i og udvikling af fast ejendom samt efter direktionens skÃ¸n hermed beslÃ¦gtet virksomhed.,Der er efter regnskabsÃ¥rets afslutning ikke indtruffet betydningsfulde hÃ¦ndelser.,50000.0,49200.0,Ãrsregnskabet er aflagt efter samme regnskabspraksis som sidste Ã¥r.,32450989.0,30700228.0,Direktionen har dags dato behandlet og godkendt Ã¥rsrapporten for regnskabsÃ¥ret 1. juli 2014 - 30. juni 2015 for MVe Holding ApS.,"Vi har revideret Ã¥rsregnskabet for MVe Holding ApS for regnskabsÃ¥ret 1. juli 2014 - 30. juni 2015, der omfatter resultatopgÃ¸relse, balance, egenkapitalopgÃ¸relse og noter, herunder anvendt regnskabspraksis. Ãrsregnskabet udarbejdes efter Ã¥rsregnskabsloven.",Af de langfristede gÃ¦ldsforpligtelser forfalder 3.704 t.kr. senere end 5 Ã¥r fra balancedagen.,Ãrsrapport,"Det er endvidere min opfattelse, at ledelsesberetningen indeholder en retvisende redegÃ¸relse for de forhold, beretningen omhandler.",Michael Vestergaard,Michael Vestergaard,MVe Holding ApS,Ernst & Young Godkendt Revisionspartnerselskab,"Det er vores opfattelse, at Ã¥rsregnskabet giver et retvisende billede af selskabets aktiver, passiver og finansielle stilling pr. 30. juni 2015 samt af resultatet af selskabets aktiviteter for regnskabsÃ¥ret 1. juli 2014 - 30. juni 2015 i overensstemmelse med Ã¥rsregnskabsloven.","NÃ¸rresundby, den",,1212191.0,Ãrsrapporten indstilles til generalforsamlingens godkendelse.,Aalborg,2015-06-30,2014-07-01,2015-11-30,"Aalborg, den","Ledelsen har ansvaret for udarbejdelsen af et Ã¥rsregnskab, der giver et retvisende billede i overensstemmelse med Ã¥rsregnskabsloven. Ledelsen har endvidere ansvaret for den interne kontrol, som ledelsen anser nÃ¸dvendig for at udarbejde et Ã¥rsregnskab uden vÃ¦sentlig fejlinformation, uanset om denne skyldes besvigelser eller fejl.","Vi har i henhold til Ã¥rsregnskabsloven gennemlÃ¦st ledelsesberetningen. Vi har ikke foretaget yderligere handlinger i tillÃ¦g til den udfÃ¸rte revision af Ã¥rsregnskabet. Det er pÃ¥ denne baggrund vores opfattelse, at oplysningerne i ledelsesberetningen er i overensstemmelse med Ã¥rsregnskabet.",29100065.0,direktÃ¸r,RevisionspÃ¥tegning,urn:ofk:oid:21741930,indberetninger-20180424,2.5097437,32450989.0,,2018-03-30T19:12:37.829Z,2015-12-04T07:40:58.988Z,regnskab,0.0,,2015-06-30,2014-07-01,X15-AK-99-VN,2015-12-04T07:40:59.395Z,,,,,,,,,,,,,,,,,,,,2092643.0,,,,,,,,,,,,,,,,,,,,,,,,,,,,,,,,,,,,,100.0
32450989,2015-06-30,2015-06-30,c654,,http://regnskaber.virk.dk/98905423/ZG9rdW1lbnRsYWdlcjovLzAzL2M2LzhhL2ZjL2M0LzA2NDgtNDY1NS04NmE4LWIxMGE1NzkyZmU1Mw.pdf,http://regnskaber.virk.dk/98905423/ZG9rdW1lbnRsYWdlcjovLzAzLzc0LzJiLzcyL2IxL2NhY2QtNGQxMy05MGZhLTA3ZWQyYTM0NWVjNg.xml,50000.0,Aalborg,9100.0,1A,Vestre Havnepromenade,NÃ¸rresundby,9400.0,16.0,Ãstre FÃ¦lledvej,"Postboks 710, 9100 Aalborg",Vestre Havnepromenade 1A,Til kapitalejerne i MVe Holding ApS,Regnskabsklasse B,Ãrsrapporten aflÃ¦gges i overensstemmelse med Ã¥rsregnskabsloven.,"Det er min opfattelse, at Ã¥rsregnskabet giver et retvisende billede af selskabets aktiver, passiver og finansielle stilling pr. 30. juni 2015 samt af resultatet af selskabets aktiviteter for regnskabsÃ¥ret 1. juli 2014 - 30. juni 2015.",2015-11-30,2015-11-30,2009-09-16,2015-11-30,75654.0,"Selskabets resultatopgÃ¸relse for 2014/15 udviser et overskud pÃ¥ kr. 1.606.975 mod kr. 2.026.272 sidste Ã¥r, og selskabets balance pr. 30. juni 2015 udviser en egenkapital pÃ¥ kr. 10.011.802.  Ledelsen anser Ã¥rets resultat for tilfredsstillende.",ForeslÃ¥et udbytte indregnes som en forpligtelse pÃ¥ tidspunktet for vedtagelse pÃ¥ den ordinÃ¦re generalforsamling (deklareringstidspunktet).,VÃ¦rdipapirer mÃ¥les til dagsvÃ¦rdi pÃ¥ balancedagen.,"Andre eksterne omkostninger omfatter omkostninger vedrÃ¸rende virksomhedens primÃ¦re aktivitet, der er afholdt i Ã¥rets lÃ¸b, herunder omkostninger til distribution, salg, reklame, administration, lokaler, tab pÃ¥ debitorer, ydelser pÃ¥ operationelle leasingkontrakter m.v.","Finansielle indtÃ¦gter og omkostninger indregnes i resultatopgÃ¸relsen med de belÃ¸b, der vedrÃ¸rer regnskabsÃ¥ret. Finansielle poster omfatter renteindtÃ¦gter og -omkostninger samt tillÃ¦g og godtgÃ¸relse under acontoskatteordningen m.v.",Posten omfatter den forholdsmÃ¦ssige andel af resultat efter skat i dattervirksomheder efter eliminering af interne avancer eller tab og fratrukket af- og nedskrivning pÃ¥ goodwill og andre mervÃ¦rdier pÃ¥ erhvervelsestidspunktet.,"Tilgodehavender mÃ¥les til amortiseret kostpris, der sÃ¦dvanligvis svarer til nominel vÃ¦rdi. Der foretages nedskrivning til imÃ¸degÃ¥else af tab baseret pÃ¥ en objektiv indikation pÃ¥, at et tilgodehavende eller en gruppe af tilgodehavender er vÃ¦rdiforringet. Nedskrivning foretages til nettorealisationsvÃ¦rdi, hvis denne er lavere end regnskabsmÃ¦ssig vÃ¦rdi.",Selskabets formÃ¥l er investering i vÃ¦rdipapirer og investering i og udvikling af fast ejendom samt efter direktionens skÃ¸n hermed beslÃ¦gtet virksomhed.,Der er efter regnskabsÃ¥rets afslutning ikke indtruffet betydningsfulde hÃ¦ndelser.,50000.0,49200.0,Ãrsregnskabet er aflagt efter samme regnskabspraksis som sidste Ã¥r.,32450989.0,30700228.0,Direktionen har dags dato behandlet og godkendt Ã¥rsrapporten for regnskabsÃ¥ret 1. juli 2014 - 30. juni 2015 for MVe Holding ApS.,"Vi har revideret Ã¥rsregnskabet for MVe Holding ApS for regnskabsÃ¥ret 1. juli 2014 - 30. juni 2015, der omfatter resultatopgÃ¸relse, balance, egenkapitalopgÃ¸relse og noter, herunder anvendt regnskabspraksis. Ãrsregnskabet udarbejdes efter Ã¥rsregnskabsloven.",Af de langfristede gÃ¦ldsforpligtelser forfalder 3.704 t.kr. senere end 5 Ã¥r fra balancedagen.,Ãrsrapport,"Det er endvidere min opfattelse, at ledelsesberetningen indeholder en retvisende redegÃ¸relse for de forhold, beretningen omhandler.",Michael Vestergaard,Michael Vestergaard,MVe Holding ApS,Ernst & Young Godkendt Revisionspartnerselskab,"Det er vores opfattelse, at Ã¥rsregnskabet giver et retvisende billede af selskabets aktiver, passiver og finansielle stilling pr. 30. juni 2015 samt af resultatet af selskabets aktiviteter for regnskabsÃ¥ret 1. juli 2014 - 30. juni 2015 i overensstemmelse med Ã¥rsregnskabsloven.","NÃ¸rresundby, den",,1212191.0,Ãrsrapporten indstilles til generalforsamlingens godkendelse.,Aalborg,2015-06-30,2014-07-01,2015-11-30,"Aalborg, den","Ledelsen har ansvaret for udarbejdelsen af et Ã¥rsregnskab, der giver et retvisende billede i overensstemmelse med Ã¥rsregnskabsloven. Ledelsen har endvidere ansvaret for den interne kontrol, som ledelsen anser nÃ¸dvendig for at udarbejde et Ã¥rsregnskab uden vÃ¦sentlig fejlinformation, uanset om denne skyldes besvigelser eller fejl.","Vi har i henhold til Ã¥rsregnskabsloven gennemlÃ¦st ledelsesberetningen. Vi har ikke foretaget yderligere handlinger i tillÃ¦g til den udfÃ¸rte revision af Ã¥rsregnskabet. Det er pÃ¥ denne baggrund vores opfattelse, at oplysningerne i ledelsesberetningen er i overensstemmelse med Ã¥rsregnskabet.",29100065.0,direktÃ¸r,RevisionspÃ¥tegning,urn:ofk:oid:21741930,indberetninger-20180424,2.5097437,32450989.0,,2018-03-30T19:12:37.829Z,2015-12-04T07:40:58.988Z,regnskab,0.0,,2015-06-30,2014-07-01,X15-AK-99-VN,2015-12-04T07:40:59.395Z,,,,,,,,,,,,,,,,,,,,333584.0,,,,,,,,,,,,,,,,,,,,,,,,,,,,,,,,,,,,,100.0
32450989,2015-06-30,2015-06-30,c655,,http://regnskaber.virk.dk/98905423/ZG9rdW1lbnRsYWdlcjovLzAzL2M2LzhhL2ZjL2M0LzA2NDgtNDY1NS04NmE4LWIxMGE1NzkyZmU1Mw.pdf,http://regnskaber.virk.dk/98905423/ZG9rdW1lbnRsYWdlcjovLzAzLzc0LzJiLzcyL2IxL2NhY2QtNGQxMy05MGZhLTA3ZWQyYTM0NWVjNg.xml,50000.0,Aalborg,9100.0,1A,Vestre Havnepromenade,NÃ¸rresundby,9400.0,16.0,Ãstre FÃ¦lledvej,"Postboks 710, 9100 Aalborg",Vestre Havnepromenade 1A,Til kapitalejerne i MVe Holding ApS,Regnskabsklasse B,Ãrsrapporten aflÃ¦gges i overensstemmelse med Ã¥rsregnskabsloven.,"Det er min opfattelse, at Ã¥rsregnskabet giver et retvisende billede af selskabets aktiver, passiver og finansielle stilling pr. 30. juni 2015 samt af resultatet af selskabets aktiviteter for regnskabsÃ¥ret 1. juli 2014 - 30. juni 2015.",2015-11-30,2015-11-30,2009-09-16,2015-11-30,75654.0,"Selskabets resultatopgÃ¸relse for 2014/15 udviser et overskud pÃ¥ kr. 1.606.975 mod kr. 2.026.272 sidste Ã¥r, og selskabets balance pr. 30. juni 2015 udviser en egenkapital pÃ¥ kr. 10.011.802.  Ledelsen anser Ã¥rets resultat for tilfredsstillende.",ForeslÃ¥et udbytte indregnes som en forpligtelse pÃ¥ tidspunktet for vedtagelse pÃ¥ den ordinÃ¦re generalforsamling (deklareringstidspunktet).,VÃ¦rdipapirer mÃ¥les til dagsvÃ¦rdi pÃ¥ balancedagen.,"Andre eksterne omkostninger omfatter omkostninger vedrÃ¸rende virksomhedens primÃ¦re aktivitet, der er afholdt i Ã¥rets lÃ¸b, herunder omkostninger til distribution, salg, reklame, administration, lokaler, tab pÃ¥ debitorer, ydelser pÃ¥ operationelle leasingkontrakter m.v.","Finansielle indtÃ¦gter og omkostninger indregnes i resultatopgÃ¸relsen med de belÃ¸b, der vedrÃ¸rer regnskabsÃ¥ret. Finansielle poster omfatter renteindtÃ¦gter og -omkostninger samt tillÃ¦g og godtgÃ¸relse under acontoskatteordningen m.v.",Posten omfatter den forholdsmÃ¦ssige andel af resultat efter skat i dattervirksomheder efter eliminering af interne avancer eller tab og fratrukket af- og nedskrivning pÃ¥ goodwill og andre mervÃ¦rdier pÃ¥ erhvervelsestidspunktet.,"Tilgodehavender mÃ¥les til amortiseret kostpris, der sÃ¦dvanligvis svarer til nominel vÃ¦rdi. Der foretages nedskrivning til imÃ¸degÃ¥else af tab baseret pÃ¥ en objektiv indikation pÃ¥, at et tilgodehavende eller en gruppe af tilgodehavender er vÃ¦rdiforringet. Nedskrivning foretages til nettorealisationsvÃ¦rdi, hvis denne er lavere end regnskabsmÃ¦ssig vÃ¦rdi.",Selskabets formÃ¥l er investering i vÃ¦rdipapirer og investering i og udvikling af fast ejendom samt efter direktionens skÃ¸n hermed beslÃ¦gtet virksomhed.,Der er efter regnskabsÃ¥rets afslutning ikke indtruffet betydningsfulde hÃ¦ndelser.,50000.0,49200.0,Ãrsregnskabet er aflagt efter samme regnskabspraksis som sidste Ã¥r.,32450989.0,30700228.0,Direktionen har dags dato behandlet og godkendt Ã¥rsrapporten for regnskabsÃ¥ret 1. juli 2014 - 30. juni 2015 for MVe Holding ApS.,"Vi har revideret Ã¥rsregnskabet for MVe Holding ApS for regnskabsÃ¥ret 1. juli 2014 - 30. juni 2015, der omfatter resultatopgÃ¸relse, balance, egenkapitalopgÃ¸relse og noter, herunder anvendt regnskabspraksis. Ãrsregnskabet udarbejdes efter Ã¥rsregnskabsloven.",Af de langfristede gÃ¦ldsforpligtelser forfalder 3.704 t.kr. senere end 5 Ã¥r fra balancedagen.,Ãrsrapport,"Det er endvidere min opfattelse, at ledelsesberetningen indeholder en retvisende redegÃ¸relse for de forhold, beretningen omhandler.",Michael Vestergaard,Michael Vestergaard,MVe Holding ApS,Ernst & Young Godkendt Revisionspartnerselskab,"Det er vores opfattelse, at Ã¥rsregnskabet giver et retvisende billede af selskabets aktiver, passiver og finansielle stilling pr. 30. juni 2015 samt af resultatet af selskabets aktiviteter for regnskabsÃ¥ret 1. juli 2014 - 30. juni 2015 i overensstemmelse med Ã¥rsregnskabsloven.","NÃ¸rresundby, den",,1212191.0,Ãrsrapporten indstilles til generalforsamlingens godkendelse.,Aalborg,2015-06-30,2014-07-01,2015-11-30,"Aalborg, den","Ledelsen har ansvaret for udarbejdelsen af et Ã¥rsregnskab, der giver et retvisende billede i overensstemmelse med Ã¥rsregnskabsloven. Ledelsen har endvidere ansvaret for den interne kontrol, som ledelsen anser nÃ¸dvendig for at udarbejde et Ã¥rsregnskab uden vÃ¦sentlig fejlinformation, uanset om denne skyldes besvigelser eller fejl.","Vi har i henhold til Ã¥rsregnskabsloven gennemlÃ¦st ledelsesberetningen. Vi har ikke foretaget yderligere handlinger i tillÃ¦g til den udfÃ¸rte revision af Ã¥rsregnskabet. Det er pÃ¥ denne baggrund vores opfattelse, at oplysningerne i ledelsesberetningen er i overensstemmelse med Ã¥rsregnskabet.",29100065.0,direktÃ¸r,RevisionspÃ¥tegning,urn:ofk:oid:21741930,indberetninger-20180424,2.5097437,32450989.0,,2018-03-30T19:12:37.829Z,2015-12-04T07:40:58.988Z,regnskab,0.0,,2015-06-30,2014-07-01,X15-AK-99-VN,2015-12-04T07:40:59.395Z,,,,,,,,,,,,,,,,,,,,40317.0,,,,,,,,,,,,,,,,,,,,,,,,,,,,,,,,,,,,,100.0
32450989,2015-06-30,2015-06-30,c7,,http://regnskaber.virk.dk/98905423/ZG9rdW1lbnRsYWdlcjovLzAzL2M2LzhhL2ZjL2M0LzA2NDgtNDY1NS04NmE4LWIxMGE1NzkyZmU1Mw.pdf,http://regnskaber.virk.dk/98905423/ZG9rdW1lbnRsYWdlcjovLzAzLzc0LzJiLzcyL2IxL2NhY2QtNGQxMy05MGZhLTA3ZWQyYTM0NWVjNg.xml,50000.0,Aalborg,9100.0,1A,Vestre Havnepromenade,NÃ¸rresundby,9400.0,16.0,Ãstre FÃ¦lledvej,"Postboks 710, 9100 Aalborg",Vestre Havnepromenade 1A,Til kapitalejerne i MVe Holding ApS,Regnskabsklasse B,Ãrsrapporten aflÃ¦gges i overensstemmelse med Ã¥rsregnskabsloven.,"Det er min opfattelse, at Ã¥rsregnskabet giver et retvisende billede af selskabets aktiver, passiver og finansielle stilling pr. 30. juni 2015 samt af resultatet af selskabets aktiviteter for regnskabsÃ¥ret 1. juli 2014 - 30. juni 2015.",2015-11-30,2015-11-30,2009-09-16,2015-11-30,75654.0,"Selskabets resultatopgÃ¸relse for 2014/15 udviser et overskud pÃ¥ kr. 1.606.975 mod kr. 2.026.272 sidste Ã¥r, og selskabets balance pr. 30. juni 2015 udviser en egenkapital pÃ¥ kr. 10.011.802.  Ledelsen anser Ã¥rets resultat for tilfredsstillende.",ForeslÃ¥et udbytte indregnes som en forpligtelse pÃ¥ tidspunktet for vedtagelse pÃ¥ den ordinÃ¦re generalforsamling (deklareringstidspunktet).,VÃ¦rdipapirer mÃ¥les til dagsvÃ¦rdi pÃ¥ balancedagen.,"Andre eksterne omkostninger omfatter omkostninger vedrÃ¸rende virksomhedens primÃ¦re aktivitet, der er afholdt i Ã¥rets lÃ¸b, herunder omkostninger til distribution, salg, reklame, administration, lokaler, tab pÃ¥ debitorer, ydelser pÃ¥ operationelle leasingkontrakter m.v.","Finansielle indtÃ¦gter og omkostninger indregnes i resultatopgÃ¸relsen med de belÃ¸b, der vedrÃ¸rer regnskabsÃ¥ret. Finansielle poster omfatter renteindtÃ¦gter og -omkostninger samt tillÃ¦g og godtgÃ¸relse under acontoskatteordningen m.v.",Posten omfatter den forholdsmÃ¦ssige andel af resultat efter skat i dattervirksomheder efter eliminering af interne avancer eller tab og fratrukket af- og nedskrivning pÃ¥ goodwill og andre mervÃ¦rdier pÃ¥ erhvervelsestidspunktet.,"Tilgodehavender mÃ¥les til amortiseret kostpris, der sÃ¦dvanligvis svarer til nominel vÃ¦rdi. Der foretages nedskrivning til imÃ¸degÃ¥else af tab baseret pÃ¥ en objektiv indikation pÃ¥, at et tilgodehavende eller en gruppe af tilgodehavender er vÃ¦rdiforringet. Nedskrivning foretages til nettorealisationsvÃ¦rdi, hvis denne er lavere end regnskabsmÃ¦ssig vÃ¦rdi.",Selskabets formÃ¥l er investering i vÃ¦rdipapirer og investering i og udvikling af fast ejendom samt efter direktionens skÃ¸n hermed beslÃ¦gtet virksomhed.,Der er efter regnskabsÃ¥rets afslutning ikke indtruffet betydningsfulde hÃ¦ndelser.,50000.0,49200.0,Ãrsregnskabet er aflagt efter samme regnskabspraksis som sidste Ã¥r.,32450989.0,30700228.0,Direktionen har dags dato behandlet og godkendt Ã¥rsrapporten for regnskabsÃ¥ret 1. juli 2014 - 30. juni 2015 for MVe Holding ApS.,"Vi har revideret Ã¥rsregnskabet for MVe Holding ApS for regnskabsÃ¥ret 1. juli 2014 - 30. juni 2015, der omfatter resultatopgÃ¸relse, balance, egenkapitalopgÃ¸relse og noter, herunder anvendt regnskabspraksis. Ãrsregnskabet udarbejdes efter Ã¥rsregnskabsloven.",Af de langfristede gÃ¦ldsforpligtelser forfalder 3.704 t.kr. senere end 5 Ã¥r fra balancedagen.,Ãrsrapport,"Det er endvidere min opfattelse, at ledelsesberetningen indeholder en retvisende redegÃ¸relse for de forhold, beretningen omhandler.",Michael Vestergaard,Michael Vestergaard,MVe Holding ApS,Ernst & Young Godkendt Revisionspartnerselskab,"Det er vores opfattelse, at Ã¥rsregnskabet giver et retvisende billede af selskabets aktiver, passiver og finansielle stilling pr. 30. juni 2015 samt af resultatet af selskabets aktiviteter for regnskabsÃ¥ret 1. juli 2014 - 30. juni 2015 i overensstemmelse med Ã¥rsregnskabsloven.","NÃ¸rresundby, den",,1212191.0,Ãrsrapporten indstilles til generalforsamlingens godkendelse.,Aalborg,2015-06-30,2014-07-01,2015-11-30,"Aalborg, den","Ledelsen har ansvaret for udarbejdelsen af et Ã¥rsregnskab, der giver et retvisende billede i overensstemmelse med Ã¥rsregnskabsloven. Ledelsen har endvidere ansvaret for den interne kontrol, som ledelsen anser nÃ¸dvendig for at udarbejde et Ã¥rsregnskab uden vÃ¦sentlig fejlinformation, uanset om denne skyldes besvigelser eller fejl.","Vi har i henhold til Ã¥rsregnskabsloven gennemlÃ¦st ledelsesberetningen. Vi har ikke foretaget yderligere handlinger i tillÃ¦g til den udfÃ¸rte revision af Ã¥rsregnskabet. Det er pÃ¥ denne baggrund vores opfattelse, at oplysningerne i ledelsesberetningen er i overensstemmelse med Ã¥rsregnskabet.",29100065.0,direktÃ¸r,RevisionspÃ¥tegning,urn:ofk:oid:21741930,indberetninger-20180424,2.5097437,32450989.0,,2018-03-30T19:12:37.829Z,2015-12-04T07:40:58.988Z,regnskab,0.0,,2015-06-30,2014-07-01,X15-AK-99-VN,2015-12-04T07:40:59.395Z,,,,,,,,,,,,,,,18555903.0,578170.0,125000.0,6407566.0,43300.0,10011802.0,1092738.0,6518323.0,18555903.0,8544101.0,5630014.0,5630014.0,5022004.0,4832854.0,1092738.0,12148337.0,0.0,189150.0,121765.0,6518323.0,50000.0,5295015.0,4541787.0,743765.0,3522097.0,287361.0,876236.0,103294.0,4736658.0,4202401.0,1012855.0,471364.0,376821.0,19593.0,,,,,,,,,
