entity,start_date,end_date,context,AARSRAPPORT_pdf,AARSRAPPORT_xml,AccumulatedRevaluationsOfInvestments,AddressOfAuditorCountry,AddressOfAuditorPostcodeAndTown,AddressOfAuditorStreetAndNumber,AddressOfReportingEntityPostcodeAndTown,AddressOfReportingEntityStreetAndNumber,AddressOfSubmittingEnterprisePostcodeAndTown,AddressOfSubmittingEnterpriseStreetAndNumber,AddresseeOfAuditorsReportOnAuditedFinancialStatements,ClassOfReportingEntity,ConfirmationThatAnnualReportIsPresentedInAccordanceWithRequirementsProvidedForByLegislationAnyStandardsAndRequirementsProvidedByArticlesOfAssociationOrByAgreement,ConfirmationThatFinancialStatementGivesTrueAndFairViewOfAssetsLiabilitiesEquityFinancialPositionAndResults,DateOfApprovalOfReport,DateOfGeneralMeeting,DescriptionOfAuditor,DescriptionOfMethodsOfRecognitionAndMeasurementBasisOfEquity,DescriptionOfMethodsOfRecognitionAndMeasurementBasisOfExternalExpenses,DescriptionOfMethodsOfRecognitionAndMeasurementBasisOfFinanceIncomeAndExpenses,Dividend,DividendPaid,IdentificationNumberCvrOfAuditFirm,IdentificationNumberCvrOfReportingEntity,IdentificationNumberCvrOfSubmittingEnterprise,IdentificationOfApprovedAnnualReport,IdentificationOfAuditedFinancialStatements,InformationOnTypeOfSubmittedReport,InvestmentsGross,NameAndSurnameOfChairmanOfGeneralMeeting,NameAndSurnameOfMemberOfExecutiveBoard,NameOfReportingEntity,NameOfSubmittingEnterprise,NominalValueOfIssuedShares,NumberOfIssuedShares,OpinionOnAuditedFinancialStatements,RegisteredOfficeOfReportingEntity,RelatedEntityName,RelatedEntityRegisteredOffice,ReportingPeriodEndDate,ReportingPeriodStartDate,ShareHeldByEntityOrConsolidatedEnterprisesInRelatedEntity,SignatureOfAuditorsDate,SignatureOfAuditorsPlace,StatementOfExecutiveAndSupervisoryBoardsResponsibilityForFinancialStatements,StatementOnManagementsReviewAuditorsReportOnAuditedFinancialStatements,TelephoneNumberOfAuditor,_id,_index,_score,cvrNummer,indlaesningsId,indlaesningsTidspunkt,offentliggoerelsesTidspunkt,offentliggoerelsestype,omgoerelse,regNummer,regnskabsperiode_slutDato,regnskabsperiode_startDato,sagsNummer,sidstOpdateret,AdjustmentsForDeferredTax,CurrentTaxExpense,GrossProfitLoss,IncomeFromInvestmentsInGroupEnterprises,InterestIncomeFromGroupEnterprises,OtherFinanceIncome,OtherInterestIncome,ProfitLoss,TaxExpense,AdditionsToInvestments,DisposalsOfInvestments,IncreaseDecreaseOfRevaluationsAndDevaluationsOfInvestmentsThroughNetExchangeDifferences,ProfitLossRelatedToInvestments,Assets,CashAndCashEquivalents,ContributedCapital,CurrentAssets,CurrentDeferredTaxAssets,Equity,LiabilitiesAndEquity,LiabilitiesOtherThanProvisions,LongtermInvestmentsAndReceivables,LongtermInvestmentsInGroupEnterprises,NoncurrentAssets,OtherShorttermPayables,OtherShorttermReceivables,ProposedDividendRecognisedInEquity,RetainedEarnings,ShorttermLiabilitiesOtherThanProvisions,ShorttermPayablesToGroupEnterprises,ShorttermReceivables,ShorttermTaxPayables,ShorttermTaxReceivables,NameAndSurnameOfAuditor,NameOfAuditFirm
31586496,2011-01-01,2011-01-01,c77,http://regnskaber.virk.dk/69468513/Y3ZyLmRrOi8vcGRmcy8zMTU4NjQ5NjtBcFM0MzYyMTI7MjAxMjAxMDE7MjAxMjEyMzE7UjtS.pdf,http://regnskaber.virk.dk/69468513/Y3ZyLmRrOi8veGJybHMvWC00NEUzRDIxOS0yMDEzMDQwNV8xMTA5MTZfMDE4.xml,-125000.0,Danmark,8700 Horsens,SÃ¸nderbrogade 16,8700  Horsens,Vesterskovvej 39,8700 Horsens,SÃ¸nderbrogade 16,Til kapitalejeren i Mads Lauridsen Holding ApS,Regnskabsklasse B,Ãrsrapporten aflÃ¦gges i overensstemmelse med Ã¥rsregnskabsloven.,"Det er min opfattelse at Ã¥rsregnskabet giver et retvisende billede af selskabets aktiver, passiver og finansielle stilling pr. 31. december 2012 samt af resultatet af selskabets aktiviteter for regnskabsÃ¥ret 1. januar - 31. december 2012.",2013-03-21,2013-04-02,statsautoriseret revisor,ForeslÃ¥et udbytte vises som en sÃ¦rskilt post under egenkapitalen. Udbytte indregnes som en forpligtelse pÃ¥ tidspunktet for vedtagelse pÃ¥ generalforsamlingen.,Andre eksterne omkostninger omfatter omkostninger til administration m.v.,"Finansielle indtÃ¦gter og omkostninger indregnes i resultatopgÃ¸relsen med de belÃ¸b, der vedrÃ¸rer regnskabsÃ¥ret. Finansielle poster omfatter  renteindtÃ¦gter og -omkostninger samt tillÃ¦g og godtgÃ¸relse under acontoskatteordningen m.v.",100000.0,-100000.0,25802063.0,31586496.0,25802063.0,Direktionen har dags dato behandlet og godkendt Ã¥rsrapporten for 1. januar - 31. december 2012 for Mads Lauridsen Holding ApS.,"Vi har revideret Ã¥rsregnskabet for Mads Lauridsen Holding ApS for regnskabsÃ¥ret 1. januar - 31. december 2012, der omfatter anvendt regnskabspraksis, resultatopgÃ¸relse, balance, egenkapitalopgÃ¸relse og noter. Ãrsregnskabet udarbejdes efter Ã¥rsregnskabsloven.",Ãrsrapport,125000.0,Mads Lauridsen,Mads Lauridsen,Mads Lauridsen Holding ApS,Samvirkende Revisorer Statsautoriseret revisionsaktieselskab,1000.0,250.0,"Det er vores opfattelse, at Ã¥rsregnskabet giver et retvisende billede af selskabets aktiver, passiver og finansielle stilling pr. 31. december 2012 samt af resultatet af selskabets aktiviteter for regnskabsÃ¥ret 1. januar - 31. december 2012 i overensstemmelse med Ã¥rsregnskabsloven.",Horsens,TÃ¸mrerfirmaet Mads Lauridsen ApS,Horsens,2012-12-31,2012-01-01,100.0,2013-03-21,Horsens,"Ledelsen har ansvaret for udarbejdelsen af et Ã¥rsregnskab, der giver et retvisende billede i overensstemmelse med Ã¥rsregnskabsloven. Ledelsen har endvidere ansvaret for den interne kontrol, som ledelsen anser nÃ¸dvendig for at udarbejde et Ã¥rsregnskab uden vÃ¦sentlig fejlinformation, uanset om denne skyldes besvigelser eller fejl.","Vi har i henhold til Ã¥rsregnskabsloven gennemlÃ¦st ledelsesberetningen. Vi har ikke foretaget yderligere handlinger i tillÃ¦g til den udfÃ¸rte revision af Ã¥rsregnskabet. Det er pÃ¥ denne baggrund vores opfattelse, at oplysningerne i ledelsesberetningen er i overensstemmelse med Ã¥rsregnskabet.",75629999.0,urn:ofk:oid:19633298,indberetninger-20180424,2.5122662,31586496.0,,2018-04-01T13:26:53.198Z,2013-04-05T22:00:00.000Z,regnskab,0.0,,2012-12-31,2012-01-01,13-119.806,2013-04-05T22:00:00.000Z,,,,,,,,,,,,,,,,,,,,,,,,,,,,,,,,,,,
31586496,2011-01-01,2011-12-31,c58,http://regnskaber.virk.dk/69468513/Y3ZyLmRrOi8vcGRmcy8zMTU4NjQ5NjtBcFM0MzYyMTI7MjAxMjAxMDE7MjAxMjEyMzE7UjtS.pdf,http://regnskaber.virk.dk/69468513/Y3ZyLmRrOi8veGJybHMvWC00NEUzRDIxOS0yMDEzMDQwNV8xMTA5MTZfMDE4.xml,,Danmark,8700 Horsens,SÃ¸nderbrogade 16,8700  Horsens,Vesterskovvej 39,8700 Horsens,SÃ¸nderbrogade 16,Til kapitalejeren i Mads Lauridsen Holding ApS,Regnskabsklasse B,Ãrsrapporten aflÃ¦gges i overensstemmelse med Ã¥rsregnskabsloven.,"Det er min opfattelse at Ã¥rsregnskabet giver et retvisende billede af selskabets aktiver, passiver og finansielle stilling pr. 31. december 2012 samt af resultatet af selskabets aktiviteter for regnskabsÃ¥ret 1. januar - 31. december 2012.",2013-03-21,2013-04-02,statsautoriseret revisor,ForeslÃ¥et udbytte vises som en sÃ¦rskilt post under egenkapitalen. Udbytte indregnes som en forpligtelse pÃ¥ tidspunktet for vedtagelse pÃ¥ generalforsamlingen.,Andre eksterne omkostninger omfatter omkostninger til administration m.v.,"Finansielle indtÃ¦gter og omkostninger indregnes i resultatopgÃ¸relsen med de belÃ¸b, der vedrÃ¸rer regnskabsÃ¥ret. Finansielle poster omfatter  renteindtÃ¦gter og -omkostninger samt tillÃ¦g og godtgÃ¸relse under acontoskatteordningen m.v.",100000.0,-100000.0,25802063.0,31586496.0,25802063.0,Direktionen har dags dato behandlet og godkendt Ã¥rsrapporten for 1. januar - 31. december 2012 for Mads Lauridsen Holding ApS.,"Vi har revideret Ã¥rsregnskabet for Mads Lauridsen Holding ApS for regnskabsÃ¥ret 1. januar - 31. december 2012, der omfatter anvendt regnskabspraksis, resultatopgÃ¸relse, balance, egenkapitalopgÃ¸relse og noter. Ãrsregnskabet udarbejdes efter Ã¥rsregnskabsloven.",Ãrsrapport,,Mads Lauridsen,Mads Lauridsen,Mads Lauridsen Holding ApS,Samvirkende Revisorer Statsautoriseret revisionsaktieselskab,1000.0,250.0,"Det er vores opfattelse, at Ã¥rsregnskabet giver et retvisende billede af selskabets aktiver, passiver og finansielle stilling pr. 31. december 2012 samt af resultatet af selskabets aktiviteter for regnskabsÃ¥ret 1. januar - 31. december 2012 i overensstemmelse med Ã¥rsregnskabsloven.",Horsens,TÃ¸mrerfirmaet Mads Lauridsen ApS,Horsens,2012-12-31,2012-01-01,100.0,2013-03-21,Horsens,"Ledelsen har ansvaret for udarbejdelsen af et Ã¥rsregnskab, der giver et retvisende billede i overensstemmelse med Ã¥rsregnskabsloven. Ledelsen har endvidere ansvaret for den interne kontrol, som ledelsen anser nÃ¸dvendig for at udarbejde et Ã¥rsregnskab uden vÃ¦sentlig fejlinformation, uanset om denne skyldes besvigelser eller fejl.","Vi har i henhold til Ã¥rsregnskabsloven gennemlÃ¦st ledelsesberetningen. Vi har ikke foretaget yderligere handlinger i tillÃ¦g til den udfÃ¸rte revision af Ã¥rsregnskabet. Det er pÃ¥ denne baggrund vores opfattelse, at oplysningerne i ledelsesberetningen er i overensstemmelse med Ã¥rsregnskabet.",75629999.0,urn:ofk:oid:19633298,indberetninger-20180424,2.5122662,31586496.0,,2018-04-01T13:26:53.198Z,2013-04-05T22:00:00.000Z,regnskab,0.0,,2012-12-31,2012-01-01,13-119.806,2013-04-05T22:00:00.000Z,-5000.0,9000.0,-6000.0,88000.0,0.0,0.0,0.0,78000.0,4000.0,,,,,,,,,,,,,,,,,,,,,,,,,,
31586496,2011-01-01,2011-12-31,c60,http://regnskaber.virk.dk/69468513/Y3ZyLmRrOi8vcGRmcy8zMTU4NjQ5NjtBcFM0MzYyMTI7MjAxMjAxMDE7MjAxMjEyMzE7UjtS.pdf,http://regnskaber.virk.dk/69468513/Y3ZyLmRrOi8veGJybHMvWC00NEUzRDIxOS0yMDEzMDQwNV8xMTA5MTZfMDE4.xml,,Danmark,8700 Horsens,SÃ¸nderbrogade 16,8700  Horsens,Vesterskovvej 39,8700 Horsens,SÃ¸nderbrogade 16,Til kapitalejeren i Mads Lauridsen Holding ApS,Regnskabsklasse B,Ãrsrapporten aflÃ¦gges i overensstemmelse med Ã¥rsregnskabsloven.,"Det er min opfattelse at Ã¥rsregnskabet giver et retvisende billede af selskabets aktiver, passiver og finansielle stilling pr. 31. december 2012 samt af resultatet af selskabets aktiviteter for regnskabsÃ¥ret 1. januar - 31. december 2012.",2013-03-21,2013-04-02,statsautoriseret revisor,ForeslÃ¥et udbytte vises som en sÃ¦rskilt post under egenkapitalen. Udbytte indregnes som en forpligtelse pÃ¥ tidspunktet for vedtagelse pÃ¥ generalforsamlingen.,Andre eksterne omkostninger omfatter omkostninger til administration m.v.,"Finansielle indtÃ¦gter og omkostninger indregnes i resultatopgÃ¸relsen med de belÃ¸b, der vedrÃ¸rer regnskabsÃ¥ret. Finansielle poster omfatter  renteindtÃ¦gter og -omkostninger samt tillÃ¦g og godtgÃ¸relse under acontoskatteordningen m.v.",100000.0,-100000.0,25802063.0,31586496.0,25802063.0,Direktionen har dags dato behandlet og godkendt Ã¥rsrapporten for 1. januar - 31. december 2012 for Mads Lauridsen Holding ApS.,"Vi har revideret Ã¥rsregnskabet for Mads Lauridsen Holding ApS for regnskabsÃ¥ret 1. januar - 31. december 2012, der omfatter anvendt regnskabspraksis, resultatopgÃ¸relse, balance, egenkapitalopgÃ¸relse og noter. Ãrsregnskabet udarbejdes efter Ã¥rsregnskabsloven.",Ãrsrapport,,Mads Lauridsen,Mads Lauridsen,Mads Lauridsen Holding ApS,Samvirkende Revisorer Statsautoriseret revisionsaktieselskab,1000.0,250.0,"Det er vores opfattelse, at Ã¥rsregnskabet giver et retvisende billede af selskabets aktiver, passiver og finansielle stilling pr. 31. december 2012 samt af resultatet af selskabets aktiviteter for regnskabsÃ¥ret 1. januar - 31. december 2012 i overensstemmelse med Ã¥rsregnskabsloven.",Horsens,TÃ¸mrerfirmaet Mads Lauridsen ApS,Horsens,2012-12-31,2012-01-01,100.0,2013-03-21,Horsens,"Ledelsen har ansvaret for udarbejdelsen af et Ã¥rsregnskab, der giver et retvisende billede i overensstemmelse med Ã¥rsregnskabsloven. Ledelsen har endvidere ansvaret for den interne kontrol, som ledelsen anser nÃ¸dvendig for at udarbejde et Ã¥rsregnskab uden vÃ¦sentlig fejlinformation, uanset om denne skyldes besvigelser eller fejl.","Vi har i henhold til Ã¥rsregnskabsloven gennemlÃ¦st ledelsesberetningen. Vi har ikke foretaget yderligere handlinger i tillÃ¦g til den udfÃ¸rte revision af Ã¥rsregnskabet. Det er pÃ¥ denne baggrund vores opfattelse, at oplysningerne i ledelsesberetningen er i overensstemmelse med Ã¥rsregnskabet.",75629999.0,urn:ofk:oid:19633298,indberetninger-20180424,2.5122662,31586496.0,,2018-04-01T13:26:53.198Z,2013-04-05T22:00:00.000Z,regnskab,0.0,,2012-12-31,2012-01-01,13-119.806,2013-04-05T22:00:00.000Z,,,,,,,,100000.0,,,,,,,,,,,,,,,,,,,,,,,,,,,
31586496,2011-01-01,2011-12-31,c73,http://regnskaber.virk.dk/69468513/Y3ZyLmRrOi8vcGRmcy8zMTU4NjQ5NjtBcFM0MzYyMTI7MjAxMjAxMDE7MjAxMjEyMzE7UjtS.pdf,http://regnskaber.virk.dk/69468513/Y3ZyLmRrOi8veGJybHMvWC00NEUzRDIxOS0yMDEzMDQwNV8xMTA5MTZfMDE4.xml,,Danmark,8700 Horsens,SÃ¸nderbrogade 16,8700  Horsens,Vesterskovvej 39,8700 Horsens,SÃ¸nderbrogade 16,Til kapitalejeren i Mads Lauridsen Holding ApS,Regnskabsklasse B,Ãrsrapporten aflÃ¦gges i overensstemmelse med Ã¥rsregnskabsloven.,"Det er min opfattelse at Ã¥rsregnskabet giver et retvisende billede af selskabets aktiver, passiver og finansielle stilling pr. 31. december 2012 samt af resultatet af selskabets aktiviteter for regnskabsÃ¥ret 1. januar - 31. december 2012.",2013-03-21,2013-04-02,statsautoriseret revisor,ForeslÃ¥et udbytte vises som en sÃ¦rskilt post under egenkapitalen. Udbytte indregnes som en forpligtelse pÃ¥ tidspunktet for vedtagelse pÃ¥ generalforsamlingen.,Andre eksterne omkostninger omfatter omkostninger til administration m.v.,"Finansielle indtÃ¦gter og omkostninger indregnes i resultatopgÃ¸relsen med de belÃ¸b, der vedrÃ¸rer regnskabsÃ¥ret. Finansielle poster omfatter  renteindtÃ¦gter og -omkostninger samt tillÃ¦g og godtgÃ¸relse under acontoskatteordningen m.v.",100000.0,-100000.0,25802063.0,31586496.0,25802063.0,Direktionen har dags dato behandlet og godkendt Ã¥rsrapporten for 1. januar - 31. december 2012 for Mads Lauridsen Holding ApS.,"Vi har revideret Ã¥rsregnskabet for Mads Lauridsen Holding ApS for regnskabsÃ¥ret 1. januar - 31. december 2012, der omfatter anvendt regnskabspraksis, resultatopgÃ¸relse, balance, egenkapitalopgÃ¸relse og noter. Ãrsregnskabet udarbejdes efter Ã¥rsregnskabsloven.",Ãrsrapport,,Mads Lauridsen,Mads Lauridsen,Mads Lauridsen Holding ApS,Samvirkende Revisorer Statsautoriseret revisionsaktieselskab,1000.0,250.0,"Det er vores opfattelse, at Ã¥rsregnskabet giver et retvisende billede af selskabets aktiver, passiver og finansielle stilling pr. 31. december 2012 samt af resultatet af selskabets aktiviteter for regnskabsÃ¥ret 1. januar - 31. december 2012 i overensstemmelse med Ã¥rsregnskabsloven.",Horsens,TÃ¸mrerfirmaet Mads Lauridsen ApS,Horsens,2012-12-31,2012-01-01,100.0,2013-03-21,Horsens,"Ledelsen har ansvaret for udarbejdelsen af et Ã¥rsregnskab, der giver et retvisende billede i overensstemmelse med Ã¥rsregnskabsloven. Ledelsen har endvidere ansvaret for den interne kontrol, som ledelsen anser nÃ¸dvendig for at udarbejde et Ã¥rsregnskab uden vÃ¦sentlig fejlinformation, uanset om denne skyldes besvigelser eller fejl.","Vi har i henhold til Ã¥rsregnskabsloven gennemlÃ¦st ledelsesberetningen. Vi har ikke foretaget yderligere handlinger i tillÃ¦g til den udfÃ¸rte revision af Ã¥rsregnskabet. Det er pÃ¥ denne baggrund vores opfattelse, at oplysningerne i ledelsesberetningen er i overensstemmelse med Ã¥rsregnskabet.",75629999.0,urn:ofk:oid:19633298,indberetninger-20180424,2.5122662,31586496.0,,2018-04-01T13:26:53.198Z,2013-04-05T22:00:00.000Z,regnskab,0.0,,2012-12-31,2012-01-01,13-119.806,2013-04-05T22:00:00.000Z,,,,,,,,-22000.0,,,,,,,,,,,,,,,,,,,,,,,,,,,
31586496,2011-01-01,2011-12-31,c79,http://regnskaber.virk.dk/69468513/Y3ZyLmRrOi8vcGRmcy8zMTU4NjQ5NjtBcFM0MzYyMTI7MjAxMjAxMDE7MjAxMjEyMzE7UjtS.pdf,http://regnskaber.virk.dk/69468513/Y3ZyLmRrOi8veGJybHMvWC00NEUzRDIxOS0yMDEzMDQwNV8xMTA5MTZfMDE4.xml,,Danmark,8700 Horsens,SÃ¸nderbrogade 16,8700  Horsens,Vesterskovvej 39,8700 Horsens,SÃ¸nderbrogade 16,Til kapitalejeren i Mads Lauridsen Holding ApS,Regnskabsklasse B,Ãrsrapporten aflÃ¦gges i overensstemmelse med Ã¥rsregnskabsloven.,"Det er min opfattelse at Ã¥rsregnskabet giver et retvisende billede af selskabets aktiver, passiver og finansielle stilling pr. 31. december 2012 samt af resultatet af selskabets aktiviteter for regnskabsÃ¥ret 1. januar - 31. december 2012.",2013-03-21,2013-04-02,statsautoriseret revisor,ForeslÃ¥et udbytte vises som en sÃ¦rskilt post under egenkapitalen. Udbytte indregnes som en forpligtelse pÃ¥ tidspunktet for vedtagelse pÃ¥ generalforsamlingen.,Andre eksterne omkostninger omfatter omkostninger til administration m.v.,"Finansielle indtÃ¦gter og omkostninger indregnes i resultatopgÃ¸relsen med de belÃ¸b, der vedrÃ¸rer regnskabsÃ¥ret. Finansielle poster omfatter  renteindtÃ¦gter og -omkostninger samt tillÃ¦g og godtgÃ¸relse under acontoskatteordningen m.v.",100000.0,-100000.0,25802063.0,31586496.0,25802063.0,Direktionen har dags dato behandlet og godkendt Ã¥rsrapporten for 1. januar - 31. december 2012 for Mads Lauridsen Holding ApS.,"Vi har revideret Ã¥rsregnskabet for Mads Lauridsen Holding ApS for regnskabsÃ¥ret 1. januar - 31. december 2012, der omfatter anvendt regnskabspraksis, resultatopgÃ¸relse, balance, egenkapitalopgÃ¸relse og noter. Ãrsregnskabet udarbejdes efter Ã¥rsregnskabsloven.",Ãrsrapport,,Mads Lauridsen,Mads Lauridsen,Mads Lauridsen Holding ApS,Samvirkende Revisorer Statsautoriseret revisionsaktieselskab,1000.0,250.0,"Det er vores opfattelse, at Ã¥rsregnskabet giver et retvisende billede af selskabets aktiver, passiver og finansielle stilling pr. 31. december 2012 samt af resultatet af selskabets aktiviteter for regnskabsÃ¥ret 1. januar - 31. december 2012 i overensstemmelse med Ã¥rsregnskabsloven.",Horsens,TÃ¸mrerfirmaet Mads Lauridsen ApS,Horsens,2012-12-31,2012-01-01,100.0,2013-03-21,Horsens,"Ledelsen har ansvaret for udarbejdelsen af et Ã¥rsregnskab, der giver et retvisende billede i overensstemmelse med Ã¥rsregnskabsloven. Ledelsen har endvidere ansvaret for den interne kontrol, som ledelsen anser nÃ¸dvendig for at udarbejde et Ã¥rsregnskab uden vÃ¦sentlig fejlinformation, uanset om denne skyldes besvigelser eller fejl.","Vi har i henhold til Ã¥rsregnskabsloven gennemlÃ¦st ledelsesberetningen. Vi har ikke foretaget yderligere handlinger i tillÃ¦g til den udfÃ¸rte revision af Ã¥rsregnskabet. Det er pÃ¥ denne baggrund vores opfattelse, at oplysningerne i ledelsesberetningen er i overensstemmelse med Ã¥rsregnskabet.",75629999.0,urn:ofk:oid:19633298,indberetninger-20180424,2.5122662,31586496.0,,2018-04-01T13:26:53.198Z,2013-04-05T22:00:00.000Z,regnskab,0.0,,2012-12-31,2012-01-01,13-119.806,2013-04-05T22:00:00.000Z,,,,,,,,,,617000.0,0.0,0.0,88000.0,,,,,,,,,,,,,,,,,,,,,,
31586496,2011-12-31,2011-12-31,c74,http://regnskaber.virk.dk/69468513/Y3ZyLmRrOi8vcGRmcy8zMTU4NjQ5NjtBcFM0MzYyMTI7MjAxMjAxMDE7MjAxMjEyMzE7UjtS.pdf,http://regnskaber.virk.dk/69468513/Y3ZyLmRrOi8veGJybHMvWC00NEUzRDIxOS0yMDEzMDQwNV8xMTA5MTZfMDE4.xml,,Danmark,8700 Horsens,SÃ¸nderbrogade 16,8700  Horsens,Vesterskovvej 39,8700 Horsens,SÃ¸nderbrogade 16,Til kapitalejeren i Mads Lauridsen Holding ApS,Regnskabsklasse B,Ãrsrapporten aflÃ¦gges i overensstemmelse med Ã¥rsregnskabsloven.,"Det er min opfattelse at Ã¥rsregnskabet giver et retvisende billede af selskabets aktiver, passiver og finansielle stilling pr. 31. december 2012 samt af resultatet af selskabets aktiviteter for regnskabsÃ¥ret 1. januar - 31. december 2012.",2013-03-21,2013-04-02,statsautoriseret revisor,ForeslÃ¥et udbytte vises som en sÃ¦rskilt post under egenkapitalen. Udbytte indregnes som en forpligtelse pÃ¥ tidspunktet for vedtagelse pÃ¥ generalforsamlingen.,Andre eksterne omkostninger omfatter omkostninger til administration m.v.,"Finansielle indtÃ¦gter og omkostninger indregnes i resultatopgÃ¸relsen med de belÃ¸b, der vedrÃ¸rer regnskabsÃ¥ret. Finansielle poster omfatter  renteindtÃ¦gter og -omkostninger samt tillÃ¦g og godtgÃ¸relse under acontoskatteordningen m.v.",100000.0,-100000.0,25802063.0,31586496.0,25802063.0,Direktionen har dags dato behandlet og godkendt Ã¥rsrapporten for 1. januar - 31. december 2012 for Mads Lauridsen Holding ApS.,"Vi har revideret Ã¥rsregnskabet for Mads Lauridsen Holding ApS for regnskabsÃ¥ret 1. januar - 31. december 2012, der omfatter anvendt regnskabspraksis, resultatopgÃ¸relse, balance, egenkapitalopgÃ¸relse og noter. Ãrsregnskabet udarbejdes efter Ã¥rsregnskabsloven.",Ãrsrapport,,Mads Lauridsen,Mads Lauridsen,Mads Lauridsen Holding ApS,Samvirkende Revisorer Statsautoriseret revisionsaktieselskab,1000.0,250.0,"Det er vores opfattelse, at Ã¥rsregnskabet giver et retvisende billede af selskabets aktiver, passiver og finansielle stilling pr. 31. december 2012 samt af resultatet af selskabets aktiviteter for regnskabsÃ¥ret 1. januar - 31. december 2012 i overensstemmelse med Ã¥rsregnskabsloven.",Horsens,TÃ¸mrerfirmaet Mads Lauridsen ApS,Horsens,2012-12-31,2012-01-01,100.0,2013-03-21,Horsens,"Ledelsen har ansvaret for udarbejdelsen af et Ã¥rsregnskab, der giver et retvisende billede i overensstemmelse med Ã¥rsregnskabsloven. Ledelsen har endvidere ansvaret for den interne kontrol, som ledelsen anser nÃ¸dvendig for at udarbejde et Ã¥rsregnskab uden vÃ¦sentlig fejlinformation, uanset om denne skyldes besvigelser eller fejl.","Vi har i henhold til Ã¥rsregnskabsloven gennemlÃ¦st ledelsesberetningen. Vi har ikke foretaget yderligere handlinger i tillÃ¦g til den udfÃ¸rte revision af Ã¥rsregnskabet. Det er pÃ¥ denne baggrund vores opfattelse, at oplysningerne i ledelsesberetningen er i overensstemmelse med Ã¥rsregnskabet.",75629999.0,urn:ofk:oid:19633298,indberetninger-20180424,2.5122662,31586496.0,,2018-04-01T13:26:53.198Z,2013-04-05T22:00:00.000Z,regnskab,0.0,,2012-12-31,2012-01-01,13-119.806,2013-04-05T22:00:00.000Z,,,,,,,,,,,,,,841000.0,131000.0,250000.0,136000.0,5000.0,814000.0,841000.0,27000.0,705000.0,705000.0,705000.0,5000.0,0.0,100000.0,464000.0,27000.0,13000.0,5000.0,9000.0,0.0,,
31586496,2011-12-31,2011-12-31,c81,http://regnskaber.virk.dk/69468513/Y3ZyLmRrOi8vcGRmcy8zMTU4NjQ5NjtBcFM0MzYyMTI7MjAxMjAxMDE7MjAxMjEyMzE7UjtS.pdf,http://regnskaber.virk.dk/69468513/Y3ZyLmRrOi8veGJybHMvWC00NEUzRDIxOS0yMDEzMDQwNV8xMTA5MTZfMDE4.xml,-37000.0,Danmark,8700 Horsens,SÃ¸nderbrogade 16,8700  Horsens,Vesterskovvej 39,8700 Horsens,SÃ¸nderbrogade 16,Til kapitalejeren i Mads Lauridsen Holding ApS,Regnskabsklasse B,Ãrsrapporten aflÃ¦gges i overensstemmelse med Ã¥rsregnskabsloven.,"Det er min opfattelse at Ã¥rsregnskabet giver et retvisende billede af selskabets aktiver, passiver og finansielle stilling pr. 31. december 2012 samt af resultatet af selskabets aktiviteter for regnskabsÃ¥ret 1. januar - 31. december 2012.",2013-03-21,2013-04-02,statsautoriseret revisor,ForeslÃ¥et udbytte vises som en sÃ¦rskilt post under egenkapitalen. Udbytte indregnes som en forpligtelse pÃ¥ tidspunktet for vedtagelse pÃ¥ generalforsamlingen.,Andre eksterne omkostninger omfatter omkostninger til administration m.v.,"Finansielle indtÃ¦gter og omkostninger indregnes i resultatopgÃ¸relsen med de belÃ¸b, der vedrÃ¸rer regnskabsÃ¥ret. Finansielle poster omfatter  renteindtÃ¦gter og -omkostninger samt tillÃ¦g og godtgÃ¸relse under acontoskatteordningen m.v.",100000.0,-100000.0,25802063.0,31586496.0,25802063.0,Direktionen har dags dato behandlet og godkendt Ã¥rsrapporten for 1. januar - 31. december 2012 for Mads Lauridsen Holding ApS.,"Vi har revideret Ã¥rsregnskabet for Mads Lauridsen Holding ApS for regnskabsÃ¥ret 1. januar - 31. december 2012, der omfatter anvendt regnskabspraksis, resultatopgÃ¸relse, balance, egenkapitalopgÃ¸relse og noter. Ãrsregnskabet udarbejdes efter Ã¥rsregnskabsloven.",Ãrsrapport,742000.0,Mads Lauridsen,Mads Lauridsen,Mads Lauridsen Holding ApS,Samvirkende Revisorer Statsautoriseret revisionsaktieselskab,1000.0,250.0,"Det er vores opfattelse, at Ã¥rsregnskabet giver et retvisende billede af selskabets aktiver, passiver og finansielle stilling pr. 31. december 2012 samt af resultatet af selskabets aktiviteter for regnskabsÃ¥ret 1. januar - 31. december 2012 i overensstemmelse med Ã¥rsregnskabsloven.",Horsens,TÃ¸mrerfirmaet Mads Lauridsen ApS,Horsens,2012-12-31,2012-01-01,100.0,2013-03-21,Horsens,"Ledelsen har ansvaret for udarbejdelsen af et Ã¥rsregnskab, der giver et retvisende billede i overensstemmelse med Ã¥rsregnskabsloven. Ledelsen har endvidere ansvaret for den interne kontrol, som ledelsen anser nÃ¸dvendig for at udarbejde et Ã¥rsregnskab uden vÃ¦sentlig fejlinformation, uanset om denne skyldes besvigelser eller fejl.","Vi har i henhold til Ã¥rsregnskabsloven gennemlÃ¦st ledelsesberetningen. Vi har ikke foretaget yderligere handlinger i tillÃ¦g til den udfÃ¸rte revision af Ã¥rsregnskabet. Det er pÃ¥ denne baggrund vores opfattelse, at oplysningerne i ledelsesberetningen er i overensstemmelse med Ã¥rsregnskabet.",75629999.0,urn:ofk:oid:19633298,indberetninger-20180424,2.5122662,31586496.0,,2018-04-01T13:26:53.198Z,2013-04-05T22:00:00.000Z,regnskab,0.0,,2012-12-31,2012-01-01,13-119.806,2013-04-05T22:00:00.000Z,,,,,,,,,,,,,,,,,,,,,,705000.0,,,,,,,,,,,,,
31586496,2012-01-01,2012-01-01,c113,http://regnskaber.virk.dk/69468513/Y3ZyLmRrOi8vcGRmcy8zMTU4NjQ5NjtBcFM0MzYyMTI7MjAxMjAxMDE7MjAxMjEyMzE7UjtS.pdf,http://regnskaber.virk.dk/69468513/Y3ZyLmRrOi8veGJybHMvWC00NEUzRDIxOS0yMDEzMDQwNV8xMTA5MTZfMDE4.xml,,Danmark,8700 Horsens,SÃ¸nderbrogade 16,8700  Horsens,Vesterskovvej 39,8700 Horsens,SÃ¸nderbrogade 16,Til kapitalejeren i Mads Lauridsen Holding ApS,Regnskabsklasse B,Ãrsrapporten aflÃ¦gges i overensstemmelse med Ã¥rsregnskabsloven.,"Det er min opfattelse at Ã¥rsregnskabet giver et retvisende billede af selskabets aktiver, passiver og finansielle stilling pr. 31. december 2012 samt af resultatet af selskabets aktiviteter for regnskabsÃ¥ret 1. januar - 31. december 2012.",2013-03-21,2013-04-02,statsautoriseret revisor,ForeslÃ¥et udbytte vises som en sÃ¦rskilt post under egenkapitalen. Udbytte indregnes som en forpligtelse pÃ¥ tidspunktet for vedtagelse pÃ¥ generalforsamlingen.,Andre eksterne omkostninger omfatter omkostninger til administration m.v.,"Finansielle indtÃ¦gter og omkostninger indregnes i resultatopgÃ¸relsen med de belÃ¸b, der vedrÃ¸rer regnskabsÃ¥ret. Finansielle poster omfatter  renteindtÃ¦gter og -omkostninger samt tillÃ¦g og godtgÃ¸relse under acontoskatteordningen m.v.",100000.0,-100000.0,25802063.0,31586496.0,25802063.0,Direktionen har dags dato behandlet og godkendt Ã¥rsrapporten for 1. januar - 31. december 2012 for Mads Lauridsen Holding ApS.,"Vi har revideret Ã¥rsregnskabet for Mads Lauridsen Holding ApS for regnskabsÃ¥ret 1. januar - 31. december 2012, der omfatter anvendt regnskabspraksis, resultatopgÃ¸relse, balance, egenkapitalopgÃ¸relse og noter. Ãrsregnskabet udarbejdes efter Ã¥rsregnskabsloven.",Ãrsrapport,,Mads Lauridsen,Mads Lauridsen,Mads Lauridsen Holding ApS,Samvirkende Revisorer Statsautoriseret revisionsaktieselskab,1000.0,250.0,"Det er vores opfattelse, at Ã¥rsregnskabet giver et retvisende billede af selskabets aktiver, passiver og finansielle stilling pr. 31. december 2012 samt af resultatet af selskabets aktiviteter for regnskabsÃ¥ret 1. januar - 31. december 2012 i overensstemmelse med Ã¥rsregnskabsloven.",Horsens,TÃ¸mrerfirmaet Mads Lauridsen ApS,Horsens,2012-12-31,2012-01-01,100.0,2013-03-21,Horsens,"Ledelsen har ansvaret for udarbejdelsen af et Ã¥rsregnskab, der giver et retvisende billede i overensstemmelse med Ã¥rsregnskabsloven. Ledelsen har endvidere ansvaret for den interne kontrol, som ledelsen anser nÃ¸dvendig for at udarbejde et Ã¥rsregnskab uden vÃ¦sentlig fejlinformation, uanset om denne skyldes besvigelser eller fejl.","Vi har i henhold til Ã¥rsregnskabsloven gennemlÃ¦st ledelsesberetningen. Vi har ikke foretaget yderligere handlinger i tillÃ¦g til den udfÃ¸rte revision af Ã¥rsregnskabet. Det er pÃ¥ denne baggrund vores opfattelse, at oplysningerne i ledelsesberetningen er i overensstemmelse med Ã¥rsregnskabet.",75629999.0,urn:ofk:oid:19633298,indberetninger-20180424,2.5122662,31586496.0,,2018-04-01T13:26:53.198Z,2013-04-05T22:00:00.000Z,regnskab,0.0,,2012-12-31,2012-01-01,13-119.806,2013-04-05T22:00:00.000Z,,,,,,,,,,,,,,,,,,,250000.0,,,,,,,,,,,,,,,,
31586496,2012-01-01,2012-01-01,c131,http://regnskaber.virk.dk/69468513/Y3ZyLmRrOi8vcGRmcy8zMTU4NjQ5NjtBcFM0MzYyMTI7MjAxMjAxMDE7MjAxMjEyMzE7UjtS.pdf,http://regnskaber.virk.dk/69468513/Y3ZyLmRrOi8veGJybHMvWC00NEUzRDIxOS0yMDEzMDQwNV8xMTA5MTZfMDE4.xml,,Danmark,8700 Horsens,SÃ¸nderbrogade 16,8700  Horsens,Vesterskovvej 39,8700 Horsens,SÃ¸nderbrogade 16,Til kapitalejeren i Mads Lauridsen Holding ApS,Regnskabsklasse B,Ãrsrapporten aflÃ¦gges i overensstemmelse med Ã¥rsregnskabsloven.,"Det er min opfattelse at Ã¥rsregnskabet giver et retvisende billede af selskabets aktiver, passiver og finansielle stilling pr. 31. december 2012 samt af resultatet af selskabets aktiviteter for regnskabsÃ¥ret 1. januar - 31. december 2012.",2013-03-21,2013-04-02,statsautoriseret revisor,ForeslÃ¥et udbytte vises som en sÃ¦rskilt post under egenkapitalen. Udbytte indregnes som en forpligtelse pÃ¥ tidspunktet for vedtagelse pÃ¥ generalforsamlingen.,Andre eksterne omkostninger omfatter omkostninger til administration m.v.,"Finansielle indtÃ¦gter og omkostninger indregnes i resultatopgÃ¸relsen med de belÃ¸b, der vedrÃ¸rer regnskabsÃ¥ret. Finansielle poster omfatter  renteindtÃ¦gter og -omkostninger samt tillÃ¦g og godtgÃ¸relse under acontoskatteordningen m.v.",100000.0,-100000.0,25802063.0,31586496.0,25802063.0,Direktionen har dags dato behandlet og godkendt Ã¥rsrapporten for 1. januar - 31. december 2012 for Mads Lauridsen Holding ApS.,"Vi har revideret Ã¥rsregnskabet for Mads Lauridsen Holding ApS for regnskabsÃ¥ret 1. januar - 31. december 2012, der omfatter anvendt regnskabspraksis, resultatopgÃ¸relse, balance, egenkapitalopgÃ¸relse og noter. Ãrsregnskabet udarbejdes efter Ã¥rsregnskabsloven.",Ãrsrapport,,Mads Lauridsen,Mads Lauridsen,Mads Lauridsen Holding ApS,Samvirkende Revisorer Statsautoriseret revisionsaktieselskab,1000.0,250.0,"Det er vores opfattelse, at Ã¥rsregnskabet giver et retvisende billede af selskabets aktiver, passiver og finansielle stilling pr. 31. december 2012 samt af resultatet af selskabets aktiviteter for regnskabsÃ¥ret 1. januar - 31. december 2012 i overensstemmelse med Ã¥rsregnskabsloven.",Horsens,TÃ¸mrerfirmaet Mads Lauridsen ApS,Horsens,2012-12-31,2012-01-01,100.0,2013-03-21,Horsens,"Ledelsen har ansvaret for udarbejdelsen af et Ã¥rsregnskab, der giver et retvisende billede i overensstemmelse med Ã¥rsregnskabsloven. Ledelsen har endvidere ansvaret for den interne kontrol, som ledelsen anser nÃ¸dvendig for at udarbejde et Ã¥rsregnskab uden vÃ¦sentlig fejlinformation, uanset om denne skyldes besvigelser eller fejl.","Vi har i henhold til Ã¥rsregnskabsloven gennemlÃ¦st ledelsesberetningen. Vi har ikke foretaget yderligere handlinger i tillÃ¦g til den udfÃ¸rte revision af Ã¥rsregnskabet. Det er pÃ¥ denne baggrund vores opfattelse, at oplysningerne i ledelsesberetningen er i overensstemmelse med Ã¥rsregnskabet.",75629999.0,urn:ofk:oid:19633298,indberetninger-20180424,2.5122662,31586496.0,,2018-04-01T13:26:53.198Z,2013-04-05T22:00:00.000Z,regnskab,0.0,,2012-12-31,2012-01-01,13-119.806,2013-04-05T22:00:00.000Z,,,,,,,,,,,,,,,,,,,463908.0,,,,,,,,,,,,,,,,
31586496,2012-01-01,2012-01-01,c134,http://regnskaber.virk.dk/69468513/Y3ZyLmRrOi8vcGRmcy8zMTU4NjQ5NjtBcFM0MzYyMTI7MjAxMjAxMDE7MjAxMjEyMzE7UjtS.pdf,http://regnskaber.virk.dk/69468513/Y3ZyLmRrOi8veGJybHMvWC00NEUzRDIxOS0yMDEzMDQwNV8xMTA5MTZfMDE4.xml,,Danmark,8700 Horsens,SÃ¸nderbrogade 16,8700  Horsens,Vesterskovvej 39,8700 Horsens,SÃ¸nderbrogade 16,Til kapitalejeren i Mads Lauridsen Holding ApS,Regnskabsklasse B,Ãrsrapporten aflÃ¦gges i overensstemmelse med Ã¥rsregnskabsloven.,"Det er min opfattelse at Ã¥rsregnskabet giver et retvisende billede af selskabets aktiver, passiver og finansielle stilling pr. 31. december 2012 samt af resultatet af selskabets aktiviteter for regnskabsÃ¥ret 1. januar - 31. december 2012.",2013-03-21,2013-04-02,statsautoriseret revisor,ForeslÃ¥et udbytte vises som en sÃ¦rskilt post under egenkapitalen. Udbytte indregnes som en forpligtelse pÃ¥ tidspunktet for vedtagelse pÃ¥ generalforsamlingen.,Andre eksterne omkostninger omfatter omkostninger til administration m.v.,"Finansielle indtÃ¦gter og omkostninger indregnes i resultatopgÃ¸relsen med de belÃ¸b, der vedrÃ¸rer regnskabsÃ¥ret. Finansielle poster omfatter  renteindtÃ¦gter og -omkostninger samt tillÃ¦g og godtgÃ¸relse under acontoskatteordningen m.v.",100000.0,-100000.0,25802063.0,31586496.0,25802063.0,Direktionen har dags dato behandlet og godkendt Ã¥rsrapporten for 1. januar - 31. december 2012 for Mads Lauridsen Holding ApS.,"Vi har revideret Ã¥rsregnskabet for Mads Lauridsen Holding ApS for regnskabsÃ¥ret 1. januar - 31. december 2012, der omfatter anvendt regnskabspraksis, resultatopgÃ¸relse, balance, egenkapitalopgÃ¸relse og noter. Ãrsregnskabet udarbejdes efter Ã¥rsregnskabsloven.",Ãrsrapport,,Mads Lauridsen,Mads Lauridsen,Mads Lauridsen Holding ApS,Samvirkende Revisorer Statsautoriseret revisionsaktieselskab,1000.0,250.0,"Det er vores opfattelse, at Ã¥rsregnskabet giver et retvisende billede af selskabets aktiver, passiver og finansielle stilling pr. 31. december 2012 samt af resultatet af selskabets aktiviteter for regnskabsÃ¥ret 1. januar - 31. december 2012 i overensstemmelse med Ã¥rsregnskabsloven.",Horsens,TÃ¸mrerfirmaet Mads Lauridsen ApS,Horsens,2012-12-31,2012-01-01,100.0,2013-03-21,Horsens,"Ledelsen har ansvaret for udarbejdelsen af et Ã¥rsregnskab, der giver et retvisende billede i overensstemmelse med Ã¥rsregnskabsloven. Ledelsen har endvidere ansvaret for den interne kontrol, som ledelsen anser nÃ¸dvendig for at udarbejde et Ã¥rsregnskab uden vÃ¦sentlig fejlinformation, uanset om denne skyldes besvigelser eller fejl.","Vi har i henhold til Ã¥rsregnskabsloven gennemlÃ¦st ledelsesberetningen. Vi har ikke foretaget yderligere handlinger i tillÃ¦g til den udfÃ¸rte revision af Ã¥rsregnskabet. Det er pÃ¥ denne baggrund vores opfattelse, at oplysningerne i ledelsesberetningen er i overensstemmelse med Ã¥rsregnskabet.",75629999.0,urn:ofk:oid:19633298,indberetninger-20180424,2.5122662,31586496.0,,2018-04-01T13:26:53.198Z,2013-04-05T22:00:00.000Z,regnskab,0.0,,2012-12-31,2012-01-01,13-119.806,2013-04-05T22:00:00.000Z,,,,,,,,,,,,,,,,,,,100000.0,,,,,,,,,,,,,,,,
31586496,2012-01-01,2012-01-01,c76,http://regnskaber.virk.dk/69468513/Y3ZyLmRrOi8vcGRmcy8zMTU4NjQ5NjtBcFM0MzYyMTI7MjAxMjAxMDE7MjAxMjEyMzE7UjtS.pdf,http://regnskaber.virk.dk/69468513/Y3ZyLmRrOi8veGJybHMvWC00NEUzRDIxOS0yMDEzMDQwNV8xMTA5MTZfMDE4.xml,-36685.0,Danmark,8700 Horsens,SÃ¸nderbrogade 16,8700  Horsens,Vesterskovvej 39,8700 Horsens,SÃ¸nderbrogade 16,Til kapitalejeren i Mads Lauridsen Holding ApS,Regnskabsklasse B,Ãrsrapporten aflÃ¦gges i overensstemmelse med Ã¥rsregnskabsloven.,"Det er min opfattelse at Ã¥rsregnskabet giver et retvisende billede af selskabets aktiver, passiver og finansielle stilling pr. 31. december 2012 samt af resultatet af selskabets aktiviteter for regnskabsÃ¥ret 1. januar - 31. december 2012.",2013-03-21,2013-04-02,statsautoriseret revisor,ForeslÃ¥et udbytte vises som en sÃ¦rskilt post under egenkapitalen. Udbytte indregnes som en forpligtelse pÃ¥ tidspunktet for vedtagelse pÃ¥ generalforsamlingen.,Andre eksterne omkostninger omfatter omkostninger til administration m.v.,"Finansielle indtÃ¦gter og omkostninger indregnes i resultatopgÃ¸relsen med de belÃ¸b, der vedrÃ¸rer regnskabsÃ¥ret. Finansielle poster omfatter  renteindtÃ¦gter og -omkostninger samt tillÃ¦g og godtgÃ¸relse under acontoskatteordningen m.v.",100000.0,-100000.0,25802063.0,31586496.0,25802063.0,Direktionen har dags dato behandlet og godkendt Ã¥rsrapporten for 1. januar - 31. december 2012 for Mads Lauridsen Holding ApS.,"Vi har revideret Ã¥rsregnskabet for Mads Lauridsen Holding ApS for regnskabsÃ¥ret 1. januar - 31. december 2012, der omfatter anvendt regnskabspraksis, resultatopgÃ¸relse, balance, egenkapitalopgÃ¸relse og noter. Ãrsregnskabet udarbejdes efter Ã¥rsregnskabsloven.",Ãrsrapport,742000.0,Mads Lauridsen,Mads Lauridsen,Mads Lauridsen Holding ApS,Samvirkende Revisorer Statsautoriseret revisionsaktieselskab,1000.0,250.0,"Det er vores opfattelse, at Ã¥rsregnskabet giver et retvisende billede af selskabets aktiver, passiver og finansielle stilling pr. 31. december 2012 samt af resultatet af selskabets aktiviteter for regnskabsÃ¥ret 1. januar - 31. december 2012 i overensstemmelse med Ã¥rsregnskabsloven.",Horsens,TÃ¸mrerfirmaet Mads Lauridsen ApS,Horsens,2012-12-31,2012-01-01,100.0,2013-03-21,Horsens,"Ledelsen har ansvaret for udarbejdelsen af et Ã¥rsregnskab, der giver et retvisende billede i overensstemmelse med Ã¥rsregnskabsloven. Ledelsen har endvidere ansvaret for den interne kontrol, som ledelsen anser nÃ¸dvendig for at udarbejde et Ã¥rsregnskab uden vÃ¦sentlig fejlinformation, uanset om denne skyldes besvigelser eller fejl.","Vi har i henhold til Ã¥rsregnskabsloven gennemlÃ¦st ledelsesberetningen. Vi har ikke foretaget yderligere handlinger i tillÃ¦g til den udfÃ¸rte revision af Ã¥rsregnskabet. Det er pÃ¥ denne baggrund vores opfattelse, at oplysningerne i ledelsesberetningen er i overensstemmelse med Ã¥rsregnskabet.",75629999.0,urn:ofk:oid:19633298,indberetninger-20180424,2.5122662,31586496.0,,2018-04-01T13:26:53.198Z,2013-04-05T22:00:00.000Z,regnskab,0.0,,2012-12-31,2012-01-01,13-119.806,2013-04-05T22:00:00.000Z,,,,,,,,,,,,,,,,,,,,,,,,,,,,,,,,,,,
31586496,2012-01-01,2012-12-31,c104,http://regnskaber.virk.dk/69468513/Y3ZyLmRrOi8vcGRmcy8zMTU4NjQ5NjtBcFM0MzYyMTI7MjAxMjAxMDE7MjAxMjEyMzE7UjtS.pdf,http://regnskaber.virk.dk/69468513/Y3ZyLmRrOi8veGJybHMvWC00NEUzRDIxOS0yMDEzMDQwNV8xMTA5MTZfMDE4.xml,,Danmark,8700 Horsens,SÃ¸nderbrogade 16,8700  Horsens,Vesterskovvej 39,8700 Horsens,SÃ¸nderbrogade 16,Til kapitalejeren i Mads Lauridsen Holding ApS,Regnskabsklasse B,Ãrsrapporten aflÃ¦gges i overensstemmelse med Ã¥rsregnskabsloven.,"Det er min opfattelse at Ã¥rsregnskabet giver et retvisende billede af selskabets aktiver, passiver og finansielle stilling pr. 31. december 2012 samt af resultatet af selskabets aktiviteter for regnskabsÃ¥ret 1. januar - 31. december 2012.",2013-03-21,2013-04-02,statsautoriseret revisor,ForeslÃ¥et udbytte vises som en sÃ¦rskilt post under egenkapitalen. Udbytte indregnes som en forpligtelse pÃ¥ tidspunktet for vedtagelse pÃ¥ generalforsamlingen.,Andre eksterne omkostninger omfatter omkostninger til administration m.v.,"Finansielle indtÃ¦gter og omkostninger indregnes i resultatopgÃ¸relsen med de belÃ¸b, der vedrÃ¸rer regnskabsÃ¥ret. Finansielle poster omfatter  renteindtÃ¦gter og -omkostninger samt tillÃ¦g og godtgÃ¸relse under acontoskatteordningen m.v.",100000.0,-100000.0,25802063.0,31586496.0,25802063.0,Direktionen har dags dato behandlet og godkendt Ã¥rsrapporten for 1. januar - 31. december 2012 for Mads Lauridsen Holding ApS.,"Vi har revideret Ã¥rsregnskabet for Mads Lauridsen Holding ApS for regnskabsÃ¥ret 1. januar - 31. december 2012, der omfatter anvendt regnskabspraksis, resultatopgÃ¸relse, balance, egenkapitalopgÃ¸relse og noter. Ãrsregnskabet udarbejdes efter Ã¥rsregnskabsloven.",Ãrsrapport,,Mads Lauridsen,Mads Lauridsen,Mads Lauridsen Holding ApS,Samvirkende Revisorer Statsautoriseret revisionsaktieselskab,1000.0,250.0,"Det er vores opfattelse, at Ã¥rsregnskabet giver et retvisende billede af selskabets aktiver, passiver og finansielle stilling pr. 31. december 2012 samt af resultatet af selskabets aktiviteter for regnskabsÃ¥ret 1. januar - 31. december 2012 i overensstemmelse med Ã¥rsregnskabsloven.",Horsens,TÃ¸mrerfirmaet Mads Lauridsen ApS,Horsens,2012-12-31,2012-01-01,100.0,2013-03-21,Horsens,"Ledelsen har ansvaret for udarbejdelsen af et Ã¥rsregnskab, der giver et retvisende billede i overensstemmelse med Ã¥rsregnskabsloven. Ledelsen har endvidere ansvaret for den interne kontrol, som ledelsen anser nÃ¸dvendig for at udarbejde et Ã¥rsregnskab uden vÃ¦sentlig fejlinformation, uanset om denne skyldes besvigelser eller fejl.","Vi har i henhold til Ã¥rsregnskabsloven gennemlÃ¦st ledelsesberetningen. Vi har ikke foretaget yderligere handlinger i tillÃ¦g til den udfÃ¸rte revision af Ã¥rsregnskabet. Det er pÃ¥ denne baggrund vores opfattelse, at oplysningerne i ledelsesberetningen er i overensstemmelse med Ã¥rsregnskabet.",75629999.0,urn:ofk:oid:19633298,indberetninger-20180424,2.5122662,31586496.0,,2018-04-01T13:26:53.198Z,2013-04-05T22:00:00.000Z,regnskab,0.0,,2012-12-31,2012-01-01,13-119.806,2013-04-05T22:00:00.000Z,,,,,,,,,,,,,,,,,,,,,,,,,,,,,,,,,,,
31586496,2012-01-01,2012-12-31,c11,http://regnskaber.virk.dk/69468513/Y3ZyLmRrOi8vcGRmcy8zMTU4NjQ5NjtBcFM0MzYyMTI7MjAxMjAxMDE7MjAxMjEyMzE7UjtS.pdf,http://regnskaber.virk.dk/69468513/Y3ZyLmRrOi8veGJybHMvWC00NEUzRDIxOS0yMDEzMDQwNV8xMTA5MTZfMDE4.xml,,Danmark,8700 Horsens,SÃ¸nderbrogade 16,8700  Horsens,Vesterskovvej 39,8700 Horsens,SÃ¸nderbrogade 16,Til kapitalejeren i Mads Lauridsen Holding ApS,Regnskabsklasse B,Ãrsrapporten aflÃ¦gges i overensstemmelse med Ã¥rsregnskabsloven.,"Det er min opfattelse at Ã¥rsregnskabet giver et retvisende billede af selskabets aktiver, passiver og finansielle stilling pr. 31. december 2012 samt af resultatet af selskabets aktiviteter for regnskabsÃ¥ret 1. januar - 31. december 2012.",2013-03-21,2013-04-02,statsautoriseret revisor,ForeslÃ¥et udbytte vises som en sÃ¦rskilt post under egenkapitalen. Udbytte indregnes som en forpligtelse pÃ¥ tidspunktet for vedtagelse pÃ¥ generalforsamlingen.,Andre eksterne omkostninger omfatter omkostninger til administration m.v.,"Finansielle indtÃ¦gter og omkostninger indregnes i resultatopgÃ¸relsen med de belÃ¸b, der vedrÃ¸rer regnskabsÃ¥ret. Finansielle poster omfatter  renteindtÃ¦gter og -omkostninger samt tillÃ¦g og godtgÃ¸relse under acontoskatteordningen m.v.",100000.0,-100000.0,25802063.0,31586496.0,25802063.0,Direktionen har dags dato behandlet og godkendt Ã¥rsrapporten for 1. januar - 31. december 2012 for Mads Lauridsen Holding ApS.,"Vi har revideret Ã¥rsregnskabet for Mads Lauridsen Holding ApS for regnskabsÃ¥ret 1. januar - 31. december 2012, der omfatter anvendt regnskabspraksis, resultatopgÃ¸relse, balance, egenkapitalopgÃ¸relse og noter. Ãrsregnskabet udarbejdes efter Ã¥rsregnskabsloven.",Ãrsrapport,,Mads Lauridsen,Mads Lauridsen,Mads Lauridsen Holding ApS,Samvirkende Revisorer Statsautoriseret revisionsaktieselskab,1000.0,250.0,"Det er vores opfattelse, at Ã¥rsregnskabet giver et retvisende billede af selskabets aktiver, passiver og finansielle stilling pr. 31. december 2012 samt af resultatet af selskabets aktiviteter for regnskabsÃ¥ret 1. januar - 31. december 2012 i overensstemmelse med Ã¥rsregnskabsloven.",Horsens,TÃ¸mrerfirmaet Mads Lauridsen ApS,Horsens,2012-12-31,2012-01-01,100.0,2013-03-21,Horsens,"Ledelsen har ansvaret for udarbejdelsen af et Ã¥rsregnskab, der giver et retvisende billede i overensstemmelse med Ã¥rsregnskabsloven. Ledelsen har endvidere ansvaret for den interne kontrol, som ledelsen anser nÃ¸dvendig for at udarbejde et Ã¥rsregnskab uden vÃ¦sentlig fejlinformation, uanset om denne skyldes besvigelser eller fejl.","Vi har i henhold til Ã¥rsregnskabsloven gennemlÃ¦st ledelsesberetningen. Vi har ikke foretaget yderligere handlinger i tillÃ¦g til den udfÃ¸rte revision af Ã¥rsregnskabet. Det er pÃ¥ denne baggrund vores opfattelse, at oplysningerne i ledelsesberetningen er i overensstemmelse med Ã¥rsregnskabet.",75629999.0,urn:ofk:oid:19633298,indberetninger-20180424,2.5122662,31586496.0,,2018-04-01T13:26:53.198Z,2013-04-05T22:00:00.000Z,regnskab,0.0,,2012-12-31,2012-01-01,13-119.806,2013-04-05T22:00:00.000Z,5325.0,4632.0,-12500.0,72082.0,25828.0,31709.0,5881.0,81334.0,9957.0,,,,,,,,,,,,,,,,,,,,,,,,,Jens Roesgaard,Samvirkende Revisorer
31586496,2012-01-01,2012-12-31,c12,http://regnskaber.virk.dk/69468513/Y3ZyLmRrOi8vcGRmcy8zMTU4NjQ5NjtBcFM0MzYyMTI7MjAxMjAxMDE7MjAxMjEyMzE7UjtS.pdf,http://regnskaber.virk.dk/69468513/Y3ZyLmRrOi8veGJybHMvWC00NEUzRDIxOS0yMDEzMDQwNV8xMTA5MTZfMDE4.xml,,Danmark,8700 Horsens,SÃ¸nderbrogade 16,8700  Horsens,Vesterskovvej 39,8700 Horsens,SÃ¸nderbrogade 16,Til kapitalejeren i Mads Lauridsen Holding ApS,Regnskabsklasse B,Ãrsrapporten aflÃ¦gges i overensstemmelse med Ã¥rsregnskabsloven.,"Det er min opfattelse at Ã¥rsregnskabet giver et retvisende billede af selskabets aktiver, passiver og finansielle stilling pr. 31. december 2012 samt af resultatet af selskabets aktiviteter for regnskabsÃ¥ret 1. januar - 31. december 2012.",2013-03-21,2013-04-02,statsautoriseret revisor,ForeslÃ¥et udbytte vises som en sÃ¦rskilt post under egenkapitalen. Udbytte indregnes som en forpligtelse pÃ¥ tidspunktet for vedtagelse pÃ¥ generalforsamlingen.,Andre eksterne omkostninger omfatter omkostninger til administration m.v.,"Finansielle indtÃ¦gter og omkostninger indregnes i resultatopgÃ¸relsen med de belÃ¸b, der vedrÃ¸rer regnskabsÃ¥ret. Finansielle poster omfatter  renteindtÃ¦gter og -omkostninger samt tillÃ¦g og godtgÃ¸relse under acontoskatteordningen m.v.",100000.0,-100000.0,25802063.0,31586496.0,25802063.0,Direktionen har dags dato behandlet og godkendt Ã¥rsrapporten for 1. januar - 31. december 2012 for Mads Lauridsen Holding ApS.,"Vi har revideret Ã¥rsregnskabet for Mads Lauridsen Holding ApS for regnskabsÃ¥ret 1. januar - 31. december 2012, der omfatter anvendt regnskabspraksis, resultatopgÃ¸relse, balance, egenkapitalopgÃ¸relse og noter. Ãrsregnskabet udarbejdes efter Ã¥rsregnskabsloven.",Ãrsrapport,,Mads Lauridsen,Mads Lauridsen,Mads Lauridsen Holding ApS,Samvirkende Revisorer Statsautoriseret revisionsaktieselskab,1000.0,250.0,"Det er vores opfattelse, at Ã¥rsregnskabet giver et retvisende billede af selskabets aktiver, passiver og finansielle stilling pr. 31. december 2012 samt af resultatet af selskabets aktiviteter for regnskabsÃ¥ret 1. januar - 31. december 2012 i overensstemmelse med Ã¥rsregnskabsloven.",Horsens,TÃ¸mrerfirmaet Mads Lauridsen ApS,Horsens,2012-12-31,2012-01-01,100.0,2013-03-21,Horsens,"Ledelsen har ansvaret for udarbejdelsen af et Ã¥rsregnskab, der giver et retvisende billede i overensstemmelse med Ã¥rsregnskabsloven. Ledelsen har endvidere ansvaret for den interne kontrol, som ledelsen anser nÃ¸dvendig for at udarbejde et Ã¥rsregnskab uden vÃ¦sentlig fejlinformation, uanset om denne skyldes besvigelser eller fejl.","Vi har i henhold til Ã¥rsregnskabsloven gennemlÃ¦st ledelsesberetningen. Vi har ikke foretaget yderligere handlinger i tillÃ¦g til den udfÃ¸rte revision af Ã¥rsregnskabet. Det er pÃ¥ denne baggrund vores opfattelse, at oplysningerne i ledelsesberetningen er i overensstemmelse med Ã¥rsregnskabet.",75629999.0,urn:ofk:oid:19633298,indberetninger-20180424,2.5122662,31586496.0,,2018-04-01T13:26:53.198Z,2013-04-05T22:00:00.000Z,regnskab,0.0,,2012-12-31,2012-01-01,13-119.806,2013-04-05T22:00:00.000Z,,,,,,,,,,,,,,,,,,,,,,,,,,,,,,,,,,Jens Roesgaard,Samvirkende Revisorer
31586496,2012-01-01,2012-12-31,c132,http://regnskaber.virk.dk/69468513/Y3ZyLmRrOi8vcGRmcy8zMTU4NjQ5NjtBcFM0MzYyMTI7MjAxMjAxMDE7MjAxMjEyMzE7UjtS.pdf,http://regnskaber.virk.dk/69468513/Y3ZyLmRrOi8veGJybHMvWC00NEUzRDIxOS0yMDEzMDQwNV8xMTA5MTZfMDE4.xml,,Danmark,8700 Horsens,SÃ¸nderbrogade 16,8700  Horsens,Vesterskovvej 39,8700 Horsens,SÃ¸nderbrogade 16,Til kapitalejeren i Mads Lauridsen Holding ApS,Regnskabsklasse B,Ãrsrapporten aflÃ¦gges i overensstemmelse med Ã¥rsregnskabsloven.,"Det er min opfattelse at Ã¥rsregnskabet giver et retvisende billede af selskabets aktiver, passiver og finansielle stilling pr. 31. december 2012 samt af resultatet af selskabets aktiviteter for regnskabsÃ¥ret 1. januar - 31. december 2012.",2013-03-21,2013-04-02,statsautoriseret revisor,ForeslÃ¥et udbytte vises som en sÃ¦rskilt post under egenkapitalen. Udbytte indregnes som en forpligtelse pÃ¥ tidspunktet for vedtagelse pÃ¥ generalforsamlingen.,Andre eksterne omkostninger omfatter omkostninger til administration m.v.,"Finansielle indtÃ¦gter og omkostninger indregnes i resultatopgÃ¸relsen med de belÃ¸b, der vedrÃ¸rer regnskabsÃ¥ret. Finansielle poster omfatter  renteindtÃ¦gter og -omkostninger samt tillÃ¦g og godtgÃ¸relse under acontoskatteordningen m.v.",100000.0,-100000.0,25802063.0,31586496.0,25802063.0,Direktionen har dags dato behandlet og godkendt Ã¥rsrapporten for 1. januar - 31. december 2012 for Mads Lauridsen Holding ApS.,"Vi har revideret Ã¥rsregnskabet for Mads Lauridsen Holding ApS for regnskabsÃ¥ret 1. januar - 31. december 2012, der omfatter anvendt regnskabspraksis, resultatopgÃ¸relse, balance, egenkapitalopgÃ¸relse og noter. Ãrsregnskabet udarbejdes efter Ã¥rsregnskabsloven.",Ãrsrapport,,Mads Lauridsen,Mads Lauridsen,Mads Lauridsen Holding ApS,Samvirkende Revisorer Statsautoriseret revisionsaktieselskab,1000.0,250.0,"Det er vores opfattelse, at Ã¥rsregnskabet giver et retvisende billede af selskabets aktiver, passiver og finansielle stilling pr. 31. december 2012 samt af resultatet af selskabets aktiviteter for regnskabsÃ¥ret 1. januar - 31. december 2012 i overensstemmelse med Ã¥rsregnskabsloven.",Horsens,TÃ¸mrerfirmaet Mads Lauridsen ApS,Horsens,2012-12-31,2012-01-01,100.0,2013-03-21,Horsens,"Ledelsen har ansvaret for udarbejdelsen af et Ã¥rsregnskab, der giver et retvisende billede i overensstemmelse med Ã¥rsregnskabsloven. Ledelsen har endvidere ansvaret for den interne kontrol, som ledelsen anser nÃ¸dvendig for at udarbejde et Ã¥rsregnskab uden vÃ¦sentlig fejlinformation, uanset om denne skyldes besvigelser eller fejl.","Vi har i henhold til Ã¥rsregnskabsloven gennemlÃ¦st ledelsesberetningen. Vi har ikke foretaget yderligere handlinger i tillÃ¦g til den udfÃ¸rte revision af Ã¥rsregnskabet. Det er pÃ¥ denne baggrund vores opfattelse, at oplysningerne i ledelsesberetningen er i overensstemmelse med Ã¥rsregnskabet.",75629999.0,urn:ofk:oid:19633298,indberetninger-20180424,2.5122662,31586496.0,,2018-04-01T13:26:53.198Z,2013-04-05T22:00:00.000Z,regnskab,0.0,,2012-12-31,2012-01-01,13-119.806,2013-04-05T22:00:00.000Z,,,,,,,,-18666.0,,,,,,,,,,,,,,,,,,,,,,,,,,,
31586496,2012-01-01,2012-12-31,c135,http://regnskaber.virk.dk/69468513/Y3ZyLmRrOi8vcGRmcy8zMTU4NjQ5NjtBcFM0MzYyMTI7MjAxMjAxMDE7MjAxMjEyMzE7UjtS.pdf,http://regnskaber.virk.dk/69468513/Y3ZyLmRrOi8veGJybHMvWC00NEUzRDIxOS0yMDEzMDQwNV8xMTA5MTZfMDE4.xml,,Danmark,8700 Horsens,SÃ¸nderbrogade 16,8700  Horsens,Vesterskovvej 39,8700 Horsens,SÃ¸nderbrogade 16,Til kapitalejeren i Mads Lauridsen Holding ApS,Regnskabsklasse B,Ãrsrapporten aflÃ¦gges i overensstemmelse med Ã¥rsregnskabsloven.,"Det er min opfattelse at Ã¥rsregnskabet giver et retvisende billede af selskabets aktiver, passiver og finansielle stilling pr. 31. december 2012 samt af resultatet af selskabets aktiviteter for regnskabsÃ¥ret 1. januar - 31. december 2012.",2013-03-21,2013-04-02,statsautoriseret revisor,ForeslÃ¥et udbytte vises som en sÃ¦rskilt post under egenkapitalen. Udbytte indregnes som en forpligtelse pÃ¥ tidspunktet for vedtagelse pÃ¥ generalforsamlingen.,Andre eksterne omkostninger omfatter omkostninger til administration m.v.,"Finansielle indtÃ¦gter og omkostninger indregnes i resultatopgÃ¸relsen med de belÃ¸b, der vedrÃ¸rer regnskabsÃ¥ret. Finansielle poster omfatter  renteindtÃ¦gter og -omkostninger samt tillÃ¦g og godtgÃ¸relse under acontoskatteordningen m.v.",100000.0,-100000.0,25802063.0,31586496.0,25802063.0,Direktionen har dags dato behandlet og godkendt Ã¥rsrapporten for 1. januar - 31. december 2012 for Mads Lauridsen Holding ApS.,"Vi har revideret Ã¥rsregnskabet for Mads Lauridsen Holding ApS for regnskabsÃ¥ret 1. januar - 31. december 2012, der omfatter anvendt regnskabspraksis, resultatopgÃ¸relse, balance, egenkapitalopgÃ¸relse og noter. Ãrsregnskabet udarbejdes efter Ã¥rsregnskabsloven.",Ãrsrapport,,Mads Lauridsen,Mads Lauridsen,Mads Lauridsen Holding ApS,Samvirkende Revisorer Statsautoriseret revisionsaktieselskab,1000.0,250.0,"Det er vores opfattelse, at Ã¥rsregnskabet giver et retvisende billede af selskabets aktiver, passiver og finansielle stilling pr. 31. december 2012 samt af resultatet af selskabets aktiviteter for regnskabsÃ¥ret 1. januar - 31. december 2012 i overensstemmelse med Ã¥rsregnskabsloven.",Horsens,TÃ¸mrerfirmaet Mads Lauridsen ApS,Horsens,2012-12-31,2012-01-01,100.0,2013-03-21,Horsens,"Ledelsen har ansvaret for udarbejdelsen af et Ã¥rsregnskab, der giver et retvisende billede i overensstemmelse med Ã¥rsregnskabsloven. Ledelsen har endvidere ansvaret for den interne kontrol, som ledelsen anser nÃ¸dvendig for at udarbejde et Ã¥rsregnskab uden vÃ¦sentlig fejlinformation, uanset om denne skyldes besvigelser eller fejl.","Vi har i henhold til Ã¥rsregnskabsloven gennemlÃ¦st ledelsesberetningen. Vi har ikke foretaget yderligere handlinger i tillÃ¦g til den udfÃ¸rte revision af Ã¥rsregnskabet. Det er pÃ¥ denne baggrund vores opfattelse, at oplysningerne i ledelsesberetningen er i overensstemmelse med Ã¥rsregnskabet.",75629999.0,urn:ofk:oid:19633298,indberetninger-20180424,2.5122662,31586496.0,,2018-04-01T13:26:53.198Z,2013-04-05T22:00:00.000Z,regnskab,0.0,,2012-12-31,2012-01-01,13-119.806,2013-04-05T22:00:00.000Z,,,,,,,,,,,,,,,,,,,,,,,,,,,,,,,,,,,
31586496,2012-01-01,2012-12-31,c59,http://regnskaber.virk.dk/69468513/Y3ZyLmRrOi8vcGRmcy8zMTU4NjQ5NjtBcFM0MzYyMTI7MjAxMjAxMDE7MjAxMjEyMzE7UjtS.pdf,http://regnskaber.virk.dk/69468513/Y3ZyLmRrOi8veGJybHMvWC00NEUzRDIxOS0yMDEzMDQwNV8xMTA5MTZfMDE4.xml,,Danmark,8700 Horsens,SÃ¸nderbrogade 16,8700  Horsens,Vesterskovvej 39,8700 Horsens,SÃ¸nderbrogade 16,Til kapitalejeren i Mads Lauridsen Holding ApS,Regnskabsklasse B,Ãrsrapporten aflÃ¦gges i overensstemmelse med Ã¥rsregnskabsloven.,"Det er min opfattelse at Ã¥rsregnskabet giver et retvisende billede af selskabets aktiver, passiver og finansielle stilling pr. 31. december 2012 samt af resultatet af selskabets aktiviteter for regnskabsÃ¥ret 1. januar - 31. december 2012.",2013-03-21,2013-04-02,statsautoriseret revisor,ForeslÃ¥et udbytte vises som en sÃ¦rskilt post under egenkapitalen. Udbytte indregnes som en forpligtelse pÃ¥ tidspunktet for vedtagelse pÃ¥ generalforsamlingen.,Andre eksterne omkostninger omfatter omkostninger til administration m.v.,"Finansielle indtÃ¦gter og omkostninger indregnes i resultatopgÃ¸relsen med de belÃ¸b, der vedrÃ¸rer regnskabsÃ¥ret. Finansielle poster omfatter  renteindtÃ¦gter og -omkostninger samt tillÃ¦g og godtgÃ¸relse under acontoskatteordningen m.v.",100000.0,-100000.0,25802063.0,31586496.0,25802063.0,Direktionen har dags dato behandlet og godkendt Ã¥rsrapporten for 1. januar - 31. december 2012 for Mads Lauridsen Holding ApS.,"Vi har revideret Ã¥rsregnskabet for Mads Lauridsen Holding ApS for regnskabsÃ¥ret 1. januar - 31. december 2012, der omfatter anvendt regnskabspraksis, resultatopgÃ¸relse, balance, egenkapitalopgÃ¸relse og noter. Ãrsregnskabet udarbejdes efter Ã¥rsregnskabsloven.",Ãrsrapport,,Mads Lauridsen,Mads Lauridsen,Mads Lauridsen Holding ApS,Samvirkende Revisorer Statsautoriseret revisionsaktieselskab,1000.0,250.0,"Det er vores opfattelse, at Ã¥rsregnskabet giver et retvisende billede af selskabets aktiver, passiver og finansielle stilling pr. 31. december 2012 samt af resultatet af selskabets aktiviteter for regnskabsÃ¥ret 1. januar - 31. december 2012 i overensstemmelse med Ã¥rsregnskabsloven.",Horsens,TÃ¸mrerfirmaet Mads Lauridsen ApS,Horsens,2012-12-31,2012-01-01,100.0,2013-03-21,Horsens,"Ledelsen har ansvaret for udarbejdelsen af et Ã¥rsregnskab, der giver et retvisende billede i overensstemmelse med Ã¥rsregnskabsloven. Ledelsen har endvidere ansvaret for den interne kontrol, som ledelsen anser nÃ¸dvendig for at udarbejde et Ã¥rsregnskab uden vÃ¦sentlig fejlinformation, uanset om denne skyldes besvigelser eller fejl.","Vi har i henhold til Ã¥rsregnskabsloven gennemlÃ¦st ledelsesberetningen. Vi har ikke foretaget yderligere handlinger i tillÃ¦g til den udfÃ¸rte revision af Ã¥rsregnskabet. Det er pÃ¥ denne baggrund vores opfattelse, at oplysningerne i ledelsesberetningen er i overensstemmelse med Ã¥rsregnskabet.",75629999.0,urn:ofk:oid:19633298,indberetninger-20180424,2.5122662,31586496.0,,2018-04-01T13:26:53.198Z,2013-04-05T22:00:00.000Z,regnskab,0.0,,2012-12-31,2012-01-01,13-119.806,2013-04-05T22:00:00.000Z,,,,,,,,100000.0,,,,,,,,,,,,,,,,,,,,,,,,,,,
31586496,2012-01-01,2012-12-31,c72,http://regnskaber.virk.dk/69468513/Y3ZyLmRrOi8vcGRmcy8zMTU4NjQ5NjtBcFM0MzYyMTI7MjAxMjAxMDE7MjAxMjEyMzE7UjtS.pdf,http://regnskaber.virk.dk/69468513/Y3ZyLmRrOi8veGJybHMvWC00NEUzRDIxOS0yMDEzMDQwNV8xMTA5MTZfMDE4.xml,,Danmark,8700 Horsens,SÃ¸nderbrogade 16,8700  Horsens,Vesterskovvej 39,8700 Horsens,SÃ¸nderbrogade 16,Til kapitalejeren i Mads Lauridsen Holding ApS,Regnskabsklasse B,Ãrsrapporten aflÃ¦gges i overensstemmelse med Ã¥rsregnskabsloven.,"Det er min opfattelse at Ã¥rsregnskabet giver et retvisende billede af selskabets aktiver, passiver og finansielle stilling pr. 31. december 2012 samt af resultatet af selskabets aktiviteter for regnskabsÃ¥ret 1. januar - 31. december 2012.",2013-03-21,2013-04-02,statsautoriseret revisor,ForeslÃ¥et udbytte vises som en sÃ¦rskilt post under egenkapitalen. Udbytte indregnes som en forpligtelse pÃ¥ tidspunktet for vedtagelse pÃ¥ generalforsamlingen.,Andre eksterne omkostninger omfatter omkostninger til administration m.v.,"Finansielle indtÃ¦gter og omkostninger indregnes i resultatopgÃ¸relsen med de belÃ¸b, der vedrÃ¸rer regnskabsÃ¥ret. Finansielle poster omfatter  renteindtÃ¦gter og -omkostninger samt tillÃ¦g og godtgÃ¸relse under acontoskatteordningen m.v.",100000.0,-100000.0,25802063.0,31586496.0,25802063.0,Direktionen har dags dato behandlet og godkendt Ã¥rsrapporten for 1. januar - 31. december 2012 for Mads Lauridsen Holding ApS.,"Vi har revideret Ã¥rsregnskabet for Mads Lauridsen Holding ApS for regnskabsÃ¥ret 1. januar - 31. december 2012, der omfatter anvendt regnskabspraksis, resultatopgÃ¸relse, balance, egenkapitalopgÃ¸relse og noter. Ãrsregnskabet udarbejdes efter Ã¥rsregnskabsloven.",Ãrsrapport,,Mads Lauridsen,Mads Lauridsen,Mads Lauridsen Holding ApS,Samvirkende Revisorer Statsautoriseret revisionsaktieselskab,1000.0,250.0,"Det er vores opfattelse, at Ã¥rsregnskabet giver et retvisende billede af selskabets aktiver, passiver og finansielle stilling pr. 31. december 2012 samt af resultatet af selskabets aktiviteter for regnskabsÃ¥ret 1. januar - 31. december 2012 i overensstemmelse med Ã¥rsregnskabsloven.",Horsens,TÃ¸mrerfirmaet Mads Lauridsen ApS,Horsens,2012-12-31,2012-01-01,100.0,2013-03-21,Horsens,"Ledelsen har ansvaret for udarbejdelsen af et Ã¥rsregnskab, der giver et retvisende billede i overensstemmelse med Ã¥rsregnskabsloven. Ledelsen har endvidere ansvaret for den interne kontrol, som ledelsen anser nÃ¸dvendig for at udarbejde et Ã¥rsregnskab uden vÃ¦sentlig fejlinformation, uanset om denne skyldes besvigelser eller fejl.","Vi har i henhold til Ã¥rsregnskabsloven gennemlÃ¦st ledelsesberetningen. Vi har ikke foretaget yderligere handlinger i tillÃ¦g til den udfÃ¸rte revision af Ã¥rsregnskabet. Det er pÃ¥ denne baggrund vores opfattelse, at oplysningerne i ledelsesberetningen er i overensstemmelse med Ã¥rsregnskabet.",75629999.0,urn:ofk:oid:19633298,indberetninger-20180424,2.5122662,31586496.0,,2018-04-01T13:26:53.198Z,2013-04-05T22:00:00.000Z,regnskab,0.0,,2012-12-31,2012-01-01,13-119.806,2013-04-05T22:00:00.000Z,,,,,,,,-18666.0,,,,,,,,,,,,,,,,,,,,,,,,,,,
31586496,2012-01-01,2012-12-31,c78,http://regnskaber.virk.dk/69468513/Y3ZyLmRrOi8vcGRmcy8zMTU4NjQ5NjtBcFM0MzYyMTI7MjAxMjAxMDE7MjAxMjEyMzE7UjtS.pdf,http://regnskaber.virk.dk/69468513/Y3ZyLmRrOi8veGJybHMvWC00NEUzRDIxOS0yMDEzMDQwNV8xMTA5MTZfMDE4.xml,,Danmark,8700 Horsens,SÃ¸nderbrogade 16,8700  Horsens,Vesterskovvej 39,8700 Horsens,SÃ¸nderbrogade 16,Til kapitalejeren i Mads Lauridsen Holding ApS,Regnskabsklasse B,Ãrsrapporten aflÃ¦gges i overensstemmelse med Ã¥rsregnskabsloven.,"Det er min opfattelse at Ã¥rsregnskabet giver et retvisende billede af selskabets aktiver, passiver og finansielle stilling pr. 31. december 2012 samt af resultatet af selskabets aktiviteter for regnskabsÃ¥ret 1. januar - 31. december 2012.",2013-03-21,2013-04-02,statsautoriseret revisor,ForeslÃ¥et udbytte vises som en sÃ¦rskilt post under egenkapitalen. Udbytte indregnes som en forpligtelse pÃ¥ tidspunktet for vedtagelse pÃ¥ generalforsamlingen.,Andre eksterne omkostninger omfatter omkostninger til administration m.v.,"Finansielle indtÃ¦gter og omkostninger indregnes i resultatopgÃ¸relsen med de belÃ¸b, der vedrÃ¸rer regnskabsÃ¥ret. Finansielle poster omfatter  renteindtÃ¦gter og -omkostninger samt tillÃ¦g og godtgÃ¸relse under acontoskatteordningen m.v.",100000.0,-100000.0,25802063.0,31586496.0,25802063.0,Direktionen har dags dato behandlet og godkendt Ã¥rsrapporten for 1. januar - 31. december 2012 for Mads Lauridsen Holding ApS.,"Vi har revideret Ã¥rsregnskabet for Mads Lauridsen Holding ApS for regnskabsÃ¥ret 1. januar - 31. december 2012, der omfatter anvendt regnskabspraksis, resultatopgÃ¸relse, balance, egenkapitalopgÃ¸relse og noter. Ãrsregnskabet udarbejdes efter Ã¥rsregnskabsloven.",Ãrsrapport,,Mads Lauridsen,Mads Lauridsen,Mads Lauridsen Holding ApS,Samvirkende Revisorer Statsautoriseret revisionsaktieselskab,1000.0,250.0,"Det er vores opfattelse, at Ã¥rsregnskabet giver et retvisende billede af selskabets aktiver, passiver og finansielle stilling pr. 31. december 2012 samt af resultatet af selskabets aktiviteter for regnskabsÃ¥ret 1. januar - 31. december 2012 i overensstemmelse med Ã¥rsregnskabsloven.",Horsens,TÃ¸mrerfirmaet Mads Lauridsen ApS,Horsens,2012-12-31,2012-01-01,100.0,2013-03-21,Horsens,"Ledelsen har ansvaret for udarbejdelsen af et Ã¥rsregnskab, der giver et retvisende billede i overensstemmelse med Ã¥rsregnskabsloven. Ledelsen har endvidere ansvaret for den interne kontrol, som ledelsen anser nÃ¸dvendig for at udarbejde et Ã¥rsregnskab uden vÃ¦sentlig fejlinformation, uanset om denne skyldes besvigelser eller fejl.","Vi har i henhold til Ã¥rsregnskabsloven gennemlÃ¦st ledelsesberetningen. Vi har ikke foretaget yderligere handlinger i tillÃ¦g til den udfÃ¸rte revision af Ã¥rsregnskabet. Det er pÃ¥ denne baggrund vores opfattelse, at oplysningerne i ledelsesberetningen er i overensstemmelse med Ã¥rsregnskabet.",75629999.0,urn:ofk:oid:19633298,indberetninger-20180424,2.5122662,31586496.0,,2018-04-01T13:26:53.198Z,2013-04-05T22:00:00.000Z,regnskab,0.0,,2012-12-31,2012-01-01,13-119.806,2013-04-05T22:00:00.000Z,,,,,,,,,,0.0,-617000.0,-18123.0,72083.0,,,,,,,,,,,,,,,,,,,,,,
31586496,2012-01-01,2012-12-31,c914,http://regnskaber.virk.dk/69468513/Y3ZyLmRrOi8vcGRmcy8zMTU4NjQ5NjtBcFM0MzYyMTI7MjAxMjAxMDE7MjAxMjEyMzE7UjtS.pdf,http://regnskaber.virk.dk/69468513/Y3ZyLmRrOi8veGJybHMvWC00NEUzRDIxOS0yMDEzMDQwNV8xMTA5MTZfMDE4.xml,,Danmark,8700 Horsens,SÃ¸nderbrogade 16,8700  Horsens,Vesterskovvej 39,8700 Horsens,SÃ¸nderbrogade 16,Til kapitalejeren i Mads Lauridsen Holding ApS,Regnskabsklasse B,Ãrsrapporten aflÃ¦gges i overensstemmelse med Ã¥rsregnskabsloven.,"Det er min opfattelse at Ã¥rsregnskabet giver et retvisende billede af selskabets aktiver, passiver og finansielle stilling pr. 31. december 2012 samt af resultatet af selskabets aktiviteter for regnskabsÃ¥ret 1. januar - 31. december 2012.",2013-03-21,2013-04-02,statsautoriseret revisor,ForeslÃ¥et udbytte vises som en sÃ¦rskilt post under egenkapitalen. Udbytte indregnes som en forpligtelse pÃ¥ tidspunktet for vedtagelse pÃ¥ generalforsamlingen.,Andre eksterne omkostninger omfatter omkostninger til administration m.v.,"Finansielle indtÃ¦gter og omkostninger indregnes i resultatopgÃ¸relsen med de belÃ¸b, der vedrÃ¸rer regnskabsÃ¥ret. Finansielle poster omfatter  renteindtÃ¦gter og -omkostninger samt tillÃ¦g og godtgÃ¸relse under acontoskatteordningen m.v.",100000.0,-100000.0,25802063.0,31586496.0,25802063.0,Direktionen har dags dato behandlet og godkendt Ã¥rsrapporten for 1. januar - 31. december 2012 for Mads Lauridsen Holding ApS.,"Vi har revideret Ã¥rsregnskabet for Mads Lauridsen Holding ApS for regnskabsÃ¥ret 1. januar - 31. december 2012, der omfatter anvendt regnskabspraksis, resultatopgÃ¸relse, balance, egenkapitalopgÃ¸relse og noter. Ãrsregnskabet udarbejdes efter Ã¥rsregnskabsloven.",Ãrsrapport,,Mads Lauridsen,Mads Lauridsen,Mads Lauridsen Holding ApS,Samvirkende Revisorer Statsautoriseret revisionsaktieselskab,1000.0,250.0,"Det er vores opfattelse, at Ã¥rsregnskabet giver et retvisende billede af selskabets aktiver, passiver og finansielle stilling pr. 31. december 2012 samt af resultatet af selskabets aktiviteter for regnskabsÃ¥ret 1. januar - 31. december 2012 i overensstemmelse med Ã¥rsregnskabsloven.",Horsens,TÃ¸mrerfirmaet Mads Lauridsen ApS,Horsens,2012-12-31,2012-01-01,100.0,2013-03-21,Horsens,"Ledelsen har ansvaret for udarbejdelsen af et Ã¥rsregnskab, der giver et retvisende billede i overensstemmelse med Ã¥rsregnskabsloven. Ledelsen har endvidere ansvaret for den interne kontrol, som ledelsen anser nÃ¸dvendig for at udarbejde et Ã¥rsregnskab uden vÃ¦sentlig fejlinformation, uanset om denne skyldes besvigelser eller fejl.","Vi har i henhold til Ã¥rsregnskabsloven gennemlÃ¦st ledelsesberetningen. Vi har ikke foretaget yderligere handlinger i tillÃ¦g til den udfÃ¸rte revision af Ã¥rsregnskabet. Det er pÃ¥ denne baggrund vores opfattelse, at oplysningerne i ledelsesberetningen er i overensstemmelse med Ã¥rsregnskabet.",75629999.0,urn:ofk:oid:19633298,indberetninger-20180424,2.5122662,31586496.0,,2018-04-01T13:26:53.198Z,2013-04-05T22:00:00.000Z,regnskab,0.0,,2012-12-31,2012-01-01,13-119.806,2013-04-05T22:00:00.000Z,,,,,,,,72083.0,,,,,,,,,,,,,,,,,,,,,,,,,,,
31586496,2012-12-31,2012-12-31,c115,http://regnskaber.virk.dk/69468513/Y3ZyLmRrOi8vcGRmcy8zMTU4NjQ5NjtBcFM0MzYyMTI7MjAxMjAxMDE7MjAxMjEyMzE7UjtS.pdf,http://regnskaber.virk.dk/69468513/Y3ZyLmRrOi8veGJybHMvWC00NEUzRDIxOS0yMDEzMDQwNV8xMTA5MTZfMDE4.xml,,Danmark,8700 Horsens,SÃ¸nderbrogade 16,8700  Horsens,Vesterskovvej 39,8700 Horsens,SÃ¸nderbrogade 16,Til kapitalejeren i Mads Lauridsen Holding ApS,Regnskabsklasse B,Ãrsrapporten aflÃ¦gges i overensstemmelse med Ã¥rsregnskabsloven.,"Det er min opfattelse at Ã¥rsregnskabet giver et retvisende billede af selskabets aktiver, passiver og finansielle stilling pr. 31. december 2012 samt af resultatet af selskabets aktiviteter for regnskabsÃ¥ret 1. januar - 31. december 2012.",2013-03-21,2013-04-02,statsautoriseret revisor,ForeslÃ¥et udbytte vises som en sÃ¦rskilt post under egenkapitalen. Udbytte indregnes som en forpligtelse pÃ¥ tidspunktet for vedtagelse pÃ¥ generalforsamlingen.,Andre eksterne omkostninger omfatter omkostninger til administration m.v.,"Finansielle indtÃ¦gter og omkostninger indregnes i resultatopgÃ¸relsen med de belÃ¸b, der vedrÃ¸rer regnskabsÃ¥ret. Finansielle poster omfatter  renteindtÃ¦gter og -omkostninger samt tillÃ¦g og godtgÃ¸relse under acontoskatteordningen m.v.",100000.0,-100000.0,25802063.0,31586496.0,25802063.0,Direktionen har dags dato behandlet og godkendt Ã¥rsrapporten for 1. januar - 31. december 2012 for Mads Lauridsen Holding ApS.,"Vi har revideret Ã¥rsregnskabet for Mads Lauridsen Holding ApS for regnskabsÃ¥ret 1. januar - 31. december 2012, der omfatter anvendt regnskabspraksis, resultatopgÃ¸relse, balance, egenkapitalopgÃ¸relse og noter. Ãrsregnskabet udarbejdes efter Ã¥rsregnskabsloven.",Ãrsrapport,,Mads Lauridsen,Mads Lauridsen,Mads Lauridsen Holding ApS,Samvirkende Revisorer Statsautoriseret revisionsaktieselskab,1000.0,250.0,"Det er vores opfattelse, at Ã¥rsregnskabet giver et retvisende billede af selskabets aktiver, passiver og finansielle stilling pr. 31. december 2012 samt af resultatet af selskabets aktiviteter for regnskabsÃ¥ret 1. januar - 31. december 2012 i overensstemmelse med Ã¥rsregnskabsloven.",Horsens,TÃ¸mrerfirmaet Mads Lauridsen ApS,Horsens,2012-12-31,2012-01-01,100.0,2013-03-21,Horsens,"Ledelsen har ansvaret for udarbejdelsen af et Ã¥rsregnskab, der giver et retvisende billede i overensstemmelse med Ã¥rsregnskabsloven. Ledelsen har endvidere ansvaret for den interne kontrol, som ledelsen anser nÃ¸dvendig for at udarbejde et Ã¥rsregnskab uden vÃ¦sentlig fejlinformation, uanset om denne skyldes besvigelser eller fejl.","Vi har i henhold til Ã¥rsregnskabsloven gennemlÃ¦st ledelsesberetningen. Vi har ikke foretaget yderligere handlinger i tillÃ¦g til den udfÃ¸rte revision af Ã¥rsregnskabet. Det er pÃ¥ denne baggrund vores opfattelse, at oplysningerne i ledelsesberetningen er i overensstemmelse med Ã¥rsregnskabet.",75629999.0,urn:ofk:oid:19633298,indberetninger-20180424,2.5122662,31586496.0,,2018-04-01T13:26:53.198Z,2013-04-05T22:00:00.000Z,regnskab,0.0,,2012-12-31,2012-01-01,13-119.806,2013-04-05T22:00:00.000Z,,,,,,,,,,,,,,,,,,,250000.0,,,,,,,,,,,,,,,,
31586496,2012-12-31,2012-12-31,c133,http://regnskaber.virk.dk/69468513/Y3ZyLmRrOi8vcGRmcy8zMTU4NjQ5NjtBcFM0MzYyMTI7MjAxMjAxMDE7MjAxMjEyMzE7UjtS.pdf,http://regnskaber.virk.dk/69468513/Y3ZyLmRrOi8veGJybHMvWC00NEUzRDIxOS0yMDEzMDQwNV8xMTA5MTZfMDE4.xml,,Danmark,8700 Horsens,SÃ¸nderbrogade 16,8700  Horsens,Vesterskovvej 39,8700 Horsens,SÃ¸nderbrogade 16,Til kapitalejeren i Mads Lauridsen Holding ApS,Regnskabsklasse B,Ãrsrapporten aflÃ¦gges i overensstemmelse med Ã¥rsregnskabsloven.,"Det er min opfattelse at Ã¥rsregnskabet giver et retvisende billede af selskabets aktiver, passiver og finansielle stilling pr. 31. december 2012 samt af resultatet af selskabets aktiviteter for regnskabsÃ¥ret 1. januar - 31. december 2012.",2013-03-21,2013-04-02,statsautoriseret revisor,ForeslÃ¥et udbytte vises som en sÃ¦rskilt post under egenkapitalen. Udbytte indregnes som en forpligtelse pÃ¥ tidspunktet for vedtagelse pÃ¥ generalforsamlingen.,Andre eksterne omkostninger omfatter omkostninger til administration m.v.,"Finansielle indtÃ¦gter og omkostninger indregnes i resultatopgÃ¸relsen med de belÃ¸b, der vedrÃ¸rer regnskabsÃ¥ret. Finansielle poster omfatter  renteindtÃ¦gter og -omkostninger samt tillÃ¦g og godtgÃ¸relse under acontoskatteordningen m.v.",100000.0,-100000.0,25802063.0,31586496.0,25802063.0,Direktionen har dags dato behandlet og godkendt Ã¥rsrapporten for 1. januar - 31. december 2012 for Mads Lauridsen Holding ApS.,"Vi har revideret Ã¥rsregnskabet for Mads Lauridsen Holding ApS for regnskabsÃ¥ret 1. januar - 31. december 2012, der omfatter anvendt regnskabspraksis, resultatopgÃ¸relse, balance, egenkapitalopgÃ¸relse og noter. Ãrsregnskabet udarbejdes efter Ã¥rsregnskabsloven.",Ãrsrapport,,Mads Lauridsen,Mads Lauridsen,Mads Lauridsen Holding ApS,Samvirkende Revisorer Statsautoriseret revisionsaktieselskab,1000.0,250.0,"Det er vores opfattelse, at Ã¥rsregnskabet giver et retvisende billede af selskabets aktiver, passiver og finansielle stilling pr. 31. december 2012 samt af resultatet af selskabets aktiviteter for regnskabsÃ¥ret 1. januar - 31. december 2012 i overensstemmelse med Ã¥rsregnskabsloven.",Horsens,TÃ¸mrerfirmaet Mads Lauridsen ApS,Horsens,2012-12-31,2012-01-01,100.0,2013-03-21,Horsens,"Ledelsen har ansvaret for udarbejdelsen af et Ã¥rsregnskab, der giver et retvisende billede i overensstemmelse med Ã¥rsregnskabsloven. Ledelsen har endvidere ansvaret for den interne kontrol, som ledelsen anser nÃ¸dvendig for at udarbejde et Ã¥rsregnskab uden vÃ¦sentlig fejlinformation, uanset om denne skyldes besvigelser eller fejl.","Vi har i henhold til Ã¥rsregnskabsloven gennemlÃ¦st ledelsesberetningen. Vi har ikke foretaget yderligere handlinger i tillÃ¦g til den udfÃ¸rte revision af Ã¥rsregnskabet. Det er pÃ¥ denne baggrund vores opfattelse, at oplysningerne i ledelsesberetningen er i overensstemmelse med Ã¥rsregnskabet.",75629999.0,urn:ofk:oid:19633298,indberetninger-20180424,2.5122662,31586496.0,,2018-04-01T13:26:53.198Z,2013-04-05T22:00:00.000Z,regnskab,0.0,,2012-12-31,2012-01-01,13-119.806,2013-04-05T22:00:00.000Z,,,,,,,,,,,,,,,,,,,445242.0,,,,,,,,,,,,,,,,
31586496,2012-12-31,2012-12-31,c136,http://regnskaber.virk.dk/69468513/Y3ZyLmRrOi8vcGRmcy8zMTU4NjQ5NjtBcFM0MzYyMTI7MjAxMjAxMDE7MjAxMjEyMzE7UjtS.pdf,http://regnskaber.virk.dk/69468513/Y3ZyLmRrOi8veGJybHMvWC00NEUzRDIxOS0yMDEzMDQwNV8xMTA5MTZfMDE4.xml,,Danmark,8700 Horsens,SÃ¸nderbrogade 16,8700  Horsens,Vesterskovvej 39,8700 Horsens,SÃ¸nderbrogade 16,Til kapitalejeren i Mads Lauridsen Holding ApS,Regnskabsklasse B,Ãrsrapporten aflÃ¦gges i overensstemmelse med Ã¥rsregnskabsloven.,"Det er min opfattelse at Ã¥rsregnskabet giver et retvisende billede af selskabets aktiver, passiver og finansielle stilling pr. 31. december 2012 samt af resultatet af selskabets aktiviteter for regnskabsÃ¥ret 1. januar - 31. december 2012.",2013-03-21,2013-04-02,statsautoriseret revisor,ForeslÃ¥et udbytte vises som en sÃ¦rskilt post under egenkapitalen. Udbytte indregnes som en forpligtelse pÃ¥ tidspunktet for vedtagelse pÃ¥ generalforsamlingen.,Andre eksterne omkostninger omfatter omkostninger til administration m.v.,"Finansielle indtÃ¦gter og omkostninger indregnes i resultatopgÃ¸relsen med de belÃ¸b, der vedrÃ¸rer regnskabsÃ¥ret. Finansielle poster omfatter  renteindtÃ¦gter og -omkostninger samt tillÃ¦g og godtgÃ¸relse under acontoskatteordningen m.v.",100000.0,-100000.0,25802063.0,31586496.0,25802063.0,Direktionen har dags dato behandlet og godkendt Ã¥rsrapporten for 1. januar - 31. december 2012 for Mads Lauridsen Holding ApS.,"Vi har revideret Ã¥rsregnskabet for Mads Lauridsen Holding ApS for regnskabsÃ¥ret 1. januar - 31. december 2012, der omfatter anvendt regnskabspraksis, resultatopgÃ¸relse, balance, egenkapitalopgÃ¸relse og noter. Ãrsregnskabet udarbejdes efter Ã¥rsregnskabsloven.",Ãrsrapport,,Mads Lauridsen,Mads Lauridsen,Mads Lauridsen Holding ApS,Samvirkende Revisorer Statsautoriseret revisionsaktieselskab,1000.0,250.0,"Det er vores opfattelse, at Ã¥rsregnskabet giver et retvisende billede af selskabets aktiver, passiver og finansielle stilling pr. 31. december 2012 samt af resultatet af selskabets aktiviteter for regnskabsÃ¥ret 1. januar - 31. december 2012 i overensstemmelse med Ã¥rsregnskabsloven.",Horsens,TÃ¸mrerfirmaet Mads Lauridsen ApS,Horsens,2012-12-31,2012-01-01,100.0,2013-03-21,Horsens,"Ledelsen har ansvaret for udarbejdelsen af et Ã¥rsregnskab, der giver et retvisende billede i overensstemmelse med Ã¥rsregnskabsloven. Ledelsen har endvidere ansvaret for den interne kontrol, som ledelsen anser nÃ¸dvendig for at udarbejde et Ã¥rsregnskab uden vÃ¦sentlig fejlinformation, uanset om denne skyldes besvigelser eller fejl.","Vi har i henhold til Ã¥rsregnskabsloven gennemlÃ¦st ledelsesberetningen. Vi har ikke foretaget yderligere handlinger i tillÃ¦g til den udfÃ¸rte revision af Ã¥rsregnskabet. Det er pÃ¥ denne baggrund vores opfattelse, at oplysningerne i ledelsesberetningen er i overensstemmelse med Ã¥rsregnskabet.",75629999.0,urn:ofk:oid:19633298,indberetninger-20180424,2.5122662,31586496.0,,2018-04-01T13:26:53.198Z,2013-04-05T22:00:00.000Z,regnskab,0.0,,2012-12-31,2012-01-01,13-119.806,2013-04-05T22:00:00.000Z,,,,,,,,,,,,,,,,,,,100000.0,,,,,,,,,,,,,,,,
31586496,2012-12-31,2012-12-31,c226,http://regnskaber.virk.dk/69468513/Y3ZyLmRrOi8vcGRmcy8zMTU4NjQ5NjtBcFM0MzYyMTI7MjAxMjAxMDE7MjAxMjEyMzE7UjtS.pdf,http://regnskaber.virk.dk/69468513/Y3ZyLmRrOi8veGJybHMvWC00NEUzRDIxOS0yMDEzMDQwNV8xMTA5MTZfMDE4.xml,,Danmark,8700 Horsens,SÃ¸nderbrogade 16,8700  Horsens,Vesterskovvej 39,8700 Horsens,SÃ¸nderbrogade 16,Til kapitalejeren i Mads Lauridsen Holding ApS,Regnskabsklasse B,Ãrsrapporten aflÃ¦gges i overensstemmelse med Ã¥rsregnskabsloven.,"Det er min opfattelse at Ã¥rsregnskabet giver et retvisende billede af selskabets aktiver, passiver og finansielle stilling pr. 31. december 2012 samt af resultatet af selskabets aktiviteter for regnskabsÃ¥ret 1. januar - 31. december 2012.",2013-03-21,2013-04-02,statsautoriseret revisor,ForeslÃ¥et udbytte vises som en sÃ¦rskilt post under egenkapitalen. Udbytte indregnes som en forpligtelse pÃ¥ tidspunktet for vedtagelse pÃ¥ generalforsamlingen.,Andre eksterne omkostninger omfatter omkostninger til administration m.v.,"Finansielle indtÃ¦gter og omkostninger indregnes i resultatopgÃ¸relsen med de belÃ¸b, der vedrÃ¸rer regnskabsÃ¥ret. Finansielle poster omfatter  renteindtÃ¦gter og -omkostninger samt tillÃ¦g og godtgÃ¸relse under acontoskatteordningen m.v.",100000.0,-100000.0,25802063.0,31586496.0,25802063.0,Direktionen har dags dato behandlet og godkendt Ã¥rsrapporten for 1. januar - 31. december 2012 for Mads Lauridsen Holding ApS.,"Vi har revideret Ã¥rsregnskabet for Mads Lauridsen Holding ApS for regnskabsÃ¥ret 1. januar - 31. december 2012, der omfatter anvendt regnskabspraksis, resultatopgÃ¸relse, balance, egenkapitalopgÃ¸relse og noter. Ãrsregnskabet udarbejdes efter Ã¥rsregnskabsloven.",Ãrsrapport,,Mads Lauridsen,Mads Lauridsen,Mads Lauridsen Holding ApS,Samvirkende Revisorer Statsautoriseret revisionsaktieselskab,1000.0,250.0,"Det er vores opfattelse, at Ã¥rsregnskabet giver et retvisende billede af selskabets aktiver, passiver og finansielle stilling pr. 31. december 2012 samt af resultatet af selskabets aktiviteter for regnskabsÃ¥ret 1. januar - 31. december 2012 i overensstemmelse med Ã¥rsregnskabsloven.",Horsens,TÃ¸mrerfirmaet Mads Lauridsen ApS,Horsens,2012-12-31,2012-01-01,100.0,2013-03-21,Horsens,"Ledelsen har ansvaret for udarbejdelsen af et Ã¥rsregnskab, der giver et retvisende billede i overensstemmelse med Ã¥rsregnskabsloven. Ledelsen har endvidere ansvaret for den interne kontrol, som ledelsen anser nÃ¸dvendig for at udarbejde et Ã¥rsregnskab uden vÃ¦sentlig fejlinformation, uanset om denne skyldes besvigelser eller fejl.","Vi har i henhold til Ã¥rsregnskabsloven gennemlÃ¦st ledelsesberetningen. Vi har ikke foretaget yderligere handlinger i tillÃ¦g til den udfÃ¸rte revision af Ã¥rsregnskabet. Det er pÃ¥ denne baggrund vores opfattelse, at oplysningerne i ledelsesberetningen er i overensstemmelse med Ã¥rsregnskabet.",75629999.0,urn:ofk:oid:19633298,indberetninger-20180424,2.5122662,31586496.0,,2018-04-01T13:26:53.198Z,2013-04-05T22:00:00.000Z,regnskab,0.0,,2012-12-31,2012-01-01,13-119.806,2013-04-05T22:00:00.000Z,,,,,,,,,,,,,,,,,,,,,,,,,,,,,,,,,,,
31586496,2012-12-31,2012-12-31,c75,http://regnskaber.virk.dk/69468513/Y3ZyLmRrOi8vcGRmcy8zMTU4NjQ5NjtBcFM0MzYyMTI7MjAxMjAxMDE7MjAxMjEyMzE7UjtS.pdf,http://regnskaber.virk.dk/69468513/Y3ZyLmRrOi8veGJybHMvWC00NEUzRDIxOS0yMDEzMDQwNV8xMTA5MTZfMDE4.xml,,Danmark,8700 Horsens,SÃ¸nderbrogade 16,8700  Horsens,Vesterskovvej 39,8700 Horsens,SÃ¸nderbrogade 16,Til kapitalejeren i Mads Lauridsen Holding ApS,Regnskabsklasse B,Ãrsrapporten aflÃ¦gges i overensstemmelse med Ã¥rsregnskabsloven.,"Det er min opfattelse at Ã¥rsregnskabet giver et retvisende billede af selskabets aktiver, passiver og finansielle stilling pr. 31. december 2012 samt af resultatet af selskabets aktiviteter for regnskabsÃ¥ret 1. januar - 31. december 2012.",2013-03-21,2013-04-02,statsautoriseret revisor,ForeslÃ¥et udbytte vises som en sÃ¦rskilt post under egenkapitalen. Udbytte indregnes som en forpligtelse pÃ¥ tidspunktet for vedtagelse pÃ¥ generalforsamlingen.,Andre eksterne omkostninger omfatter omkostninger til administration m.v.,"Finansielle indtÃ¦gter og omkostninger indregnes i resultatopgÃ¸relsen med de belÃ¸b, der vedrÃ¸rer regnskabsÃ¥ret. Finansielle poster omfatter  renteindtÃ¦gter og -omkostninger samt tillÃ¦g og godtgÃ¸relse under acontoskatteordningen m.v.",100000.0,-100000.0,25802063.0,31586496.0,25802063.0,Direktionen har dags dato behandlet og godkendt Ã¥rsrapporten for 1. januar - 31. december 2012 for Mads Lauridsen Holding ApS.,"Vi har revideret Ã¥rsregnskabet for Mads Lauridsen Holding ApS for regnskabsÃ¥ret 1. januar - 31. december 2012, der omfatter anvendt regnskabspraksis, resultatopgÃ¸relse, balance, egenkapitalopgÃ¸relse og noter. Ãrsregnskabet udarbejdes efter Ã¥rsregnskabsloven.",Ãrsrapport,,Mads Lauridsen,Mads Lauridsen,Mads Lauridsen Holding ApS,Samvirkende Revisorer Statsautoriseret revisionsaktieselskab,1000.0,250.0,"Det er vores opfattelse, at Ã¥rsregnskabet giver et retvisende billede af selskabets aktiver, passiver og finansielle stilling pr. 31. december 2012 samt af resultatet af selskabets aktiviteter for regnskabsÃ¥ret 1. januar - 31. december 2012 i overensstemmelse med Ã¥rsregnskabsloven.",Horsens,TÃ¸mrerfirmaet Mads Lauridsen ApS,Horsens,2012-12-31,2012-01-01,100.0,2013-03-21,Horsens,"Ledelsen har ansvaret for udarbejdelsen af et Ã¥rsregnskab, der giver et retvisende billede i overensstemmelse med Ã¥rsregnskabsloven. Ledelsen har endvidere ansvaret for den interne kontrol, som ledelsen anser nÃ¸dvendig for at udarbejde et Ã¥rsregnskab uden vÃ¦sentlig fejlinformation, uanset om denne skyldes besvigelser eller fejl.","Vi har i henhold til Ã¥rsregnskabsloven gennemlÃ¦st ledelsesberetningen. Vi har ikke foretaget yderligere handlinger i tillÃ¦g til den udfÃ¸rte revision af Ã¥rsregnskabet. Det er pÃ¥ denne baggrund vores opfattelse, at oplysningerne i ledelsesberetningen er i overensstemmelse med Ã¥rsregnskabet.",75629999.0,urn:ofk:oid:19633298,indberetninger-20180424,2.5122662,31586496.0,,2018-04-01T13:26:53.198Z,2013-04-05T22:00:00.000Z,regnskab,0.0,,2012-12-31,2012-01-01,13-119.806,2013-04-05T22:00:00.000Z,,,,,,,,,,,,,,800242.0,561.0,250000.0,657967.0,0.0,795242.0,800242.0,5000.0,142275.0,142275.0,142275.0,5000.0,636038.0,100000.0,445242.0,5000.0,0.0,657406.0,0.0,21368.0,,
31586496,2012-12-31,2012-12-31,c80,http://regnskaber.virk.dk/69468513/Y3ZyLmRrOi8vcGRmcy8zMTU4NjQ5NjtBcFM0MzYyMTI7MjAxMjAxMDE7MjAxMjEyMzE7UjtS.pdf,http://regnskaber.virk.dk/69468513/Y3ZyLmRrOi8veGJybHMvWC00NEUzRDIxOS0yMDEzMDQwNV8xMTA5MTZfMDE4.xml,17275.0,Danmark,8700 Horsens,SÃ¸nderbrogade 16,8700  Horsens,Vesterskovvej 39,8700 Horsens,SÃ¸nderbrogade 16,Til kapitalejeren i Mads Lauridsen Holding ApS,Regnskabsklasse B,Ãrsrapporten aflÃ¦gges i overensstemmelse med Ã¥rsregnskabsloven.,"Det er min opfattelse at Ã¥rsregnskabet giver et retvisende billede af selskabets aktiver, passiver og finansielle stilling pr. 31. december 2012 samt af resultatet af selskabets aktiviteter for regnskabsÃ¥ret 1. januar - 31. december 2012.",2013-03-21,2013-04-02,statsautoriseret revisor,ForeslÃ¥et udbytte vises som en sÃ¦rskilt post under egenkapitalen. Udbytte indregnes som en forpligtelse pÃ¥ tidspunktet for vedtagelse pÃ¥ generalforsamlingen.,Andre eksterne omkostninger omfatter omkostninger til administration m.v.,"Finansielle indtÃ¦gter og omkostninger indregnes i resultatopgÃ¸relsen med de belÃ¸b, der vedrÃ¸rer regnskabsÃ¥ret. Finansielle poster omfatter  renteindtÃ¦gter og -omkostninger samt tillÃ¦g og godtgÃ¸relse under acontoskatteordningen m.v.",100000.0,-100000.0,25802063.0,31586496.0,25802063.0,Direktionen har dags dato behandlet og godkendt Ã¥rsrapporten for 1. januar - 31. december 2012 for Mads Lauridsen Holding ApS.,"Vi har revideret Ã¥rsregnskabet for Mads Lauridsen Holding ApS for regnskabsÃ¥ret 1. januar - 31. december 2012, der omfatter anvendt regnskabspraksis, resultatopgÃ¸relse, balance, egenkapitalopgÃ¸relse og noter. Ãrsregnskabet udarbejdes efter Ã¥rsregnskabsloven.",Ãrsrapport,125000.0,Mads Lauridsen,Mads Lauridsen,Mads Lauridsen Holding ApS,Samvirkende Revisorer Statsautoriseret revisionsaktieselskab,1000.0,250.0,"Det er vores opfattelse, at Ã¥rsregnskabet giver et retvisende billede af selskabets aktiver, passiver og finansielle stilling pr. 31. december 2012 samt af resultatet af selskabets aktiviteter for regnskabsÃ¥ret 1. januar - 31. december 2012 i overensstemmelse med Ã¥rsregnskabsloven.",Horsens,TÃ¸mrerfirmaet Mads Lauridsen ApS,Horsens,2012-12-31,2012-01-01,100.0,2013-03-21,Horsens,"Ledelsen har ansvaret for udarbejdelsen af et Ã¥rsregnskab, der giver et retvisende billede i overensstemmelse med Ã¥rsregnskabsloven. Ledelsen har endvidere ansvaret for den interne kontrol, som ledelsen anser nÃ¸dvendig for at udarbejde et Ã¥rsregnskab uden vÃ¦sentlig fejlinformation, uanset om denne skyldes besvigelser eller fejl.","Vi har i henhold til Ã¥rsregnskabsloven gennemlÃ¦st ledelsesberetningen. Vi har ikke foretaget yderligere handlinger i tillÃ¦g til den udfÃ¸rte revision af Ã¥rsregnskabet. Det er pÃ¥ denne baggrund vores opfattelse, at oplysningerne i ledelsesberetningen er i overensstemmelse med Ã¥rsregnskabet.",75629999.0,urn:ofk:oid:19633298,indberetninger-20180424,2.5122662,31586496.0,,2018-04-01T13:26:53.198Z,2013-04-05T22:00:00.000Z,regnskab,0.0,,2012-12-31,2012-01-01,13-119.806,2013-04-05T22:00:00.000Z,,,,,,,,,,,,,,,,,,,,,,142275.0,,,,,,,,,,,,,
31586496,2012-12-31,2012-12-31,c933,http://regnskaber.virk.dk/69468513/Y3ZyLmRrOi8vcGRmcy8zMTU4NjQ5NjtBcFM0MzYyMTI7MjAxMjAxMDE7MjAxMjEyMzE7UjtS.pdf,http://regnskaber.virk.dk/69468513/Y3ZyLmRrOi8veGJybHMvWC00NEUzRDIxOS0yMDEzMDQwNV8xMTA5MTZfMDE4.xml,,Danmark,8700 Horsens,SÃ¸nderbrogade 16,8700  Horsens,Vesterskovvej 39,8700 Horsens,SÃ¸nderbrogade 16,Til kapitalejeren i Mads Lauridsen Holding ApS,Regnskabsklasse B,Ãrsrapporten aflÃ¦gges i overensstemmelse med Ã¥rsregnskabsloven.,"Det er min opfattelse at Ã¥rsregnskabet giver et retvisende billede af selskabets aktiver, passiver og finansielle stilling pr. 31. december 2012 samt af resultatet af selskabets aktiviteter for regnskabsÃ¥ret 1. januar - 31. december 2012.",2013-03-21,2013-04-02,statsautoriseret revisor,ForeslÃ¥et udbytte vises som en sÃ¦rskilt post under egenkapitalen. Udbytte indregnes som en forpligtelse pÃ¥ tidspunktet for vedtagelse pÃ¥ generalforsamlingen.,Andre eksterne omkostninger omfatter omkostninger til administration m.v.,"Finansielle indtÃ¦gter og omkostninger indregnes i resultatopgÃ¸relsen med de belÃ¸b, der vedrÃ¸rer regnskabsÃ¥ret. Finansielle poster omfatter  renteindtÃ¦gter og -omkostninger samt tillÃ¦g og godtgÃ¸relse under acontoskatteordningen m.v.",100000.0,-100000.0,25802063.0,31586496.0,25802063.0,Direktionen har dags dato behandlet og godkendt Ã¥rsrapporten for 1. januar - 31. december 2012 for Mads Lauridsen Holding ApS.,"Vi har revideret Ã¥rsregnskabet for Mads Lauridsen Holding ApS for regnskabsÃ¥ret 1. januar - 31. december 2012, der omfatter anvendt regnskabspraksis, resultatopgÃ¸relse, balance, egenkapitalopgÃ¸relse og noter. Ãrsregnskabet udarbejdes efter Ã¥rsregnskabsloven.",Ãrsrapport,,Mads Lauridsen,Mads Lauridsen,Mads Lauridsen Holding ApS,Samvirkende Revisorer Statsautoriseret revisionsaktieselskab,1000.0,250.0,"Det er vores opfattelse, at Ã¥rsregnskabet giver et retvisende billede af selskabets aktiver, passiver og finansielle stilling pr. 31. december 2012 samt af resultatet af selskabets aktiviteter for regnskabsÃ¥ret 1. januar - 31. december 2012 i overensstemmelse med Ã¥rsregnskabsloven.",Horsens,TÃ¸mrerfirmaet Mads Lauridsen ApS,Horsens,2012-12-31,2012-01-01,100.0,2013-03-21,Horsens,"Ledelsen har ansvaret for udarbejdelsen af et Ã¥rsregnskab, der giver et retvisende billede i overensstemmelse med Ã¥rsregnskabsloven. Ledelsen har endvidere ansvaret for den interne kontrol, som ledelsen anser nÃ¸dvendig for at udarbejde et Ã¥rsregnskab uden vÃ¦sentlig fejlinformation, uanset om denne skyldes besvigelser eller fejl.","Vi har i henhold til Ã¥rsregnskabsloven gennemlÃ¦st ledelsesberetningen. Vi har ikke foretaget yderligere handlinger i tillÃ¦g til den udfÃ¸rte revision af Ã¥rsregnskabet. Det er pÃ¥ denne baggrund vores opfattelse, at oplysningerne i ledelsesberetningen er i overensstemmelse med Ã¥rsregnskabet.",75629999.0,urn:ofk:oid:19633298,indberetninger-20180424,2.5122662,31586496.0,,2018-04-01T13:26:53.198Z,2013-04-05T22:00:00.000Z,regnskab,0.0,,2012-12-31,2012-01-01,13-119.806,2013-04-05T22:00:00.000Z,,,,,,,,,,,,,,,,,,,142275.0,,,,,,,,,,,,,,,,
